9
cycleway=shared_lane
212
712200195
1280765449
251520528
1215342609
729397777
250647060
1269972507
1305383452
1106665506
709436451
1280765476
1263931941
764993575
1269976617
1165293102
738186288
1280827440
116014645
729921078
710954551
520740411
1338291265
1262598212
729397828
248791621
1126015052
742003277
1330356304
1107513425
1123233875
738186836
738186839
721538135
249436249
247449178
1308382298
249413724
251989597
729860192
724765281
251574370
1268333156
1339404902
1346997363
101588596
760848510
206155903
1108960898
1331817090
1280765572
1308382341
747846282
1123233932
1279271565
1330356366
248577167
812707476
142236827
251838108
100254877
1126118044
1262226079
764639904
1215343263
190647452
248576163
250734757
1106664103
99343528
250643625
1265372328
520740532
198440116
1326933176
253117627
253269693
1266037951
1262598335
250728132
251775688
1308408010
186066124
1106662604
208778444
1299429580
1108882128
1279946961
1305397457
1305397460
251769044
1330356438
1309535960
116039388
185838301
247448798
224868572
729397984
247448801
1106664676
1308382439
867504359
812707563
1108961006
1339035890
1126015229
185839358
714519809
141785857
1117519107
248432901
142693132
1331817231
185522960
1267897619
210674963
206195992
638721828
185951525
712112422
1108961275
1331817256
249197868
724871980
1299429679
724860723
251031861
720058167
729357112
954702650
212838203
1117519164
1108961089
1331779905
210757445
1299429714
115509589
250718037
251031895
1267897688
1299127129
249493337
208772955
115509596
229546330
738187094
198440290
848010595
253269858
432596839
1072128877
954702704
1331790192
116019570
1262329715
1123234169
1263931769
1262329723
765343611
711049597
520740222
171103614
1262598016
722371964
723395460
1106663812
248700806
1262194567
1299429769
729397642
1267897229
764647825
1108961169
1123359123
215957909
252416406
738182550
171103647
250096544
432689572
722515365
252022187
251948973
760848301
1262598065
714588088
248458680
206161337
1123234235
99308992
1279963584
215939008
719527366
251774411
384860107
1108882891
1299766732
259484111
812369882
259444187
250643420
259427804
1331780059
1106663903
723359706
115938785
1305375710
714519523
710953953
729328616
1263508463
712200186
1106662907
share_taxi=*
212
252416515
251615237
251835399
1280827400
729892361
799908875
1330364942
1280827409
1280827415
208707608
1300829719
1331816986
101481499
1269972512
743390760
1106665004
1108961325
1269972526
654378545
712200243
253237300
1123234366
743390271
729338431
738166853
760848454
1262598221
812701776
738166867
251989588
1106665043
1123234395
1108882014
729397855
714588256
738183777
1331817058
738186851
1339404900
747846243
1266165353
1262598254
737084015
248575089
250647665
1265372273
253117556
1106663029
765343863
1269972599
520740473
252744187
148188287
729397888
249415301
250090121
1330356369
654288531
729397908
259446933
250090135
729397912
729397913
747846295
615989912
1266165411
1108960932
654288554
251504811
185960621
729313454
1266037943
1262598336
248441025
26062535
132860105
712287434
1266165451
1262598345
1280919245
250640586
1279946960
1305397457
1280919249
716309717
247448795
615989979
737084131
250714853
251520230
1108882149
234662122
1280919275
724871920
723742460
1280749820
1339035904
1309535488
234665729
254347009
132860164
251838214
1309536007
799908859
1279974154
248459020
1340422417
116031761
1266165527
760530712
248397595
712200475
250371357
1331817244
723358495
720188705
1299429667
251877670
720188713
762497834
724871979
116031790
195735861
250713910
714588984
724871993
215892283
729892156
140664132
223941956
812369735
115962183
250717002
1123234127
730077009
1309535571
730148180
723359066
249493339
115504986
1072128862
722515296
253265250
536546148
250734444
723395437
1072128877
1299931504
251615091
251838325
251633014
867504502
249197944
719489401
1263931767
1264458102
738182524
198440309
1263931265
251520386
1280746371
1106665350
722515335
1264458118
1126015368
251877766
249559949
1267897742
248187790
251031952
1299766675
1262194580
1262329756
206161309
1123234210
99308964
181496742
716315049
250733994
132863401
714400172
1308382124
1331780017
1341494198
250717623
1309535673
253107130
712112569
520740282
760856513
249286090
1330356172
240143820
201145296
799908829
251633118
253267936
1308382178
115402211
1269972452
1331790309
1268333030
720111588
720058338
743390696
712112106
1123211756
1030751215
730184693
1269352955
252024828
741988863
cycleway=share_busway
212
1326933505
250717698
115954180
250371079
1270688780
253237269
226387479
223957528
1308382233
1215343130
1268333081
1308382748
223889949
185521180
1215342626
250715170
1345206822
1265372200
1305383466
1108961323
251032106
253237297
253237301
1268333113
115956796
250574909
250372158
234655294
711247427
186049093
250648647
234655306
738186829
140220495
250760272
1269976657
206155858
1117518422
714588249
1215342684
730184797
1106663006
742003297
1108961381
249415271
1117518449
1263995507
1106662516
1299417204
223894646
116020341
1265171065
1266037882
1309535355
1107515513
812701820
1106665086
1257245312
148188288
729351299
251843205
250644614
1266165381
100253322
206385292
1309535373
1107499661
1279271567
250734224
250090131
253117589
1262226069
723358873
520740508
1123233948
208789665
250373283
729313445
206245030
1106665641
747047084
250648236
724871854
1280456365
101482673
1279695539
150564534
250643638
738166972
251572927
251900607
1311210687
251520197
251775686
206243017
729313483
1262598350
729351377
1308408017
1106664155
1266037983
729328864
1108961503
1309535458
615989986
252021476
226005224
1263931626
729986284
1268333295
1108961007
733458161
709656819
1126015229
711089920
250929921
741988612
1215342853
739413254
743390470
1309535498
132860177
1308408083
1117519123
253107478
1126015259
249493276
1106760476
248395547
1106663201
729919780
738187047
249493287
1340422442
142211370
248397613
1278907183
1262339377
712286515
208710454
432678205
729357118
249493313
206153539
1308382532
250736454
1265221456
1331817297
1308382545
250735959
115504985
738187098
1106663258
722515293
1108882782
1299169631
1262597987
738182500
251632996
1338388328
1262597994
1106663277
1215343473
253271922
246781811
171103602
185519477
1264458103
223901051
1267897726
248632193
148165506
248700808
503697289
1285540234
722352521
1117563273
711248271
206161296
763371921
141777299
711247767
1309535640
1331790235
1123359138
132863401
248458672
206161337
1309535675
251835835
1123234236
747054013
714520000
252030401
1331780037
206196168
249795531
1331790285
148953047
1299766744
249795545
812369884
724848094
1299766753
1306856420
742003177
251032558
250638319
1331790322
250644473
712200186
729986555
route=share_taxi
212
765343744
714520578
1309535756
1308382223
724842513
716214802
1310940694
1331780125
721538081
249315365
251032102
1262598183
1262598190
712200243
1262598196
789294646
1108864567
812701750
1268333115
247943743
1308382789
723395142
1331817030
729397840
1263995474
1300785746
1330356309
1215343702
1308382296
812701786
101481567
1299941989
1309535335
1117518440
1106662505
432697962
253117549
1309535343
716116082
747846260
1106663029
1106664052
812707447
1308382329
716116090
148188282
1106560636
1308382334
206161023
520740480
812707458
1263932036
1117518980
1308382343
1308382203
1117518986
764921995
250734737
741989012
251844760
712200346
1300777627
1266165402
1299417244
714520734
1123233950
247448732
1263932065
132839075
224905893
742003366
1266037926
253117607
738166949
1279946924
747846317
252201134
1280456365
132839088
1267897520
1331817139
142232245
150564534
253117622
208621749
250714298
1340461755
251504828
729313470
724764862
1309535936
1326933185
132870858
1309535437
1267897552
1266165456
251503830
253107416
1299429598
234662114
234662121
1266037994
1309535979
536682221
733458157
722372850
1340461813
1341735670
1104769271
1345206521
1340461307
1276540156
250929917
716309760
249285381
1267897605
654425864
730184969
1340461834
848009994
251878158
954702607
210674964
1107523862
151236888
248395544
259427610
1108961273
142211362
720096546
250713894
720188718
142439731
723767092
208710452
223943478
1123234104
1308382524
248459073
1117519172
1299931464
1262597962
848010059
714588492
1296501581
115504973
711248207
148170576
251877710
1109418322
1126015314
249197916
223941980
252745568
1108882785
765343586
714589030
1267897199
185519476
1308382582
1262329718
144130940
1108961148
729397638
729921415
714520970
729397645
1331790222
1331790221
729919889
1299766677
198440345
223907737
716116383
384860065
251518375
1106664362
729328555
248458668
1106663857
1106664883
760848307
1262329788
1326933437
722515390
1106662847
432681917
760856514
1030751180
248575952
738184146
253108185
1269972442
1123234269
1305375710
251032031
1269972448
1123164642
710952419
1106663906
1108961253
724848099
1262693863
1263931874
1273237993
712112622
1312562671
1269972464
251520504
722372089
729986554
1269972475
amenity=boat_sharing
212
195885569
223945734
729892361
742003212
720058381
716233229
867504657
1267897364
249590810
226457626
1311362080
1305383456
1266165280
1265170980
251633189
432676902
234655274
1072097323
1330356268
185484333
1269972522
207136816
1339404851
723742777
234655290
250648634
1072097341
1266165312
1262598210
1263931459
1331817029
250641477
1280765513
520740426
116191820
249795661
250760272
1309535317
765343831
1308382812
764993630
249413728
251574370
712200297
1347006058
250734703
1309535343
115402353
250717296
250647665
1280765551
1299417205
251948150
250737269
799918712
148188282
1330356347
1262175354
1280765568
1278902914
250090117
150538886
150538887
712162437
1278902921
1263932043
253117579
1266037902
743390351
1262598289
1108882066
1339404949
615989912
251503771
654273187
1330356388
1299417251
150546599
1266165421
253267630
253267636
208621750
1262598327
116036794
1326933185
250645701
615989958
716313285
206385353
1309535948
208778447
1268333265
867504339
1346890964
1266165463
729397983
253265124
1117519079
247448812
1267897580
1266165486
226387183
1107523825
723359988
1106760442
1104747266
1215343363
250093829
1280919302
1280919304
1117518602
1278832907
1308408074
716309774
730184974
1299429647
116192017
723358994
185839375
248397590
150731549
223931678
151231776
1345205537
1106663721
1331817260
251031854
1309535541
1263931705
812716860
1106760510
1117519166
1106662720
432678206
711049538
738187075
1300775746
1299429701
1126015301
729351506
250371410
1331817301
1299766614
1265221464
738182495
1262597985
111381857
148174696
724739440
1264458097
1262329714
1107523955
711247735
251520375
1126015353
1117519226
1264167801
141779325
251842941
249197952
1123234180
1123359110
148217226
148165517
1126015373
1280456592
1331779985
729357207
723360151
1030751132
1343596957
760854941
181496736
1331790240
250096544
1339405216
722372001
252025765
1263931302
1123359143
714519974
248458666
760848298
1106663852
1299913133
1331780014
520740275
719527347
250646451
1302746039
1308382647
1263931321
206161339
1340461500
384860093
1106662850
1308382151
1108882375
710952393
1299766730
722372043
206196172
729351117
712112598
799908828
718065632
1309535202
1308382181
1312562666
251032555
1299766775
1123234298
amenity=car_sharing
212
760848385
654324226
1126117892
1305390597
185482249
250371083
761253391
154786831
116038160
1123234321
1279555603
185521171
384860177
1330356240
1108098071
799908887
1309535764
1270688795
1309535261
1310940704
208707616
1280827425
730147877
1263931943
1107513391
742003247
1106662972
1108864573
250372158
724871745
185512513
1269976642
720079866
1262693957
26061895
1106662473
1126015050
1299417165
724748366
714519631
738166864
1262598225
1106664531
1300785749
738186846
1215342687
1269976672
712200186
1266037859
259427941
251783787
1341735532
251837040
229534322
249415284
223971957
1308382330
1330356349
615989887
1257245312
760848516
206242952
1308382344
747846282
1108961419
1278902922
431359118
760848528
1339404945
1341735570
520740499
1266037908
206385297
1340461715
1330356375
208765078
723395223
729397918
760848549
247448745
150546601
747047085
1309535408
1257245363
208625333
1266037942
1331817149
1299417278
738166986
739413199
1305397456
1126015185
196248785
714519249
1330356443
251520219
1265372383
760530656
1126015201
716309730
1339035874
150536415
760530663
739413227
250718451
1308408051
743390453
1331817203
654288630
741988600
250715385
254347008
1276540164
226387205
1030766343
1331817225
248459024
223916820
250734359
206195991
1107523866
739413275
248397595
99308831
724371231
723358503
1108882733
142233392
723767088
1106663734
1309535543
812703545
251031866
729351483
251768634
812703551
251835717
711050056
714589003
1299931467
1267980623
223924050
1106915157
249197910
250728798
249197922
150538597
195735912
1326933354
1331779947
1262329707
240147822
1123359087
1262778736
737084275
1123359094
115505015
251840887
226387831
1263931774
171103616
252022144
714589058
1265221507
171103625
249559949
1123359121
361412497
248187796
760853913
1300738458
1331779996
1331790239
251633058
911743909
1117518758
148216744
1331790248
1278900138
1126015404
1106663854
729892272
1331780018
1299913140
1308382646
248458686
248458688
1123164610
253107652
1123359174
1308382151
1340461510
1117518796
812369870
1123211727
1106665424
252022736
251949519
1330357718
1308382168
115934171
148953051
1306856419
142213094
251633133
1309535216
711248368
1270688755
1263995380
1326933496
1330356218
724842492
amenity=car_rental
212
250736128
249591300
1297298948
1280827398
1311362057
1126117905
185521170
1106665493
743390742
208707605
253237274
1106664475
223889949
1280827423
730147362
1269972516
1265170980
251032102
1300750885
1269976615
115402281
1305390641
1106665524
1269972534
724871735
1305390646
1280765497
866829371
1330356289
223894595
1108961352
251989577
1331817034
1309535304
1268333134
729397840
223894608
1257245268
1340461655
714588249
1106663002
1269594723
253117547
1308382827
1347006063
1280765564
247944318
1308382337
247944323
249415299
144484995
729397894
812701829
1266165379
760848521
1106665610
249415306
1262598284
738166930
206385300
1263932052
1339404951
259443354
251838108
206245021
101582495
1107499680
615989919
764639904
117380263
654288551
1339404970
723395243
1108882605
237698734
1268333229
250646711
247448761
251572926
1267897535
812701892
723359432
247448777
206243017
250640586
1106664653
150538961
739413203
716309719
1339035868
1126118112
716309728
110344419
1280919269
730184933
1280456423
208621802
1106664174
226387183
1106663665
1266165496
1108882680
1106662650
1107523837
716309759
250929920
1346795266
251520771
733458182
1309535496
116031753
1263931660
714588944
723395344
712200464
711248147
1331817239
1308408089
150731549
1265221407
251823401
1278832938
250087726
251520817
714519860
116037431
1126015287
1300775745
738188100
730147655
1267980620
1126015309
654307148
1106915148
1126015314
714520919
1299129177
1108882777
1262597992
198440305
253269875
768260981
181496693
1276548470
259443065
1301476219
716116348
248459133
195885438
760854007
1262329734
722515334
722515336
1300949896
1264458122
99308938
1108961165
1324503439
760856465
250096534
251032471
1299766681
190627227
1324503452
1117519263
117377952
250735520
251032480
1308382116
1306862505
1126015402
250643372
722515374
765343662
1280746417
1300624307
1306862517
1330356152
1215343546
760856509
1341494206
1263931326
654389696
253107649
224903103
132863424
251032006
1106664904
240143822
1309535699
729919446
1331780058
1309535196
812369884
249795550
1312562655
248419294
1267897313
1296577503
250087400
1117518825
252020712
520740331
1331780077
742003184
1309535728
729986546
1106662900
716014581
1311362039
1263931897
1262598141
amenity=car_pooling
212
1326933505
720079874
249314819
251032069
249591302
765343754
716014605
185521177
1262598169
226387485
1305383456
1340461601
1305390627
714588708
1263995428
1269972517
223957544
1300579368
716214830
1330356270
207136816
1308382254
248459315
1108098100
1263931450
799908923
1330356285
251989571
248632391
253237320
186049095
251989575
251520588
1108960849
482756179
431360084
723358808
714520665
1123234393
249413727
253237346
253117539
746912356
1126015077
1266165351
1106664040
248532585
1262598254
1308382318
1106665073
1299417202
1108960886
251840633
742003324
1262175364
1266165381
812701831
1345207432
1123233929
1106662538
141783183
1268333219
249590436
1126015144
1106664619
253117615
1123233967
206245039
654306992
1106664628
1309535925
1265171129
615989948
1266165437
738166974
1266165436
1266037952
711248061
716313282
1299417284
716313287
100250827
1215342797
1346890961
1126118098
26062546
253270741
253265109
1267897559
253265111
1341735637
1106665178
1309535446
1104769244
520740567
251769055
1308382432
710953185
1266037986
760530660
1339035877
140214502
1117518570
251524335
253117681
1266038006
247431421
150538494
251838209
654288643
1308408067
248432901
723742469
117379847
148651272
251950342
724871947
738187022
1276540174
1106663191
1126118167
195735833
1278832921
1106760472
1263931676
223931678
249493288
252194089
1126015277
1108961070
250735411
1104700212
1340422452
212838200
1299429689
249197884
1215343427
1106662727
867504457
1126015306
730148172
1265221458
223925074
251632982
866851671
1279674712
812369757
741988702
1299169631
1123359072
1126015332
240147815
253269864
1331790189
1326933362
252746100
1264458101
1331779959
1215342969
1123234174
1309535614
761253246
760853886
1264458114
206113163
148179346
1123359125
738182551
1262598043
1117518748
760848285
1262194592
171103649
1117519265
1123359143
716315047
1123359144
724402602
719489454
384860079
1106662835
1262329780
251633077
384860087
743390647
1106662842
1123211709
729328574
711247807
812369855
1308382150
148978121
384860107
186054092
150539726
1108882382
253269454
252103125
251615194
251633115
1215343580
724842461
1305375710
1108961250
195885543
251032041
1123211757
259444207
1300768757
1215343608
1106663932
1308382719
amenity=bicycle_rental
212
1305390595
738186251
1310940687
198439951
148657169
208707602
1106663443
520740373
101481497
1300829721
1331780123
1309535262
1330356256
1267897386
1108864554
250642476
799908912
654378546
252023347
1108864569
250646077
1263995454
1308382276
140215878
250646088
1299417163
1269976651
148168781
185526351
1108961362
1280765524
729860182
1265171034
215965274
247449179
1299417182
249415263
206384736
1106662497
738183780
714588773
253117542
534883432
1266165354
1262175338
812701804
251783789
747846255
742003311
765343856
1269594736
251032179
251877490
716116085
1106771058
1308382327
1266165366
729397887
251948163
251838085
206242953
1106665612
812701838
248577167
1262598286
714520209
1268333204
1336613524
1106665114
142236829
1072120990
1309535390
1106560672
208789665
1123233956
1279946921
252524713
253269675
150546604
185960621
1330356398
250643627
711049394
1126015156
1330356405
812701879
747846331
482754752
1117518533
615989958
110344392
1262598348
1123234000
1263931603
738166995
116039380
1108961494
1280919255
251503830
1107523796
1108960987
150538464
1339035874
1280919266
1267897580
1106665709
1265221358
729328370
1108961535
248700672
250929922
764636419
208750339
250929926
716116232
1308382475
1339035917
185839375
259450128
185530128
1106664722
250640661
99308822
148991254
223916825
206385946
250087707
223931678
252401953
249197860
185951525
714588453
1278832935
712286504
714588459
724860723
1215343411
141786422
747859258
1308382522
741988668
720058174
724371777
1340461377
206153548
1265221452
712112461
251768655
723358547
711248213
251031895
99308890
714520923
186056027
248641883
812369759
1106665314
1215343460
730148197
1276546924
1117519214
1123234158
1262598000
115505008
249227632
251949940
116019576
1126015353
251840890
1106663291
1331790205
743390602
251841426
206161302
722515352
1106663325
1331780001
760856487
723360168
1263931305
1308382634
206161326
1300624310
722515383
253107642
249195451
1106663359
1280456640
1108881859
148169667
1262598085
719489477
251775950
1108961232
729397713
227144659
1280456663
248575449
259444186
248397788
215929821
1287184348
799908831
1280456674
710953442
251633126
432597487
799908855
251950584
714520570
720079870
1331780095