9
amenity=waste_basket
212
716214784
117381124
246781957
251032070
1108961287
251877896
729397768
223894536
1330356231
1311362061
1270688783
1311362063
115942418
765343764
185524245
1308444180
223957528
1269972506
1310940702
1108961314
724842531
1309535780
223957541
253237286
1108882471
1123211814
764639787
1123211819
185484336
1117518384
738186291
185484340
234655289
251989563
729397821
1330356285
1308382272
720058433
248394819
729397827
1268333124
1276546631
250646605
1123233875
1106665046
1106665047
1269594711
1324508251
249413728
812701793
1330356321
1126015075
738183785
1106662507
1126117998
206155887
1300773489
1257245302
251838072
1108961401
712112250
711049850
148188285
812707455
1266037889
247944323
1262175365
1108961417
1263931534
1126015119
1280765584
760848527
729397906
1108882586
1123233947
654288540
1279946911
724871844
1266037927
1266165415
116086271
252201136
1309535925
116036790
1266165432
26062521
247448762
738166969
729313469
1108961474
738166981
226387144
1106665161
1330356424
1280456396
99308750
1309535439
711049424
654288597
206385366
1108961495
251838168
1268333271
1266037981
1117518563
253265124
253270756
1280919270
1266165479
1263932136
1309535466
1126015211
224947951
712112879
1108961525
1108882677
250717429
185522937
253117690
1107523839
1106665216
654425855
250929922
1106665222
712320778
248459018
1266165515
724871949
185839373
148227346
1300768759
743390484
1106908437
185839381
722372886
250096920
252024597
1108961050
150731547
251031842
142211365
251877670
248397608
251823401
730148150
714588470
738187063
1126117689
1109418312
253267279
738187088
722515287
1265221467
765343580
115504990
251031904
251784032
259443046
710952808
116019565
1108961139
534396278
1106664823
1299429753
503697276
714520964
1108961158
1300949896
1343596956
1267897245
760853920
248576419
760856483
716315045
384860073
384860078
760854961
206161329
1108961203
1306862517
765343671
654389691
1123234235
248458687
1030751168
1301476289
250735052
251032012
1123211729
1123211737
719489502
115938783
1331780064
251032033
1312562655
1117518819
248576486
1117518822
259444198
251615209
208625130
1263931880
1106663914
251633133
1299429870
1108961263
150717424
1106662894
126136818
1030751218
185521143
730184703
amenity=recycling
212
1309535240
765343757
742003219
760848403
799908885
228833815
223952409
1262598170
729397789
251611167
250645544
1123233839
730147375
1269976627
1072120884
729397813
1308382777
1311362105
729397821
712200766
1072097343
1269976638
765343811
26061892
1309535307
1309535308
150568012
234655310
729338443
249795663
1308382292
251032148
246782037
729892437
729397848
1309535330
1330356324
714519653
1117518950
1278888038
1262175336
723358825
1215343716
1280765544
1300773485
116030574
1309535341
1215342703
1299417200
716214901
1339404919
812707450
1267897470
148185218
249415300
128360069
1330356357
1262175367
1126015115
1262598285
100254862
1107499669
206242965
1106665109
1108961434
719489179
1126015132
1262598303
1126118051
1108882086
1266037928
761243821
251504816
761243826
116027064
764639929
251948733
520740542
1266037949
246782661
1107499717
1299417290
206385357
812707535
1107499729
1268333267
1107523796
714519766
1126015191
739413210
1265221339
132860123
1126015201
729397986
148952803
251520229
760530662
760530663
1278832873
1030766319
247448815
1106760432
722372850
1308408052
1279266550
1126118137
1308408063
1107523840
185522946
185522948
733458185
1106908429
1126015249
711248147
251877652
150731543
248397604
248397606
150546732
761324335
251031856
738187060
185951540
712112952
148166461
253461825
1106662721
520740161
738187077
252415814
729920327
206245200
249559892
250718037
250735958
144137053
730148191
763371874
1108961124
1331790180
760853860
741988708
1267980648
253269871
1126117744
1123359089
249197935
253269875
1308382579
251615093
246781813
1107523961
1123359099
198440317
249590653
251947904
654307201
1108961156
722515335
248187784
1117518727
1117518731
1262329743
206161297
1330356121
1309535646
171103646
1262329759
250735520
764639650
1106665380
250733990
1308382124
250717616
1262598065
719527347
765343670
1300624311
1280456640
1106665409
722515395
201145284
1123359172
251032006
240143817
201145290
654389709
259484110
251949519
252103121
1123211729
151015379
1311362005
1300754394
251615195
248575966
712112606
1299766752
251615202
743390692
99309028
1340461543
252744171
1287184366
1326933490
1257217012
710437365
720079863
1106664952
432597500
250718718
1267897343
amenity=waste_disposal
212
246781953
1126117890
1268333057
1270688779
1267897355
223952400
251950099
101481498
250644473
249315358
799908895
1269972512
206196261
206196262
799908906
251032109
251633206
1309535800
723742777
1123234363
922312763
1072097343
1267897409
711247427
1276546629
252023366
747846223
1308382289
747846225
206155858
1215342676
185512532
1330356311
1341735513
1263995483
812701788
1340461662
1108960864
248577123
729397869
765343854
1106663026
723359347
1106664052
130009720
259427452
1299417213
1030782590
812701824
747846279
1346890887
714520713
251503759
654288536
520740508
100254877
712112287
1299417248
615989921
1126118049
760848544
247448740
142236835
1117519014
654288544
1280456360
1279946921
150546607
747846320
1339404977
251843250
260027572
1279946932
116036791
26062526
432600257
738166981
1309535432
110344393
132870858
712320717
729921233
1346949330
253107415
141796057
1308408027
251769055
1106665699
1330356458
1266037995
1339035884
1265372397
1104700145
1266165490
721556211
132860153
1117519102
1126118150
248459017
1265221387
148167436
739413263
711089938
716309778
1106663191
432696600
1265221399
185839384
132860183
1263931676
714520868
739413286
251520807
1278832934
714519342
1299429679
1262339377
1104700212
432678199
115504956
208770877
1126015296
250736453
195735878
714588488
1280456525
729919824
1331817297
714520400
714519888
253267281
1126117717
115946328
768160600
1267980634
520740187
249559899
144137050
765343579
723359066
115509602
1309535587
150538594
1299931491
1262597991
250717032
186059625
867504491
250642795
1331790188
719489390
730148209
148951925
150537589
1072128886
812369783
812369785
251877756
1106760577
730147713
729920899
198440323
760856453
1267897733
1265221513
760853899
248187788
1107523982
250717072
259446673
99308949
1331790229
1262598037
714520985
251032473
722515355
223933863
1106664359
181496743
722515370
1311361962
1106665390
729397679
248458676
142228917
250716086
712287160
1330356152
716116408
1108882365
252030398
251518404
710953414
729357255
1126117833
1262598094
1106664910
729397712
1268333009
723742678
251633120
764639716
1269972459
1309535213
710952944
742003185
1310940660
799908853
1123211768
251032057
185521147
248575998
bin=*
212
1106664963
711248389
799908871
742003217
251032087
251775000
116014617
1123233819
234655261
251611167
724739618
206196260
1279739941
1309535273
251633194
1268333106
250646072
1126015037
1106662975
250646082
1308382276
250646085
1308382278
1108881988
1276546633
1265372234
729397840
185512532
1300759636
729397844
765343833
116191833
1123234395
431360093
1263931487
1269976672
742003297
1108961375
253237347
1262175332
1340461675
1262175341
1331817070
724871791
1308382320
760848497
1269972594
765343858
1308382839
1030782584
1309535353
1106663543
1266037884
1330356349
1330356352
250644612
206385289
1278902921
253117579
1296524937
729921681
250647700
615989912
208789656
250717850
115958427
248631964
1330356383
248432288
729313445
1117519014
812707500
729351343
1280456368
250713776
100250803
719489208
1108961466
206153404
1311210687
26062527
654288576
1106665154
867504322
251520196
251775686
247448777
729313481
251614925
195735757
1331817167
206385360
867504337
1309535955
1108961495
227147991
251614938
246782683
1279946975
723395299
1265221349
716309734
741988584
654273256
729328874
1280919278
867504374
709656827
251878141
1108882177
1308382470
1331817226
148651275
249591062
150731547
873135899
716215072
248397600
1331779876
738187046
1276540198
250087720
1106663721
712286504
1123234095
148166449
1309535541
1279969591
248397114
212838203
724422971
253461822
1308382526
1326933318
729920327
1331075915
99308882
115946328
1262597978
738182490
229546332
738187099
253485918
251031903
738182495
1267980634
1265221474
250718051
234636642
1267897190
148174696
1123359082
247855472
768260978
724779378
115505012
737084278
144123258
1123359099
1262598011
1331790205
714589054
761253245
1309535616
251503490
1257216905
724779405
1300738446
116023184
99308949
1308382614
1262194589
1107523997
1309535647
765343647
251878303
723358627
1106662825
722515371
729357227
132863405
724748206
716315055
190627244
1309535669
1300624310
1331790263
181484983
384860088
747054011
252022206
722515390
252030401
1123164610
723359683
1308382149
1326933446
248442315
1123164620
1269972431
1301476306
1215343576
1262598104
251769819
1331790313
259444202
716116459
762927596
1117518830
251615216
259444211
1308382196
landuse=landfill
212
251877894
251615241
250371083
1300750861
1340461583
249591312
1280827409
1263931413
251032086
1270688790
799908886
198439957
1270688795
1330356258
1269972517
1305390629
250640936
252201001
1269972523
1268333102
210757167
1269976625
1266165299
250713656
1108960828
747846204
1126117949
1309535297
1117518409
765343821
1308382801
253237330
1269972572
812701791
206155872
1262598242
1262175332
1106663013
253237354
729397867
253237356
911743600
1308382322
730184819
1126118007
1265171065
250642047
760848516
1030793865
1126015116
206385293
764922000
712162450
259446933
654288535
1330356379
1330356380
1280456349
1263932072
253269678
729404594
260027572
721528501
251877561
251949242
1279946939
1107499706
1262598334
26062527
1123233984
1263931588
729882821
716116167
1309535432
716313287
1265221322
250737356
186066125
1330356430
186066127
150538959
1126015183
1268333266
253117651
1280919255
253270745
716309723
1280919260
712320731
724860637
251769055
432597727
1308408036
247448809
1339035881
250090217
1117519085
712200430
1104700143
739413233
185522930
1266165491
1126118137
739413242
1279266556
1280456445
654273280
254347011
761324293
248459021
1309535502
185839375
250087696
185530128
1108961049
1123234074
1339035934
1106662686
1308408098
251031845
1104700199
1262597931
738187053
714519348
954702645
212838198
1306866490
1262597947
738182462
738187073
1262597957
248575303
714588492
251607375
723742711
249559892
1331817303
148174685
251632992
249585507
1309535596
1126015347
251633012
144130935
1346817912
223901048
1264458108
248187773
716116348
132860799
1331779967
1311361920
250737541
1117563273
249197962
722515341
1267897229
1215343504
729919889
719489427
1117519258
1309535643
654389661
190627234
1117518754
1107524002
738182567
250733994
1030751150
251633071
248458677
716116408
1108961210
1123211707
1335406523
760856508
1117518782
432681919
186054079
1331780034
248458690
1308382148
1308382661
1331790275
250735559
251518409
1326933451
1331790284
249795531
251633103
718065616
215939025
1309535702
251615191
1108961238
251615193
723359709
799908830
185882593
190641121
729328610
1262693861
720058341
1308382181
1117518825
1312562672
1215343601
252744179
720058355
1326933493
1270688759
185521144
recycling_type=container
212
1311362048
198439937
710952450
226387458
208727556
761253381
250638341
1310940679
716116480
251615242
1351320587
1309535244
1123211791
743390742
208707607
223894552
223889946
742003227
223952411
382043165
763372061
251032092
1268333084
1267897377
1340461595
1305390634
1308382251
432676907
1331817010
1215343667
789294644
1269976629
1263931964
723395134
1126117956
1309535300
1107513416
1265372234
747846222
482756178
1106664019
1309535830
1106665046
1123233880
249415267
566497379
251607142
223894632
738183784
1108960874
716215403
729397868
116009586
1262175355
1126118019
1262226055
100253322
760848523
1268333196
1262598285
250734736
1300368528
1278902933
252024983
1262175385
764639897
1268333214
654288546
711049378
1126015140
729892518
249800872
729921707
237698734
1107523764
26062519
253117628
1268333250
1117519048
711089865
723395276
1265221330
1107523802
100250843
251503835
251520220
116039390
812707552
729921249
1266037985
1126015203
520740349
733458152
250090217
760530664
739413228
1266037997
1266165486
743390444
1257245424
1107523825
250642670
654288624
1108882672
1030766325
730148085
116088565
1309535483
249433349
723358989
249591062
738187037
1340461344
248397602
251949348
251823397
867504422
186069286
739413290
638721834
1104700202
1265221419
252343596
251838773
711050040
208710457
361414458
206113595
1108882752
1300775745
724738882
723742529
1341736256
115504965
1215342918
249493319
1072128839
1107523918
148214606
738187088
1280456527
730148180
251510101
148170581
115929431
1262597976
1265221465
208772954
1117519192
1126117721
223941980
1299429726
1280456539
251632992
250734944
251031908
1280456560
148951921
1262598003
251838325
252746112
722515329
150713218
251838337
1117519236
723742598
1309535625
1299121037
1324503441
1123359126
1262329752
1299766681
1267897753
1117519261
760854947
250094500
1123359144
1126117801
867504552
206161323
954702764
432689586
1123359155
716315063
1123359162
251520955
1262329793
720058307
1262598085
867504585
722372043
1257216978
1262598099
99309014
1309535196
724842463
720058337
723742692
720058344
760853993
799908841
251032045
714520046
1311362032
1299766769
259444208
723742708
1300768761
1269352955
911743484
729397757
251615230
recycling_type=centre
212
248576512
799908866
1279555588
1299766789
116038151
1126117903
226457617
1311362066
1340461587
761253396
223894547
716316178
761253401
763372058
1108960795
729872924
1215343646
226457633
223889956
251633188
208707622
743390759
1123233833
710954541
1108960817
1309535282
922312761
248535104
1308382274
1268333123
251032134
738166857
1269972553
709749324
253237325
1280765516
1262598226
1266165336
760848988
1266165342
249415268
1265372263
738183784
1266037868
1269594733
223979118
747846255
1106664044
251838066
738186872
1300773496
1262175355
534883456
1108960907
251503757
1266037901
248577167
206112400
250734224
259443346
1126015126
1267897499
654288540
1268333221
248641706
248641707
1108960939
1279946922
724871854
719489713
761243827
721528501
1266037943
867504322
253117634
198440132
714588354
873144520
253269705
206385357
1266037971
1346949333
1107499734
1267897559
1107499733
711049945
1265372383
1257245412
1331817188
196248806
127974632
1106663656
251838186
208750315
144141035
1299429614
1280919278
212842739
1308382453
361411830
729921271
1345206523
1266038011
566500093
185522943
1326933251
185522948
1309535493
250647302
729919751
1108961032
1106665227
848009999
729328399
1261584657
1308382482
148227349
1263932182
150731545
739413274
432696603
1126117660
150731548
1262597923
223963428
714588453
250087720
1117518634
1117519148
723359538
1106663734
1300835127
251838265
1309535546
741988668
1300835132
1126015299
206245187
1262597958
812703559
206153542
1106662731
144124751
1106760530
1309535572
148174680
249559897
148174690
1108961122
729351523
251770213
1262597992
714520426
259443050
148174698
1265221491
1331779957
1262598007
1264167799
251503487
141779328
251838337
722515331
1126015364
1301476228
251633029
116023181
248187790
1262598031
738182549
1106664342
722515357
716315038
760854944
1331790241
1308382628
190627237
760848295
1262329770
251031979
1278900143
1306862513
716315061
1341494198
722515385
432681915
251835835
1331780032
724842437
1108961225
100245968
249412049
1126117840
1296577499
812369884
248397789
729397726
215929823
1330356191
1309535198
1330356194
248419292
1312562660
1308382693
1308382183
249193961
1308382172
251771891
259444213
251032055
1308382204
215964669
amenity=waste_transfer_station
212
1308382721
185521154
116057091
251615235
1309535237
922312708
251615237
1300829704
116038156
250714640
1263565329
1123211794
520740370
714588184
208707609
1215343130
251633179
116014622
1215343650
252200997
743390759
251032104
1331780138
432683052
1338392621
762927662
250646061
799908912
1266165301
251574840
724871737
1108960827
1269976638
1106662468
1108098121
1269972554
1117518922
115402321
251989589
765343830
206155863
253237337
1308382298
1126117979
1338397275
132864606
1331817058
1268333156
729397863
1265171048
247449193
1339404907
116020334
1280456302
247449202
251838072
101588601
1106663036
1278902909
252744188
1330356354
1299417223
1266165384
747853959
724739211
1215342732
100254861
1117518475
100254862
1299417227
1339404946
812707478
1309535896
1308382362
251503771
654306975
206245024
253117606
1257245357
1309535409
1266037941
723359926
723395254
253267637
1123233977
250714298
1300790970
110465725
248758973
710954176
26062530
432600258
247448772
1280456389
247448773
432600262
1330356424
723359947
1309535948
1279946958
208778447
1108961494
208625147
251838168
1305397468
760530656
247448803
716309734
1108882668
1280919279
251520242
1267897587
208750326
1117518590
1276540159
1117519107
1117518599
251774216
1265221386
116031756
724871949
185839376
116031761
719527700
252024597
714520343
246782237
1215342877
185839391
654307106
251823395
148166435
848010021
873135914
711089964
248397613
712112942
812716847
714519348
1299429684
198440247
1108882240
1299931456
140664130
1262597956
1262597958
848010571
867504461
251520845
743390547
723111252
1331779925
1280456535
250735961
249196890
1263931739
1308382555
186056026
1262597984
111381856
249585507
1123359079
1262598000
1299766642
1108882804
249590647
1264458108
1309535615
144123264
1262329733
249559942
724834183
1117518732
259447698
251520920
1299913113
1326933403
714400158
1262329764
1308382628
432689584
384860085
729920950
1341494199
1123234236
432681919
1108961218
1262598083
867504580
206196166
1311361992
710952393
1262598091
251775948
1269972473
1262598095
249795538
1309535195
115938782
1305378271
1126117857
1299766756
251615207
1312562667
252149744
252744177
226457593
1326933499
724842492
215964669
1106662910
1334650879
waste=*
212
1330356226
185521156
738186245
714588681
185521164
251633166
223889947
729397793
1310940707
760848421
1268333097
1257245226
1269976621
250645550
1308382768
654570546
1117518388
115402296
115956793
1269976633
1108960825
1330356289
1300785729
1311362114
1263931974
1300785734
1269972553
250717772
250760270
252019278
1108960847
1108960852
1117518941
812701790
1330356325
729397864
812701807
251033712
1305408626
723359860
1126118005
1126015093
223979127
1347006072
206155901
1346890883
206155908
253117573
249415302
654362760
206242958
1108961422
1266037905
1300368529
724372116
1266165397
253117589
1262175384
1108882586
249800860
723742885
729398438
1341735589
812707499
1299417260
1279946933
729921717
1340461753
240145082
1308382394
729921214
1267897534
1309535936
1107499714
1108961476
654288584
712287434
738166986
1280919244
729313485
723149521
150538962
26062548
1268333269
873144537
1341735642
1266037981
1308408030
251948767
110344413
654307041
760530657
867504355
729328864
1330356453
1330356454
247448811
1106664172
1287184381
1108882680
1266038011
1308408061
1276540159
716309764
250647302
142693127
848009994
1267897103
867504402
251838227
223916820
251783445
148167446
248395540
250096920
250371353
1263931676
763919648
1108961060
253461797
1267897125
720096551
1106662692
248397610
873135914
248632109
1278907186
432601401
185951545
1126015292
432678206
1267897667
1278832968
252415817
1267980618
1262339406
1278832976
1299766610
730148180
1299129174
223941974
249559895
723360088
714520412
115504989
115509602
115946339
186059621
250736487
251840878
251843952
253271923
1123359092
1072128886
954702715
763371902
250734980
144123268
1126117766
1263931272
148165514
251948427
1117518732
1106664337
729357202
1264458131
1331790226
1299766677
1106664342
185479059
251032472
1331790233
1326933401
720058267
1309535647
716116383
148226975
723360159
765343651
235429796
1326933417
760848298
251877801
1308382125
654345646
1341494191
1280456622
253107634
712112566
764662212
1126117833
1262598089
722515401
712320465
1267897297
714588116
1299766743
99309020
799908830
248397791
1300613608
259444201
716116459
1331780075
724765165
1326933490
251615220
1331790324
259444213
1106664954
432597500
1308382205