10
tourism=information
212
1279555585
115954180
729986564
186846726
223945735
1280827400
1117518858
151016971
1262274572
1108882445
1123211789
711248402
1279555603
738186259
251032089
253237273
1308382239
1308382754
206196261
1123234343
1108960811
1280827436
709436463
729397809
742003251
1108961332
520740405
729921078
116014645
1126117945
729338431
1331817029
709749318
432593480
1262598217
1117518922
250717772
712200270
135824469
1309535830
762927705
431360091
812701791
1262175328
249415265
1106664034
249415264
1269972579
259427941
253117538
738186856
760849000
738183786
1347006060
1262175341
1263931388
1268333167
251032176
1305408624
1263931507
248440444
1106664574
206155905
712320643
251503752
1266165388
812707469
154783374
253269649
431359122
1339404947
1309535892
729397907
1266037910
1072120984
1300777627
1330356390
764647591
251838122
1341735597
729313457
761243825
724739763
253117618
716116149
251844279
1330356415
116190912
1309535426
116027075
1265221316
253269700
747846343
26062535
654288585
247448778
1108960967
1305397454
1268333265
1279946969
1126015194
1108882141
251503840
812707560
208621801
251520750
1309535984
1123234036
1309535477
132860149
110344441
720188668
150714620
1341735676
739413247
1276540160
654288643
1346891011
259483908
716309768
1280919306
716309771
251878158
730184974
250087696
1106665745
185488144
711089939
185522967
738182425
1339035931
1108961052
738182433
116031778
711089959
249493287
1117518631
1108882734
223943471
812716860
714400065
251877698
115504970
1262597962
1331817294
1123234127
729921360
224900947
714589014
248641880
223971161
111381850
738182491
361412443
251950425
1108882785
1106665322
250642795
768260978
116019574
1265221495
251947896
1264458105
1300949881
1106664318
1117563263
248187779
144123270
251948427
248532370
729357207
768261018
206161308
190627229
248576412
132869534
1126015392
223907745
1262329760
251633059
714400164
1262598137
432689577
1108961193
1262329777
248458680
251606969
185513406
248458688
250642885
1108882373
148169673
710952393
1108961228
654389709
1326933456
1123234259
1280456663
1263931352
251615195
252020705
1269972455
1108882409
730147819
723664364
1308382187
215929841
250761208
1308382713
760848379
799908860
712112125
tourism=hotel
212
186834952
1263931913
185477129
1270688779
185477132
250647053
1262598157
1308382223
1262693900
743390738
142226968
1280765474
249315362
1126117927
738186279
250642476
799908911
1106662960
738186288
741988401
724842546
812701750
250574903
254341689
719047225
1269972537
1265171004
724871740
251032126
1299423296
248535111
101481544
738166857
116191819
1108960844
249795661
729397836
1123234383
1108961356
247449169
765343825
1123233874
709749332
1299417173
566473813
253237336
251989593
1108960858
185512541
206155870
566497377
712320609
711049836
1269972592
1305408625
712162417
1126118003
1266037876
223971954
101481591
1262598270
1126015102
1268333182
1117518977
1339404931
747846279
198440073
1279271562
1278902923
1345207436
206385293
1107499662
1331817099
1117518480
1262175377
1330356370
812701842
247448722
259443349
253269658
1107499675
761290396
1108961440
654288547
1123233956
1108961447
654288551
1108960943
150546609
1279695539
208621749
1265221302
1266165432
729920184
253269692
1309535932
729313470
1262598332
1107499717
206243017
250713804
1341735634
1108961494
141796057
1330356442
251503837
1301229284
654288619
186045169
1339035893
1106662647
712112889
1301476089
361411835
251948294
148651270
733458184
1261612297
132860170
185530122
1340422414
1117519120
738187026
253117717
251889942
1308382486
251031830
223916825
1108961052
99308831
148166433
1106662690
1331817256
249493291
739413292
724871982
1107523887
723359024
873135919
1326933301
1340461879
747859258
1343593798
730147655
1215342918
1299766603
738182491
1280456543
1263931744
1280456551
867504488
1117518697
1308382571
249227628
1267897196
1299121006
1263931759
1299931504
1106664312
760856446
1123359102
1299429760
148637569
250736517
1331790213
1126117767
206113164
812369805
1280456591
761292690
720058264
1261636507
1108882332
1326933410
954702756
250096549
765343656
251633065
252022187
1311361963
763914669
432689580
1107524018
1108961203
714588083
724848050
1262329778
1302746039
215889336
206386104
712287160
1123359174
1311361990
1308382151
99309008
1308382169
99309018
812369883
259444191
1123211743
226387430
1340461545
761253356
742003180
1309535213
148638703
1106662896
1287184369
1215343603
1263931383
1106663932
799908863
tourism=attraction
212
250371079
922312712
718065673
1269972490
1263931913
716316171
1311362059
738186254
716014603
208707602
1106665493
1330356246
253237273
721538074
251950619
720058396
215856669
1269972509
223894559
1308382752
206196260
799908910
712200243
1340461623
249315385
1108864571
1266165309
724871744
1107513409
1262598211
150537795
250648645
1331817030
248535111
223960648
115543626
1269972555
206243407
251520592
482756178
812701778
719489625
1340461657
742003290
1299423323
1341735513
741988958
1262598239
765343842
566497379
723358821
712200300
1309535343
229534322
812707444
1107515510
729397880
1266165368
1266037884
1106665084
101481598
148188289
1300742785
130096770
812701826
1269972614
249415303
1117518471
1262598281
737084043
764921998
250734223
1117518480
215893142
248459416
738166945
812701858
250643619
654288548
1299417261
1265372334
761243825
729404595
1263931577
1123233977
1299417275
654288576
1299429577
763919562
206385355
1326933195
212837578
251837641
250646738
226387156
206385366
246782679
710954207
729397984
1326933217
1106268386
729328874
760530667
723395309
185522931
110344441
1308408058
1108882173
654425857
1276540163
1280749827
148651269
781849349
248395530
185839375
206195987
1280456469
724871958
206195991
185488150
709656857
251031835
720188701
1108882718
723742504
250371369
1309535531
723359532
712200492
115504943
1262597936
729357105
251031861
223943478
224870199
253461817
729921855
719527745
1126015301
1215343430
251947847
1308382538
1331817291
115929418
253267275
711248207
714519888
144137044
251520864
195735906
848010595
1263528292
729328484
763371881
111381868
1108882797
154548080
1331790194
251949562
251523960
144130936
150539131
252019068
1262329727
743390599
719488906
1331790219
1126015372
148165515
743390606
1262598031
251031952
251633040
1262329745
1280456599
1262194586
716315037
1308382621
223907743
709670304
1117519263
251844002
1280746400
747859364
1300717478
867504552
1106662825
432575924
722515381
654389687
1335406521
719489979
240143808
148169666
764662215
1330356168
764662222
743390714
729397718
208713691
1106665440
761253354
208625130
249795566
115402223
251520495
250641394
1312562675
716014586
729986555
711247869
1326933502
tourism=viewpoint
212
250736128
1108098048
1308382721
720079876
251520517
250736644
1262693897
432683018
250371082
738186255
223894547
741988884
223952404
799908887
223952409
1270688797
251783711
361411616
208707618
1309535778
1308382756
738186283
765343788
1126117932
714519599
799908912
1126015027
654378548
1305390644
248393270
520740407
723395129
250574905
1300697658
1299423296
1263931968
152885827
150537795
1311225414
250760264
1108882505
566473807
714520658
1330356306
1299417176
812701785
812701788
742003292
1268333150
1106665055
738183779
1308382822
1262175335
251783784
1330356330
1108882031
1339404916
712320631
765343865
1331817084
812701821
1117518469
250090119
1123233928
223954055
1330356359
1269972615
148976782
760848527
1106663058
723753107
206242964
251520149
1106662551
1266037912
148158620
1266165405
1262226076
1339404959
1346890912
1215342755
741989032
1267897513
252024828
150564525
721528501
1108882613
1330356410
1263932096
1279946946
1126015171
1265221316
714588869
251775687
110344393
132870858
1266037966
246782672
738166995
206385365
654288598
615989976
253270745
724860632
738167000
201153757
812707550
1279946976
729397986
711089895
1215342825
224868585
251520747
1266165484
1267897069
234662127
711049969
1326933237
250717429
1309535478
714520311
1280749818
723742464
712112901
148651270
1123234054
250733836
248440589
251877651
739413267
251877655
743390491
1108882716
248397597
99308831
248397602
223943460
737084196
730184997
198440231
724739878
729920810
249493291
116031790
867504431
253461809
251838773
747859259
1106665284
743390533
115962182
251877705
253109066
206153545
1267980620
1106915148
1265221454
249196883
738187094
249436503
1106663255
223941978
1108882778
1108961114
115509600
1123359078
1263528294
711247718
253269867
251520368
185519475
1106664307
1265221507
1123234180
729397637
250734980
144123273
1117519250
1262194578
1339405215
1106664869
1107524008
252022184
1330356138
760856492
1263931822
1300738481
1106663857
724848049
206161332
722515380
1126117814
253107638
248458683
760856512
764662215
712112073
250715602
252022739
720079833
1308382169
1330356194
1306856419
729919462
1215343079
215929836
520740334
1263931887
1308382708
716116470
1108961276
1331780095
tourism=guest_house
212
729892354
1297298948
1308382215
251520520
185524234
1308382224
1123234321
799908881
185524240
1270688788
1330364949
1311362071
1330364952
148182039
116014617
763372062
250371104
1268333100
1311362094
1305383470
799908912
654362677
799908918
1269972535
254341688
1117518391
1331817021
150537791
723149377
223960643
1215342662
250648647
1299417166
1269976655
1269976656
250642002
566473812
249795668
762927703
1257245273
1299417178
738186845
729860192
1106665572
1106663525
1266165351
738186856
716116074
1299417195
1263931388
1280456302
765343855
1308382320
253117554
1309535858
1030782581
765343862
747860092
1299417213
259451006
259451009
1280765572
250644612
206385287
1126118025
249415307
431359118
1300368526
1267897489
812707474
246782099
101588628
208765077
1309535896
1306837148
1339404957
1126015134
1107499679
198440103
1266037929
1106665641
1330356400
1346890929
247943856
253267637
1266165432
1309535417
250371259
747047100
1262598335
1108960959
723149507
729921223
132860105
1330356426
711049421
1330356430
654288591
1126015183
1280919246
714588380
1108961503
729986271
140277985
250090208
1341735651
247448804
729397991
723111145
1341735667
251524340
1308382454
248700664
723742458
1339035898
1268333311
195735809
250093827
117379844
714520323
739413255
132860169
1263931660
716309776
1308382485
1308382486
185839386
206195994
1112166686
148176166
249197868
738187055
739413295
250713910
1280456503
1262597945
1215342907
251877698
1215343427
1262597956
1107523910
812703560
252745546
198440266
1299766608
206152022
866851671
432600408
1126015320
1263931735
1108882265
729920858
148174685
1340422495
761324384
253265247
1279685474
1126015331
148174691
186059619
1308382570
1267980652
954702704
150537587
181496696
738187128
1126015353
1126015355
1264458110
1265221508
722515332
1331790214
1308382604
722515340
1262194574
1126117774
206161300
1308382616
765343641
1261636513
432689570
1123234212
1106663845
251633063
1263931819
253107629
1324506543
248458678
714588599
250638264
253107652
253107653
1280456645
250735560
1108882888
259444682
1126117833
150539726
1267897295
866852310
1309535193
248397788
1106665437
724842462
1030751200
1309535201
223918561
1280456677
1262598117
1106662897
1269972471
729919484
tourism=picnic_site
212
765343751
1331780106
1269972491
250718732
186000398
1263931920
763372049
1280827410
743390738
1308444181
226387479
710952474
799908891
251633179
1270688797
799908895
1263931936
1262598177
1108864547
208707620
743390759
116014632
714588713
799908905
724842545
789294643
1108882484
520740405
654378548
251835447
1126015027
1309535798
738186292
1107513403
1123234366
1276546626
250648644
1262598213
1269976650
251989583
1309535311
250643028
251843158
249436247
738183774
1266165347
1215343716
1330356325
248575077
729921639
1266037865
1299417195
132844146
206155891
1265171063
1126015097
534883451
714520713
206196365
764921998
738166936
1299417247
1107499684
148229284
206245032
251773609
253269676
247448751
747846320
248758961
1263931572
716116160
729313473
1330356419
1108882116
110465733
206385350
247448774
747846345
1263932106
251837641
1262598347
1108882637
1268333262
1308408017
1330356435
1266037971
248575707
1308408028
724875485
1266037983
195739872
253265121
1339035872
1265372392
1326933224
1331817196
139780334
1326933230
1265372401
1301476089
1126118137
1309535484
1280456447
848010501
1276540165
1106665737
185522955
1326933264
248632592
716309778
1308408086
1104700190
714520350
250644774
250093354
873135914
724738861
251947821
738187057
730147634
724871988
1106664247
116037431
115504961
1106760514
1262597956
1106665284
206153545
1123234124
248459087
714520915
714589014
115946328
186056025
251031899
712111968
1126015330
1340422498
148174693
1338388327
111381869
432598385
1299766646
1331779959
171103607
1123359099
503697276
760856443
711049597
1106664318
251842941
1108882300
251503490
714589054
141779332
741988747
765343630
150569360
250717585
1262598034
249551764
738182551
1311329688
1299913114
206161306
729357211
1106663325
1117518751
1300717472
181484961
1308382628
1117518758
250728870
251520425
1280456618
714519468
716315055
181484976
520740275
1123359155
1262598069
1335406519
181484983
729357241
432681916
224903103
1117518783
1326933441
566484418
250735561
1311361995
215939021
251947471
1331780048
251032019
206245333
208717270
1331790299
248575964
1280456669
251949534
185889759
720058335
765343718
1215343079
1215343592
1308382706
1108961267
223912951
799908858
1262598140
tourism=artwork
212
185521152
185482240
1309535236
1269972487
729397768
1270688777
765343751
1106665479
185524240
1215342609
1280827415
185521176
1331780125
763372062
1265372191
223889952
1215343646
1108864547
1305390627
1330356261
250640936
1309535274
250735147
252025900
1269972525
742003248
249591344
251032114
1280827440
1308382260
789294643
1330356281
729920060
251574333
1268333118
714588734
1263931968
765343807
1269972545
1266165313
1276546630
1308382282
1308382799
1309535312
1262598225
1341735510
1215343706
1123234395
1269972571
1108960864
1299941988
1266037860
210677351
1262598248
253237354
1340461675
1123233904
1108882545
130009720
1123233923
1308382339
1345207432
1106665610
1339404939
1300368525
100254861
253117583
723395216
250734225
1299417233
206385298
1341735572
206242958
251503766
729921690
520740508
812701853
723358367
708207777
1262175395
654306983
252201134
1267897522
1326933173
116027064
252022185
729313473
1279946946
482754757
246782662
867504328
250640586
1280456400
716313299
253107411
741988567
142213849
247448798
739413215
1280919267
737084135
1117518567
251947755
1266038002
1108961016
1340461305
1308408058
110344444
714588415
723395329
250929921
139778308
185530117
206196487
1266165514
185530126
1338296078
1123234064
737084177
1309535502
1106665745
185522965
223916825
150731549
1276540189
148166435
250371367
1309535531
1108882731
186000176
867504436
812703543
1262597943
249493305
1108961082
714519864
714400065
1265221442
760854339
738187089
768160594
723767121
1299766612
1267980628
1278865238
711050070
115504978
1108961108
722371925
712286555
1265221468
738182495
1267980640
251031905
251632996
186059622
1326933353
251520367
1262778741
1309535608
248187771
1331790204
743390591
148637568
1324492164
1308382597
248700806
171103623
1263931272
249197964
1262598031
760853905
259447698
1262598040
1263931289
1117519258
1324503449
1343596957
1331779998
1334645149
1300717472
712287136
1309535648
729892265
1262329770
722515371
250732972
1106665389
1106663854
1123359151
654345648
760854959
654389676
719527347
721528244
1340461495
1126117815
1308382138
1299766715
867504577
1331790277
1331790278
1108961222
227144663
1308382174
1263995368
1308382190
251615215
720079856
1299766769
100261361
249196533
tourism=camp_site
212
250736648
209250826
1270688781
1280765459
1265170966
223894551
1215343640
1280827415
251843101
1340461598
724739618
812701737
1338392621
248459310
1266165294
251032112
1269972527
714520116
1339404853
1072120884
252023354
1072097340
866829376
150537795
1108961347
1108882499
250648644
1299417162
729397835
250646092
234655312
210672724
249436247
712320600
115402330
1262598235
566497371
132864606
115402339
1126015075
1299417202
251838072
1266165372
747860093
1257245312
195885184
1269972611
249415300
249415302
198440071
1268333193
1126118028
1299803277
1339404942
764948114
760848530
1106665109
729397910
1309535385
1308382362
251503771
1300777627
247448733
712320670
723359388
1126118048
1262175393
721556130
1299803297
253269668
247448736
1266165412
714588327
1107499687
251773610
1331817130
247448748
431358636
248758962
1262598325
729920184
432600256
248441025
1308382403
1279946948
250728133
1330356420
1257245384
253269708
198440141
1126118093
729892560
1330356436
26062549
1331817175
615989976
729397988
208621802
195735787
867504374
148991226
1280456445
1030766334
1308408068
1215342853
1309535494
1126118150
1268333319
1340422406
739413262
1308408079
1339035922
722372886
250734359
253107479
250645270
1106760474
195735833
431232286
116031779
1300727075
723359525
248397606
249493289
1267897132
729920305
719489843
1109528887
361414457
432601403
116031805
116192062
215892285
1106665280
1106662721
1117519172
1106662724
248455497
812703562
253109066
712112972
719489869
730077009
251510101
250713941
206152022
251031894
1279685467
710953307
1331817311
249197922
1263528292
253269862
181491562
1267980652
198440301
240147822
722371951
1276546926
150537589
259443063
251838328
503697276
1123234172
250717564
1331790205
760853890
141779330
251503490
1257216898
99308936
215852940
1262194577
812369810
1326933398
1299121047
1299429790
761292703
760853920
1343596958
1123359140
714520486
1126117806
1299913135
760854959
1324506544
760856502
760856509
714520000
215939011
747054021
1263931845
1340461510
1279963598
252743121
148169681
252193748
1123211732
206245335
1263931352
1300764124
250087395
249795557
251633126
252022247
195885543
1309535721
223973871
1269972464
1280765425
799908853
1330356215
tourism=museum
212
251615235
1280765445
1270688773
761253381
1106662924
1309535756
1287184397
1309535249
208707605
185521177
729397793
799908899
1331780132
253237283
150546471
150546472
252023337
1267897386
208707627
1265372204
764993575
1330356270
251633198
1126015024
520740402
251633206
709749304
1108961337
799908921
432690745
249315385
253237309
1266165309
729397827
185512515
1300785734
711049803
1268333132
812701774
729920081
249284691
743390293
431360087
248575070
1263932001
1300773476
615989861
724739173
251607143
723359849
251520618
1331817066
812701801
1341735532
1266037865
1330356339
206155893
1309535864
1030782584
1299417210
1262175353
206155903
150538889
206385290
1300742795
250090124
1106665101
206242959
253117584
1106665105
1330356375
1262226071
729878681
141785244
142236830
250373283
729328805
250642086
253267631
253117618
714520755
723149493
738166966
760848570
247448773
716313286
248576203
1299429579
253269710
1326933202
724875485
763372023
1280919268
253270756
127974629
1266037989
1339035883
1263931628
1126015213
739413230
716309742
1263932143
654288625
116088567
1106663161
1280456442
1108961019
251878141
185839362
1117519107
1308408068
259483909
1299429636
1308408072
709656843
1117519120
149368082
1106908436
739413274
223931674
1331817242
867504414
248397600
719489313
1278832938
714519342
1108882734
1299175731
1331779893
1299158846
250718526
1309535568
1280456529
1107523923
1265221465
361412442
250638174
765343583
1299931494
253269871
1126015344
1262598004
1346817910
1346817913
251877754
763371902
1108961151
741988736
132860799
1262778754
251503486
432682372
249197962
181496715
723394959
760853903
1123359121
253267859
729351059
190627221
253267861
190627223
1107523992
723742617
190627224
1108882843
729357211
760854939
867504543
1123359135
171103647
520740262
250645417
206161322
1341313971
248458675
812369845
729919927
1267897279
1280456640
867504576
250648514
1279963586
1123359171
1108882373
566484419
248458691
251032009
240143820
251774413
1309535696
252103121
251032019
1308382163
150565336
741988312
1312562652
251949532
536679392
1263508458
742003180
712200685
716316143
1215342577
1308382194
712112115
223930356
799908852
1106663927
1108098041
1262274554
1287184380
tourism=*
212
1280765445
1310940678
223894533
1309535240
1106662921
1280827399
1280827403
116023822
761253391
246781966
724423184
1269972498
1308382229
1108961302
1269564952
185521181
1340461598
729397789
1280827422
723742759
1123234345
250646057
1117518380
1257245231
729338416
248459314
520740407
760848955
1262598207
1123233857
1311362114
1308382274
251032132
251992132
1331780164
1309535308
765343821
206243407
1126015055
251032147
251989591
1030782553
206155867
1126117982
1262598245
729397867
729921133
251845229
1309535864
1339404920
1126015100
249415293
259451006
654362752
250090117
250090119
206385300
253117589
206385301
215948437
1107499674
142236831
654288544
721556130
764639911
723359914
251504812
150546605
101482670
150546607
1309535918
729313457
251877558
654288568
710953146
248758970
714520252
760848571
1126118083
654288586
1266037962
251520719
724860625
1346890964
1309535445
1263931607
248575705
1279946971
714519260
201153758
730148063
150538462
234635486
729397986
1268333288
723359465
144141035
654288622
1280919278
1330356221
723111159
812707575
361411831
1106665212
1308408060
1308408063
142693128
132860169
739413258
248459019
1107523856
760530711
151236888
246782232
431232282
722372893
250638117
1263931686
723359024
738187059
1340422462
249196869
195735878
729357127
206245191
1265221446
248459078
812369741
768160589
249196880
867504467
190635348
729357141
711247701
765343577
223941978
719489883
738187100
252745568
1107523936
1267980644
1309535588
148174696
729328489
760853867
1265221485
250757998
1126015345
737084275
1346817913
722263933
711247742
954702725
1300949896
722515337
1262598026
1265221516
724834189
812369812
248187797
1331790230
729357206
760853910
722515354
1262598043
206161308
432689566
251032481
1263931814
1308382119
1280746413
1262598064
765343665
730184624
1123359155
1308382135
186054073
211319737
240143805
1123359168
250163649
1308382145
246781893
141804998
1299766727
719489477
248432582
240143819
251783631
729397712
712112082
249795538
716116437
1309535702
150565336
1108881882
1308382171
1262693858
741988841
1270688747
252744172
764926955
723359726
1326933487
252744174
100261361
1331780076
248576500
126136821
765343733
723149303
1117518845