16
building=warehouse
212
1270688773
1262274566
721528327
250371080
721538059
223952400
1299766801
761253397
747853846
1308382231
223894554
729397787
223952412
1106664995
115402284
1331817007
1280827440
234655281
714588722
1263995443
1108960827
714519613
799908926
654362686
344188995
248535111
1309535305
566473805
246782030
1108960846
1330356306
1300785746
566497362
1309535317
248632408
247449177
768155226
760848988
115402335
765343840
1106662497
742003299
1266037860
250768486
206155879
101588584
1300773479
247449194
1340588651
765343851
251783789
765343853
1330356337
1308382839
247944318
1262226046
1266165379
253117572
1345207432
1300368520
719489162
253117577
1299417227
1339404941
1300368527
1108961425
251843217
115958423
248459416
738166937
1107499674
190647451
1266165401
729397917
1266037918
248758948
247448741
1263932070
1262598311
150546600
1330356392
432598699
253269677
1299417262
206245037
1279946928
729313458
1106688180
1126118070
208767163
1126118076
110344380
116036797
1126015163
253117632
730148032
712320704
738166978
654288572
729313478
26062535
654288587
206385355
1108961486
251769039
654288592
710953169
253107411
227147991
251614939
1331817186
812707556
1330356453
1266037998
760530670
1278832879
1308408049
116088564
1280919285
1308382454
116088568
1345206521
116031749
1265221384
739413258
1340461834
248459023
185839382
739413272
1331779865
1267897626
1108882718
1106760480
148166433
253461798
1117518637
1108961070
723767085
1340422457
1336627003
1306866493
848010055
723767116
115504973
251768655
738187092
115929429
250718037
251950425
1106664281
719489883
721528669
1106663262
729921380
1301476197
253265253
1123234157
1106662767
1340461424
1264458097
760853878
251840887
251523960
812369785
1106662778
1263931261
248441726
743390591
248187778
1106663812
141779332
1265221512
206113163
867504530
1123359124
142205844
1117518748
1108961180
248576412
248459171
171103653
714400166
248576422
1331780010
714400176
1106663860
760848310
723359160
1108098040
654389691
760856508
867504576
251032000
1331780034
215939013
714520010
764639695
712320465
1108961234
151015378
719489495
724842458
716316127
1267897313
1308382689
223973858
142218730
742003179
250638317
867504624
259444213
250644472
industrial=warehouse
212
208707587
223945733
250736646
1310940679
723742728
1300829711
1270688784
763372049
1262693913
1266165280
251773473
1262598178
432676903
1262693929
251520556
742003245
720058414
1106662960
741988401
654570546
154543667
1309535284
1108864564
729921078
1309535287
724871736
1339404858
723395134
247856190
250648643
1339404871
1262598220
761253968
1262598224
729397846
723358808
1341735515
729892445
1299417181
206155871
725277279
251032161
247449186
1262175332
210677352
1269972588
719489134
1269972594
812701811
250642037
251032181
534883451
764993662
100253316
711049348
1262175368
1339404938
1280456331
1296524940
115958414
812701839
1330356368
812707474
1106664595
738166932
654288534
812701847
1106663064
247448730
1346811555
248758948
1263932070
249800870
1299417257
1266037931
654288557
206245037
250373295
1330356400
654288561
1126015154
1108960943
723395254
1266165444
1299417286
739413190
1266165449
1123233994
1257245387
206385356
250737356
99308750
1309535439
710952654
716309717
1346890967
195735769
208621787
344190173
1280919263
250377439
252023520
251503840
1266037987
1106664676
250734822
1108961513
248432874
1308408044
712112879
248700925
867504372
1308408053
1280919287
1108961532
116031745
250638595
1123234054
250647310
228832014
1308408082
1308382484
251031831
873135896
250087707
739413278
711089951
1263931680
1309535520
1106664227
812703529
739413290
739413291
1263932206
1326933301
1308382518
724422969
251877691
1108882245
1299931464
654307148
206245200
1308382545
250713941
1267980631
1280456535
729351513
729920858
1265221468
250735966
250735967
1331790176
730148191
115504992
154789219
1278851940
224919399
181491560
251633001
198440305
240147825
764647797
1126015351
714588538
144130938
1263931774
1331790212
181496715
1299931532
1117519250
259447698
1308382614
1340461470
223907745
1262329763
812369831
722515370
251877805
1299106229
384860085
250715063
432681912
760856507
215939007
812369857
722372034
1262329797
729357256
251633100
1311361998
710952411
251633118
101591519
730185183
251615201
223973855
1269972452
185485286
251633126
1299766761
764926954
148638703
252744176
1262693876
249196532
251520504
714520570
1305390587
1287184380
1308382205
1123164670
1262274559
landuse=industrial
212
520740353
251615234
1309535233
738186256
799908881
1108961298
1300750864
1308444184
251950105
251633182
720058399
1108960800
1311362081
1330356258
799908898
1263931425
1108960807
1330356264
1300785705
234655274
1309535279
1269972529
248459317
223894585
1331817018
1108864571
737083967
1262598207
229548097
1268333122
1126117958
251949640
1308382285
812701775
738166864
1309535826
253237332
729397848
812701785
1339404892
1324508252
1340461662
1269976670
116089442
248575075
1108961379
737084002
247449190
1331817064
738183785
259427946
654306924
250736237
1309535342
1108960878
1215343216
1106665585
812701822
1299417216
198440067
1346973316
206385285
1106664071
1117518986
729397899
812701837
251503758
251948175
1126015118
253269649
747846287
101582483
1345207440
196248738
760848549
206245032
1126015145
729921707
1266037932
1268333229
431358639
1339404976
1262598321
1339404979
1126118068
712162486
1117519032
1265221305
716116153
431360188
248441023
654288580
738166983
482754760
1309535436
1299429585
1262598353
206385365
1346890967
253265111
716309736
1339035881
127974632
1309535984
248700662
1266165494
848009977
1331817209
654288635
1106665212
1108961532
1278832892
251838209
1106665222
1301476102
716309768
724871946
148640524
185530128
248397589
251838744
954702620
248397597
867504414
1265221407
1308408096
739413280
1278907176
724871979
1262597932
248397613
1267897646
186000176
1257245489
1123234096
747859258
729357118
1300835135
251520319
714400065
249493317
1108961095
1108882763
723360077
1309535569
1331779924
954702677
250640212
738182492
1072128862
253265247
250645342
848010081
234636642
99308903
711247719
99308905
251615083
1126015341
1123359087
867504503
249590648
251877751
1106662778
253269879
251503487
148637570
1265221508
250736517
226387332
1264458118
722371976
719488906
116023179
760856463
251032467
729351065
760853916
723742623
1267897248
1261636518
1123359157
248575927
432681912
253107130
148169661
148179905
714589121
148169668
1108882375
761254347
867504588
1106664397
248532434
812369878
251615192
206245337
799908826
1331780058
250643420
251032031
1263508451
251032036
142218730
1262598124
126136816
1299429874
1270688756
1269972473
1106662907
1108961277
1263931391
amenity=loading_dock
212
867504642
723742723
1299766789
251032072
1305390600
738186251
1309535756
1108882445
1126117902
1263931410
741988884
250718741
1108961300
1126117916
382043165
1305383456
116014624
738186273
799908903
1262598194
724842547
720058419
1123233846
1309535289
251032125
186049087
1126015043
714520644
738166853
432593480
1126015050
1308382284
1300759628
1299417167
1266165328
1126015057
185512534
1308382807
1269976666
251032163
251032168
251032169
247449193
1347006061
711049839
1280456305
250768500
719489652
130009718
115402356
1106663033
714588793
1266165369
729351294
251877511
520740489
115958411
246782095
712286865
1341735572
760848533
1263932054
812701845
1123233950
729397921
729313444
743390373
729921190
654306983
760848554
206245039
253267632
1266037937
1309535923
251844279
1268333241
250714298
760848571
253117628
716116160
723358918
1299417291
1326933196
1280919245
1215343311
247448785
1126118098
110344404
738167000
195739866
716116186
1330356443
1279946972
739413216
812707562
253117678
712200430
711049456
234662129
1308408047
1339035892
1326933237
1266165495
739413245
246782720
719489280
132835586
1267897605
954702602
1266165516
1308408077
711089935
738187023
954702609
250087702
148991254
432696599
720188696
730184997
1106665259
251031852
361414446
186069294
208710454
250087735
738187064
724402488
432678200
711049531
1300835132
208770877
251520825
251768639
1279969592
711247681
729351492
738187076
714520393
714589003
1299931467
248459084
249197910
249493334
1305390587
253265246
812369760
729351010
1308382566
1267980651
1276546925
250734446
259443055
1107523953
116019573
1107523961
720058233
99308922
249590649
723359614
1262778750
1126015359
150713217
716116358
762927496
729357202
714588562
768261015
223907737
1330356123
1331790237
714588579
710952869
722372008
148216745
1308382123
719527345
1309535666
206386101
1311361975
721528248
723395002
1299766715
1308382140
1340461504
1331780034
1262329795
201145285
251030474
729892298
747054031
718065616
729328595
1263931349
765343704
1269972444
248397790
716316126
115938785
799908834
1299766753
215929828
1331790310
252200941
249795566
248576495
742003184
126136820
208625141
1262693878
185521143
251518459
799908863
shop=department_store
212
1297298950
716316166
1262274576
1106663443
251774998
251775001
251843101
1299766816
252025894
723742759
234655270
1262693933
248459310
1305383469
249591344
729397807
115956786
154543667
1330356276
1123233839
1126015022
1269976631
799908919
789294641
1330356280
1340461627
251032125
729397824
729397828
710953541
1339404869
251032136
116191817
729397834
1308382286
1215342671
1309535824
1331817041
248575058
431360084
1308382292
185512534
1269976660
729919576
1215342684
742003294
249415264
1266165347
252744183
712200297
101588586
210677356
250734704
1269594736
1106663538
132844144
116020341
1300773496
250768508
760848509
1340461692
1117518974
654362755
206385286
812701831
1339404937
1339404949
1278902933
259443352
536679065
1339404955
812701852
1262226079
1309535903
723358372
206245032
1299417262
208771249
248758961
1106664628
729919670
1279946939
198440123
738166983
729313480
1339035849
110344392
206195915
1309535436
1108961484
206385358
1308408014
253269712
1339035855
739413197
253269715
253265108
1279946965
251503829
251503831
1107499735
741988570
1215343325
1106665694
253270751
760530662
208750312
1030766316
116088558
730148085
1108961017
1339035898
248700665
1276540156
195739900
1126015178
246782719
1106663165
1280749826
148651272
185530121
712200464
1308382484
252024597
248397591
712112410
248397599
251823394
249493286
259428136
1309535530
142708012
711049518
739413294
812716852
1126015287
1340461369
1262597950
250736453
1278832968
223941963
1299429708
1108961101
743390544
250371409
115929426
714520915
224900947
208772952
1331817305
1108882265
723359066
253109086
1299169631
150538595
432596839
1262597991
723395432
1267980650
768260972
1280456557
714519407
246781811
111381875
1264458101
1267897717
1299766646
116019576
1280456570
253108094
1309535615
722371976
761253259
1267897750
1330356124
250096543
1331790241
251949987
1308382627
760848293
1308382630
171103653
1123359147
226457515
724748206
1030751150
760853935
1331790256
711247282
760856506
719489979
1330356157
1123359165
252030400
722515402
206196171
1308382155
251633114
251633115
712320476
1301476319
248576479
142213093
765343718
115402219
1117518828
148638701
252200943
249196532
223920118
1262598135
711247869
shop=variety_store
212
250736128
1106663424
1279555589
185477126
1265170951
185524231
115954182
140240906
1308382219
742003212
251520528
724842513
1330356242
1309535250
208707602
1308382229
1270688793
1331816988
382043165
1299766814
729397791
251611167
1280827430
1309535783
714520105
1266165290
252023347
1107513396
1309535284
1338392630
723149367
148648505
251520572
654362686
1266165313
1309535298
223894595
250648647
251032137
738186831
711049808
482756179
566497364
1300785749
712200278
520740439
1123234395
742003294
738183783
251783786
1280456302
1106663024
223971952
1108882034
1309535346
247943800
1280765560
1330356349
1108960895
148185218
206242946
206155908
1269972613
1262175368
252025480
215882891
251503756
1309535372
251503761
115958421
760848534
764948120
247448730
760848540
148158621
208765086
760848543
208789664
1265171101
247448738
760848547
712286884
249590436
224905893
247448752
251520178
729919670
247448758
710953146
729921726
654288574
730148032
1279946947
251520196
1268333253
716116167
1280919240
1308382409
1262598344
654288591
1108961487
215939793
714519763
1266037972
110344404
716309718
252025560
116039387
150538464
712112354
712112869
1266037995
536682221
723742446
654288623
760530670
150540529
1326933233
116088563
116031743
1309535490
712112901
716309766
1106662664
1308408075
1276540172
1108882706
723359507
250087703
132860184
249493272
249493276
99308829
250371361
724371750
250737447
1340422439
729357103
723111223
1299766585
1265221433
812703546
361414457
1262597949
873135938
1331779909
867504461
1106915157
148170583
1106664281
208726363
208772957
1106664801
251877731
536546148
1340422502
1340461436
520740222
1107523969
729351042
1308382595
251520900
198440329
1267897227
148165517
206161296
248187793
812369810
1123359124
1308382614
712200600
760853913
251775899
253266843
248575901
723360159
764639650
712200611
1261636516
148216743
724842411
248632238
720058289
384860091
185513405
1030751166
1123359167
1308382144
148169666
250642884
250642885
1299766727
730147784
722515400
1123359175
206196171
1331780039
1215343565
1123234264
251633112
723359715
1262598123
1123234283
1308382189
1331790316
249196528
1300768752
249196531
1270688760
208725498
1326933500
117381117
shop=supermarket
212
1280827393
710952969
738186249
716014603
1123234316
738186253
1268333069
724842512
251032081
729317907
146398744
251633181
116014626
251032100
1265372196
812701735
1262598184
115402281
762927662
724842544
1108864564
1267897397
710954551
250644536
712200251
866829372
742003265
1215342662
185526349
250646094
250638414
1330356305
1123233874
431360085
765343830
1330356313
742003291
615989853
1108961373
738186847
1347006047
714520161
251032165
730184807
1347006056
251032172
729397869
1267897460
1108961397
206155894
1269972596
248433278
615989887
747860094
130096769
812701827
1262175364
761290378
724871820
206385293
250090127
1330356369
1262175379
1263931539
251898013
1268333216
760848545
711049379
248758948
747846310
250096807
1268333225
1262598313
723359914
1265171113
1268333239
1265171129
1340461755
729921214
1299417278
714519745
712162501
235417287
1108961485
116039378
1106665171
206385364
253270742
1305397462
743390424
711089881
1279946969
1108961504
714520802
760530658
714520291
730184933
1331817198
716309742
253117683
1278832891
248700669
185839360
249433345
150540546
110344451
139778309
253270280
739413259
116192017
248395540
760530711
1215343385
716116252
251031838
711049503
1340461346
250638119
954702632
1308382503
724871978
954702635
1108882220
116031792
739413297
1257245489
251031856
716313914
1106665275
116087610
251878207
520740161
251948360
714520393
1267980619
1106664276
1117519189
873135958
724371798
251031896
1299127129
186056026
260026708
1117519196
249197918
1267897182
1215343458
1265221476
534396263
763371881
1215342954
251877740
251520367
1267897717
1299766646
1300949883
223901051
251843966
724779390
760853889
250737539
1123359107
248700805
503697287
760853896
1123359113
1280456589
132869518
171103630
714519441
738182549
722515350
99308949
761292696
1123359125
1262329755
1331779998
1340461470
1331779999
251032483
763914665
729357227
1263931819
719489454
384860082
724848052
1262329781
206386101
1262329783
1123359158
1262329789
115924926
654389696
722515392
1108881863
1108961228
148169680
1331790291
1030751188
720079829
730185183
1106664416
1330356191
115938787
1305375716
724848099
1312562668
1330356206
259444209
1262598131
117381117
1308382719
shop=doityourself
212
867504640
716014595
1309535236
711247876
115954182
1215342597
1269972488
729986569
867504650
250647053
251774998
146398745
1330356253
251032096
730147362
198439972
248430117
1305390633
234655276
224901165
742003247
1262598191
1305390641
729921078
251574840
719047225
723742777
1280827448
1106665532
432593469
799908924
1123233857
250648642
654362691
1107513409
1308382789
251032135
1299423306
1117518925
1262598221
1269972561
729920081
247449173
253237333
253237337
1106665565
253237342
566497376
226544736
116020328
251783788
742003310
737084015
223971955
1300773492
1030782587
259451007
1339404927
812707460
201155207
1300368520
1106662538
1331817102
747846286
1108961425
1215343250
99343514
196248730
520740506
190647454
100250785
1106665124
729921190
764639911
248641707
247448747
1126015149
1126118062
716116143
1309535918
1341735601
1108960948
1106664123
1266165436
1309535426
1262598339
654288579
1279946948
246782150
259451079
1257245384
250728132
711049930
738166986
251839182
250646738
141796054
733458137
247448795
198440155
116039387
716116188
1106664159
729397988
1278832873
710954221
714519278
733458161
739413234
1339035892
1308382454
1279266551
1309535487
1280919298
741988619
185530124
1301476115
1265221397
1347617558
1123234071
148167449
1267897626
148167452
1215343389
1104700190
1276540191
251775774
720188706
253461795
714520874
252343596
250638125
1262597938
1299429684
1340422452
1262339382
1308382517
250718529
1301476162
738188099
954702659
1280456517
848010055
253267272
248575307
250714449
248576343
1126015319
1267897688
738182491
1215343460
714520420
432596839
867504491
148174700
1267980651
250757998
116019570
1072128887
1262329720
1123359095
1265221498
741988731
714520444
1106663291
520740222
719489407
198440320
1117563264
1267897729
1262194562
1262194566
1117563272
761253259
1280456589
171103631
1340461455
768261012
1311361941
1330356120
1326933401
1263931289
1280456606
1300717472
432689570
171103652
760856486
1308382634
520740267
1324506543
185887666
1301476277
714588088
148169659
764662205
1262329794
250642885
729357254
101591501
251774413
1117519313
251950556
730147298
250087395
1308382180
1305375718
799908847
250641393
1269972470
1268333046
716014584
1287184382
shop=convenience
212
711248385
730147333
251636742
251615237
250371080
1287184393
1330356234
738186250
1123211782
1270688781
1330364946
729921054
226457633
250717224
1123234345
250646057
1257245231
1269976624
1106665010
1309535283
1308382262
1269976630
1262598199
1263995450
1311362107
250097211
1126117949
1269972546
251877956
1308382793
250760266
729397834
1300759628
765343820
251520592
1126015057
738166869
765343829
185972313
206155867
247449179
1299417183
1306838624
1340461668
1106663013
250737764
1268333171
251520628
250737269
251948150
1263931507
253117559
812701815
711049850
812707451
534883456
250734726
1263995533
760848527
1126015126
190647449
250640538
1108961434
190647452
190647453
1346890909
737084064
247448737
1339404960
1346890916
1263932070
1339404969
1268333225
747846313
1108960940
1108960942
1108882610
251520178
1309535924
738166962
654288568
1300790968
1106663609
1265221308
253269692
711248066
1330356420
1126015173
26062535
1280919239
1279946953
654288586
135861450
224923340
738166988
712320717
738166986
246782666
1262598354
251947731
26062546
1107499733
1106664162
1123234019
1279946981
719489255
724860650
190634226
1268333299
729398002
248576248
1108882173
248576253
739413247
1263931649
1280749826
1106662661
1309535495
1117519115
251889942
1308408087
140238615
1106772246
185839388
724871980
186069294
251780910
1331817266
1309535544
249196865
729892675
1215343429
115929415
1278832968
249196875
1278865228
710953294
251774287
249196878
186056017
1267980631
249196889
251632985
250735963
208726363
1270688767
115946336
251031909
723111269
1108882277
111381864
186059625
1267980648
148174696
1108882804
248429941
534396277
251534197
520740216
1299429760
1117519236
722515332
250736517
252008326
716116368
1123359120
185479059
1264458132
762927513
760853915
251950492
251633053
1339405215
384860065
206113187
1107524004
1331790246
760854955
1106662830
384860085
1326933437
719527363
1123211726
100245968
1117518804
720079829
723359191
259444186
1269972443
1126117852
251633118
730185183
1108882401
259444195
764639716
1106664420
115402214
1108098021
1263508456
799908841
1280456682
250641387
799908838
148638701
1311362031
1312562675
1300768756
1308382198
716014586
714588667
259428348
730184703
shop=clothes
212
1287184385
1268333059
250714631
1270688776
1262693895
738186251
720058381
223952400
710952474
250737182
1300750879
1309535778
1330356259
1263995428
1280765479
812701740
1311362098
1263931443
789294644
1108098104
234655290
1263931971
1269976645
1309535308
1330356307
185512531
135824470
719489625
246782042
738186844
709436512
709436517
251032166
1268333157
1308382827
1265171051
1106662510
247449200
723359347
1123233908
1262598262
249415289
206242946
1108960901
223954055
253117577
1345207435
812707469
1266165392
654288533
1266165401
729397913
1309535389
208765086
361411231
1266165410
251877542
1331817128
723149484
1330356399
251949743
224905906
1257245363
712112311
253117625
721529018
1299417275
812701884
1126118083
1108882117
723358918
1108961479
1299429579
738166988
1309535436
1268333261
1268333259
100250835
259483859
1308408021
1106665689
1107523802
110344413
234662112
110344417
729397992
1108961005
723742446
1265221359
234662126
1280919301
1308408069
185522955
223917836
1340422413
954702607
1308382485
1346891030
1106665750
1308408088
253107481
738187034
246782233
1309535518
250087711
1108961058
1299429667
1106662690
741988647
724871976
739413288
1278832935
1278907179
1262597932
719489324
1299429678
712112942
115972904
249197869
115504946
1267897138
1126015287
1339035960
1279685438
1265221440
249493313
250736454
1117519176
1296501581
765343567
251632980
249559893
1278832982
738187095
208772952
714587988
115509594
251031899
208772954
724765022
812369759
253485918
1262597984
1267980638
722515298
1267897701
1331779942
722515304
186059625
724371305
1280456555
111381868
1072128877
240147822
722352495
768260979
253269877
534396279
711247736
743390587
1106663804
198440317
132860798
1309535615
1262194562
1311361924
1106663815
1331779978
724834191
760853906
719489427
1299121042
1331779990
1331790232
1126117787
1331779996
1107523997
1123359135
1330356132
1331790248
250643377
1267897268
1308382644
253107638
1340461495
186054072
721528250
1308382142
1338285503
1308382144
536679873
201145286
1308382157
248772046
1108961229
151015378
1030751188
1269972437
251949539
1268333027
115938789
250642917
249193958
1263931880
1331780076
799908845
1331780079
1326933491
1123211768
722372089
1326933500
185521151
shop=hardware
212
1300735488
761253379
223945731
251636742
250733064
226457617
711248402
198439959
252415511
539249177
223952411
1299766813
1269972518
812701738
738186285
762927662
729397809
1106662962
1269972531
116014645
251633206
1339404856
866829369
1300697658
250648635
1108960828
250646076
185512510
719047232
1123211841
1106664520
738166859
1108961357
251950671
1263995471
251989583
738166866
1280765520
253237334
1339404888
719489625
566497370
1266165336
1106665052
1215343712
249413728
253117538
251032163
760849000
765343852
723359347
1266165364
250768500
1262226040
190638201
1308382328
1266165371
206155900
1126015100
1126015102
150570114
1299417218
741988996
1266165381
742003198
253117577
1300742794
1263931534
743390351
100254864
208728211
1331817108
1266037908
1339404950
206112403
253269657
148229278
1108882592
747846305
1330356385
1108960931
1126015140
654273191
741989032
723742891
1268333234
247448767
615989952
1268333250
743390403
747846340
100250821
716116167
251878089
247448779
1123171532
724764877
729412305
867504339
739413204
738166997
132839126
1308382424
738167002
1346949339
116039388
710954207
720188640
140277985
1126015202
253265123
251520223
812707558
208621806
730184944
253117683
251520756
208750327
1280919287
566500093
654425855
259483909
206196487
712320778
116031757
251878158
738187022
251838737
741988629
253107478
738182425
132860186
250643750
248575783
248397609
724871980
738187069
723359552
253461825
812703554
714519873
250718529
206153545
1262339401
253267275
1072128845
223971154
1117519187
249591127
720058200
1280456537
432598362
1279674724
432690535
1106664296
1265221481
867504488
1123359083
115505007
190641520
240147826
1346817912
1117519236
249559941
1262329735
1264458123
1262329740
248187789
1280746382
761292690
1106665366
714520470
761292696
251775898
1331779996
251518367
1262598048
250096549
1262329765
711049639
723742631
1308382117
1331780014
250717623
432681919
761253312
250642885
720188870
250735559
1269972433
812369875
1269972435
206245335
1309535196
101591518
251615200
223918561
1108882401
251633122
1108882409
1273237995
1030751212
1308382191
765343729
251615221
223920118
1030751225
251633146
1106663932
215964669
1108882430
250163711
shop=furniture
212
1346846213
1305390597
1305390598
185521164
1311362062
1308382736
1268333073
251778579
251032084
1308444183
1308382237
223952414
799908895
223957536
760848415
738186274
1262598179
1262598178
250717733
1280827428
799908904
250638376
1262598184
1305390636
116014637
250372146
1126015027
789294646
1108961340
250097212
720058430
186049093
719489607
1106662473
1126117961
206155858
1280765524
712200278
1106665046
1269972568
738186846
249413728
534883432
1339404907
812701805
253237359
738166896
116030576
1266037872
723359347
1308382838
1107515513
1106665081
259427452
1266037884
1269972607
764639873
1300742790
250090122
654288524
250090125
1280765583
1107523727
765343891
812701844
101582483
253117589
711049378
1108961444
1308382376
729313449
1266037934
1268333232
198440116
1123233973
1279946933
251572919
1308382392
1106664123
432600256
1126118083
729313478
1330356423
615989961
1108961483
132839117
206385359
1215343311
110344401
1268333264
227147991
1215342809
1308408027
1104769244
1108961503
1215342822
714520808
712320745
729398000
250718451
723395316
730148085
1346890995
1280919283
1106662650
1309535488
1276540172
148640525
247431436
1123234063
1280456467
1126015256
248397594
251902237
431232285
251031843
1106664227
251031846
1215343398
738187056
1108961073
208710454
1280456503
251768634
248539970
712287042
248539972
1299766599
1262339403
1108961099
1340461393
763915091
1278865236
1340422486
249559897
251504477
150568798
721528669
722515298
251615075
149368171
1126117741
1126015345
1331790197
724779382
251840887
741988731
132860798
171103614
1262329734
1309535623
1280746376
722515337
251877773
1262598031
206161298
1262194580
223966103
1262329752
723360151
768261018
1106665367
1339405217
171103650
1215343012
250728870
1263931303
248458668
1262329772
384860078
1123359151
724848048
1262598066
1126117810
432575924
729357234
251520946
1330356153
206386105
760848315
764662205
250648514
1262329797
110480326
764662215
1106664393
1311361994
250642892
253269454
251947471
148169683
253108180
1308382166
1280456669
724842461
251032033
1263931362
1262693857
116015077
250641383
720079848
1305375724
1270688748
259444206
100261359
716316142
761253363
1330356214
251032056
432686076
1269972478
185521151
shop=electronics
212
1308382215
1330356232
251520520
1330364939
723149324
1331780109
1308382222
712112653
1330364942
1308444184
1340461598
1270688801
251633189
1268333094
1309535269
1269976614
1108864554
1331780140
710953018
1268333116
1215342653
223894591
229548096
186049091
764639814
432683079
223960648
1126015050
812701771
1269972557
1268333134
1263995471
1309535316
714519639
1262598232
249413727
765343841
251032161
654569571
1266165349
764639850
812701806
1126117998
250734704
1123233904
206155895
1330356345
1262175356
1030793859
1268333191
1262598279
714519689
1339404938
1269972616
1279271565
251503758
251503760
1280765584
760848528
1308382355
251520149
253269654
1266165400
1117518491
1215342747
101582494
248577183
1331817120
738166945
1108961442
253269664
250643626
723359914
1108960940
1299417260
248758958
1126015152
1107499702
251877560
1108961469
26062526
716116160
1263932096
737084096
361414341
206385349
714519752
148213961
1305397454
195735762
738166999
1341735639
1267897562
1106663134
251877599
1107499744
116039393
1280919263
150538464
1265221348
250734821
739413215
247448798
729397983
1126015203
760530666
250642670
1331817198
848009969
729328370
1106662647
566500093
1126118145
1276540162
1162454275
117379843
117379844
1117518599
115936010
716309770
116031759
116031760
148227349
116031768
185839391
252743459
1309535532
248397613
1278907183
739413295
117374770
714588978
1106664247
432678200
432678202
724422971
1300835132
250713921
250736450
115504962
252415814
1331817290
144137038
1309535569
1278832982
186056023
249436504
1330357595
251632989
520740191
1278851942
99308905
1262329706
253271918
1264167792
723360115
249585524
534396277
1265221497
1106664830
252024197
288033160
1257216905
181496714
248187785
249197965
760853903
729921425
171103636
250736534
1263931303
765343656
1123359147
223907756
1311361964
1126117806
724748206
1278900142
248575927
148178874
1308382651
724748227
716116421
747054022
1123211720
206196170
1108882379
101591500
206245324
1279963596
722372043
248575952
1308382161
1106665424
1106662867
799908818
249795541
1265170903
1030751195
251615197
654354911
765343711
1269972449
1306856418
1262693858
724848099
1280456677
711248359
1330356204
1117518832
1330356212
1215343605
shop=mobile_phone
212
1108098048
1280765442
1346846211
738186246
1117518855
251835399
1351320585
1106664458
1309535243
1330356234
251778579
1108960793
729397786
799908890
1330356256
223894562
1262598180
714588197
1263995428
251633188
730184752
253237297
1308382777
1269976635
115402300
1262598203
719047228
249552449
1263995460
1108961350
1106664519
1308382278
115543626
248806988
250760270
1126117969
1266165331
247449172
1309535829
738166868
1123369043
251949665
223894627
1308382309
1269972583
1266037865
259427945
1300773483
1340588649
432697965
1308382316
1346997363
765343863
253117560
520740473
1117518970
1263931517
712200319
251520128
747846273
1278902912
1106560643
206242948
208727173
760848517
654362763
1341735563
1106665612
1123233939
1263932054
1300777628
1299803293
1215343263
253117604
738166955
760848556
1107499693
247448749
1106664619
253269680
1340461749
1266037946
1117518522
432593600
1299417281
1330356418
747846336
246782661
729921735
729919688
1266037960
253270740
1106760405
729986261
110344409
198440155
253270748
1126118109
1330356445
116039389
150538464
729921249
1108961510
1108961512
253270765
711089903
724871920
1280919286
223947510
1106665208
848009977
1308408065
1267897089
249590531
1280919299
1269977866
251950348
251878158
1126118161
1108882193
1346891027
185522963
248539926
150731549
248534816
738182433
724860706
1308408096
1108961060
760530722
1215343398
812703530
150546732
1104700206
251031856
711050032
1106664756
1107523892
730148150
1309535543
1280456503
1262597945
250733881
251768634
1262339388
1126015287
198440254
812716862
1108961083
1280456514
115509578
249315146
1267980620
251877709
250371917
1072128848
1126015319
1108882265
249493338
1267897691
248641883
198440284
250737508
1331779942
741988713
1309535596
1106662766
251615088
1262598004
534396276
253269879
1264167800
763371902
1308382591
141779326
1264458114
1072128902
181496711
171103628
1227814796
226457488
171103634
1280456599
729351065
765343641
954702746
760848289
1263931300
760848295
1262598058
1341494188
1123359148
1106664887
747054009
1123359162
252020155
724842432
729892291
1311361992
1331790282
249795530
148169675
248532431
1331780058
251615196
1106665437
251949532
1269972449
252744171
1215343597
250761209
248458750
shop=shoes
212
1269972485
723664390
185482247
1106208775
1330356232
185521162
724423173
799908878
185521171
251032092
812701729
250371106
799908900
1108961317
714520617
1269976626
723742773
1108961334
251633208
251032125
248535105
1263995458
1106664001
1268333123
1265171013
223960646
1269976656
1123233873
1266165331
1300732500
729397847
1266165336
185512537
1265171034
251837022
725277279
1266037861
711049832
1263932012
1269972588
206155886
253237359
716214893
1339404914
1263995511
249415291
1126015102
1280765566
252025473
1263932033
249415298
1106663555
1126118022
1341735558
250090122
1266165388
206385294
259443342
1345207440
1336613522
1262598291
206242965
206385302
1262226071
248459416
747846296
251844760
1030782621
1106665120
251947689
1309535402
723359914
812707505
247448754
1107499697
208621749
116190903
1117518520
1279946937
723149497
723359421
116036802
1279946948
1308382406
1310940664
615989961
739413195
1266037964
206195915
1266165454
1280919243
710953169
747846357
186066134
253265116
520740574
251839201
251520741
1309535462
234662118
250090216
259451112
144141035
234662127
1106760432
722372850
251524339
190634229
1346890998
248700662
1123234046
760530692
1346891016
1108961032
724871947
714519820
248440589
1276540177
1339035922
715983123
148651283
140650779
150731548
739413277
764647710
251838755
1106664227
1265221415
248397607
251823401
739413291
259428140
867504431
251031859
723742517
536679736
253461816
724422971
1267897662
1109418312
248455497
144137038
1265221455
729921360
248459089
186056018
723111252
186056021
148170581
729892694
144137052
1280456543
115509600
251520357
761324391
1123359079
259446120
954702695
148174696
723360110
249197935
520740211
722515318
743390583
116019576
1117519226
741988731
710953341
714520958
1262194564
1106665348
729921415
1107523978
1300949901
812369811
1330356117
141777305
520740250
1106664346
1299913117
1261636510
712287136
760853920
252025762
171103652
760854951
723360168
250377641
224904615
723394990
250646447
215889337
1123211708
1262598083
185889219
722515398
251032013
1308382157
741988819
249795551
1267897313
215929828
799908838
1331790313
1280765419
1263508460
1326933485
760854000
251615217
799908848
1280765431
1280765432
shop=alcohol
212
711248385
246781956
761253381
723149317
712112135
1331780104
226457609
742003211
432697355
186000398
1308382223
1263565329
208707601
721538066
1108881944
1268333081
146398745
1331816986
720058396
799908889
742003230
1300750875
1330356257
1123234339
250638376
1126015023
1269972530
1106665010
709436469
1330356278
799908919
116082235
1126117948
720058433
714520644
26061895
251032136
1308382282
223894602
1106662992
253237333
1106665046
738186838
1262598233
1309535324
1269972573
712320609
746912359
1126117992
253270635
738166896
1299417201
654362740
251032181
1030782587
1267897468
712112768
1300742785
1278902919
198440073
253269642
1262598281
1215342732
764921998
1106662545
115958421
1262175382
1266037909
1126118044
1306837148
1299417251
729313445
251504809
714588330
729398444
148227761
1309535921
1107523764
760848564
1299417271
253269689
738166971
654288572
711049405
196248765
206385344
482754758
738166982
1106665161
1305397454
1331817168
1330356432
251503827
1308382419
1308382422
1330356439
26062553
253270745
1280919263
201153759
730148063
1107523812
1106663145
724860649
234662129
1309535474
711049458
1106760434
132860148
253117689
1280749818
1106662650
739413245
1345309951
1126015231
721528578
711089932
714434321
142693139
1299429652
185522965
148167446
1107523864
1278832921
1265221404
738182433
251776804
116031780
250371370
251878187
1339035948
714588464
142233392
1108882737
1262339379
738187060
1108961278
1106760504
729892665
251878204
251520319
1106662727
738187084
1126117713
148170579
249559892
724371798
251031897
1263931740
115509598
1072128863
250082147
738182500
722515301
760854381
150537586
181496691
768260980
1108961139
144130938
1108882300
723359614
252022142
730147713
1299121027
1300949894
1264458120
1264458122
248187786
171103629
1264458125
181496717
1123359123
1108961173
1330356117
1264458134
1123359128
1324503449
1261636506
716116378
1106662812
181484959
1331780000
1106664352
206161313
760848292
1106662822
760848299
712112052
250715063
1215343544
1330356157
226457538
1299766723
722515399
249795534
251032021
1331780056
1300754395
208713692
1308382178
724765155
99298281
742003179
742003180
251032049
1270688755
1269972469
1270688758
1308382203
250717693
1287184382