8
amenity=school
212
1308382723
251615236
761253382
730185223
1106662921
1330364938
1269972493
1106664463
1126117905
1309535250
799908881
721528341
1340461592
223952409
250716703
1309535779
234655268
198439972
1308382250
1257245231
116014641
1269972531
742003251
1330356277
1339404854
1126117939
1269976639
1308382277
1299417162
1309535306
250643020
738186831
234655318
1269976663
1262598233
1106665049
249413721
566497372
1341735517
206155871
1308382819
1299941988
1106663013
259428347
738186857
1108960876
251837040
1268333169
1126015089
1266165368
249415291
1269972605
1330356355
1030774916
1308382203
223954055
1300368521
259443338
115958415
100254864
654288528
253107347
1331817108
1108882580
250642071
729328791
251838108
1330356387
1106663076
723358372
1331817135
249411761
1299429557
250646710
1330356407
1326933176
1266165432
714520252
1299417278
737084096
729313479
711049930
248576203
1331817167
253265107
1266165461
1107523798
201153749
615989974
1280919258
724739291
1267897562
251947739
1266037982
253265125
234662126
741988590
190634226
1309535474
1266038004
1280749815
1267897080
1106665208
249315579
1279266556
1108961531
1280749823
711089920
1345309951
1107523839
714520323
716309764
248432902
654307079
116031753
1117519113
215890186
1106665737
248440589
1276540174
1331817225
248632592
1308408082
1339035924
1276540180
1266165527
760530712
1263932184
431232282
1331817239
251031836
729920797
738187038
738182433
142211363
140650788
812716837
251031846
1278907176
1340461867
1265221420
1104700204
249197873
1117518647
724871992
185951544
152856378
116031805
743390526
252415808
215892289
99308866
249493313
714589003
223916364
723360088
1331817305
250735963
1262778718
1263931744
253265254
1267980648
1299429744
1106664305
768260977
1117563258
1280456571
867504507
1108882304
711248263
1107523978
867504524
1299766670
1299121045
1311329688
1126117789
729351070
1108882335
760848291
1267897255
1126117803
760853935
1296572340
712287160
148169658
1341494207
1108882370
1123211722
251032012
206196173
99309008
251615191
150565336
115938781
251633118
259427807
1269972447
724842463
720058338
1263931877
1280456681
251032041
867504619
1273237993
208625131
1287184363
1308382195
1309535220
126136821
1311362041
1299766779
729919484
building=school
212
117381124
748739596
1262598158
1331780117
1123233814
1311362073
1330364953
250371105
250371106
730147362
251032098
1123234339
1305390638
1331780145
1331780147
1108864564
1311362101
223894582
1269976627
1108960824
1268333114
765343807
1309535298
654362694
1269976649
566497362
249795666
1341735512
210672728
1339404890
1262175325
812701790
738183785
711049842
1331817076
1268333172
186858104
738186872
729397882
1269972603
252025470
1269972609
1030774913
1262598276
1030793865
1106665101
742003341
1299417234
1330356373
1072120985
1268333209
253117595
1123233948
1309535901
723358367
1330356384
1309535906
1107499683
719489190
248576167
186042024
747846311
150546604
1266037935
249411760
738166962
250371251
1106663090
1108882613
251844278
743390392
1340461753
26062526
116190912
361414337
867504322
738166984
482754760
1279946960
132860116
739413208
248433370
246782687
716309728
226387171
1106665699
253117676
733458158
1030766319
1126015215
250096882
1266165492
709656821
1266038008
253117690
185522939
223947516
250929917
254347007
1280749823
723742465
1257245442
254347010
716309764
1108961032
1265221387
716309772
1030766347
1309535502
1267897103
1308382480
148651281
250734359
1309535513
1262597918
1309535519
738187041
724860706
1117519139
141806882
253108005
1308382504
1106664232
719489324
723767085
738187053
1309535537
1278907185
1331817267
249493298
1339035959
712112952
1331779898
714588474
812716862
140664128
1326933312
1299158855
520740174
253267279
729921872
768160593
1278865236
1331779928
252745570
520740195
253108067
1267980647
1108961127
1262329703
1326933354
867504491
251877741
534396270
1215342959
116019570
737084275
534396277
867504502
1123359094
148951925
534396281
251615093
711049597
722263935
724834180
250737541
1265221509
722515335
760853900
712112014
116023184
1227814805
1123359127
132869534
1299913120
1299429793
148216743
251518375
1262598058
722515371
181484978
1308382642
719527351
722515383
747054011
1108098041
1280456640
1215343043
1311361988
1326933446
148169673
240143820
1311361997
1279963599
712162257
729328599
1300754394
252103131
1268333018
1331780061
1265170915
1308382694
1126117870
251032048
251839473
1331790322
1326933488
1269972469
251032055
252744185
215964670
amenity=driving_school
212
116086274
185482247
723395083
223952396
738186253
186000398
148657167
922312716
206268950
198439959
1106665496
1309535256
115402269
1106665502
1340461598
1299766816
1331780131
742003235
116014630
432676902
115956784
116014643
1108098100
248459315
1262598198
1269972535
150537795
1308382276
1299417159
738166856
709749324
1309535315
250648148
251520598
720064601
1106663002
1108960859
1106663006
1262175330
1262598242
812701807
251877490
1263931507
198440054
1299417211
615989887
253117573
729397894
1269972615
1278902920
1266037897
201155210
1108960907
361412247
1299417242
1262175386
1306837147
115575967
1268333216
654288547
764647591
711049388
431358637
761243822
251504812
142232243
150546613
654288566
1266165431
760848567
1123233978
760848571
1126118077
1331817150
729921214
1311210687
432593600
1266037954
361414339
1108960957
482754757
26062534
741988556
1280919247
1346949328
247448791
1268333274
1265221341
1280919265
1280827391
253117692
1107523837
739413246
1309535487
1278832896
1278832897
954702594
1326933251
1267897604
115936005
1030766338
730184969
1308408073
737084172
1276540172
1276540175
148651283
185488148
723358485
251031830
729892127
1262597921
249493281
250638117
1263931686
1340422439
1265221417
812703531
1104700207
954702641
116031794
1263932211
1262339380
195735861
1126015290
1300835136
252025664
712287042
760854339
1262597955
714588488
723742537
1331817290
867504464
1308382545
768160595
1299127124
361412440
251520864
765343586
259446115
1108961124
259443045
253269863
1126117741
741988718
1299121006
1331790189
722515313
171103602
251843952
714519415
1264167800
763371895
954702714
1308382587
712111999
148165506
1262194570
763371915
724834187
1300949899
760853910
724402592
1106664352
150538656
1106663332
1331780004
250377641
1331780012
1106663852
181484978
1107524019
1300738485
716116414
1308382143
250717631
251950016
186054082
252030398
867504574
723395015
1280456652
251774413
249795534
432593871
1299766732
249412049
1268333015
723359191
252022235
1123234269
1331780062
1301476319
712113120
716316128
1287184351
710952931
741988324
743390696
226387436
1312562670
1311362030
1270688752
1215343600
724423150
799908851
1326933490
1308382196
761253362
251615227
1326933503
school=*
212
718065664
1262598145
195885570
1268333059
716014599
1308382728
249591304
249591305
760854023
922312712
761253389
1123211791
1305383440
743390738
1308382738
712286740
729919509
1126117916
1108864541
250718750
1305390623
922312736
812701732
148981797
1330356268
1268333103
115956786
720058422
116014647
1300785722
1269972542
719489598
1330356288
1269972545
1117518911
812701758
714520644
1300785734
765343821
1268333134
1280765524
1106665046
234655318
520740439
812701786
132864603
714520673
737084002
247449187
247449189
1330356330
1106663020
743390316
253117552
132844146
210686583
1308382331
247944316
729328764
248433278
1266037883
714520192
251520128
1262598274
1269972611
1126118022
1278902920
812701835
742003199
1266037902
206385294
1262598288
712286865
1339404946
1262598291
747846286
253117584
760848527
190647454
1107523743
1117518497
812701858
249800869
1117519014
248758950
760848554
1267897522
251520185
721529018
1326933179
1107499708
116036794
1299417278
714520252
1309535933
1309535427
251520196
1126015176
1280919241
1310940664
615989964
1268333262
206385362
1308408020
1308382424
1330356441
132860122
251947739
1305397464
253270750
1331817198
654288627
1309535990
1345206521
148991226
250929917
1268333310
1308408061
1278832897
1308408067
781849349
251950342
251774219
248575757
1338296078
252023571
1308408084
738187027
251889942
1126015254
1108961049
250371358
186069286
250737447
1215343400
739413293
954702639
1265221425
251031860
738182461
1300835134
1279685441
1262597955
1108961095
1108882761
714587982
1267897166
1106664276
714520919
1299429721
251031899
229546332
812369759
223941985
520740195
150538595
253269864
99308905
115505004
729397614
1106662767
1265221489
722515313
711050098
1264167796
1072128886
1331790200
248187769
1123359099
1117563264
252008326
1300949894
206161300
1106665366
760856470
1264458134
1117519258
1331790236
1123234206
1331780002
1300738467
1331790247
729892265
1126117801
954702764
1126117806
1300738481
1308382137
1308382651
1108882367
224903103
1279963585
1262329794
729892291
764662214
729397712
729397719
712200668
259427806
251615198
259444191
520740321
720058335
1108882406
251633126
142213094
1108961256
223930356
1300768760
1123211770
248458748
1268333055
amenity=music_school
212
738186243
249314821
1280827398
1309535241
1268333070
185524239
1270688785
712200211
1269972499
729872924
234655261
1126117916
1126015007
1280765471
250574880
1262598180
812701733
1265372200
1123234345
250644527
866829363
866829365
1330356278
714588216
1265171001
1280765497
1268333119
1262598210
1262598211
248806984
1308382793
251989580
738166861
1280765524
729892437
716116566
1324508250
1263995483
1339404896
729397856
1262598242
1330356324
1126015079
253117544
229534313
1265171051
1338391154
765343858
250768501
116020342
1262175350
729397884
116009597
812707452
1117518463
252020861
130096769
1123369603
1108960901
1262175366
741989000
253269645
760848527
765343889
1263995538
246782099
1340461715
724871829
1299417239
729397912
812707482
1266037914
206242970
1117518497
198440100
1339404965
1123233956
724739749
741989032
132839080
1267897518
249800880
761243824
1108960946
729313459
1266037943
101482679
1299417277
1299429569
1126015169
723395269
1308382410
738166988
1309535438
1126015185
723358930
1266165459
1305397459
132839125
116039378
1262598357
234637023
253265119
246782687
729397986
1123234020
1126015204
1107523815
1126015209
654343408
186045169
190634227
185522931
1123234038
361411831
1108882680
1108961535
1308408064
150714625
781849346
1266165507
1126118148
1263931654
206196486
1276540169
1117518604
710954253
714520343
760530711
1108961050
249493278
719489313
1117519139
1331779879
1299429671
259428137
1340422442
1306866485
1279969590
198440247
253108025
711049531
1106663751
1117519176
206245195
520740171
720058192
251632980
711248213
144137048
1299766618
1279685472
1117518701
1106662766
729351535
1265221488
253271921
722515310
251615091
1108882804
1262598007
1126015351
1299429753
534396282
144123258
768260986
132860798
1117563263
252022144
141779330
719489417
1108961177
867504542
714400158
1261636511
714588579
171103653
714400166
761292714
248458668
954702767
1341494200
1215343546
714589116
185513405
226457534
722515391
812369856
722515394
1123359171
1331790274
566484421
729357255
1267897287
130097610
1263931851
1108882382
1310946254
1267897806
1267897297
252103126
208713690
248419291
1269972446
259444191
1309535209
1262598126
1300768756
1269972469
1331790326
215929847
1106662910
amenity=language_school
212
1269972480
1308382721
1305383426
1305390592
250736644
249591301
1126117889
224870414
1030751248
723395091
252022292
1330364951
738186266
742003227
1309535259
226387485
208707615
720058399
253237280
760848932
1331780132
251032102
1108961318
234655269
1108864552
1269972526
1262598191
1106662962
1331780150
764639799
1309535290
152885827
251032135
1126117961
1263931978
246782028
1330356305
812701778
1299417170
1266165336
251032153
712113241
566497370
1106665565
812701790
1324508253
738186849
1309535333
520740460
223902321
1106664052
1262175349
1106663033
248433279
520740480
1030793859
259443338
100254862
154783374
729397905
1107499667
1299417237
1339404952
654288536
729921690
1123233947
1108961435
247448730
729892518
249800875
1126015150
712286895
132839088
1266165425
738166961
1339404979
615989937
260027572
250646709
738166967
248758962
1123233977
1262598327
1107523770
760848568
1123233982
714520767
223961791
1266037954
812701891
247448772
1331817159
747846345
747846347
142202064
1262598353
1280919251
719527635
251877588
1299429587
1268333271
739413207
739413209
110344410
247448795
1309535955
246782685
1266165470
196248796
246782689
812707558
760848379
1104700143
737084145
1308408050
208707581
251520756
1280919283
1308382455
743390458
1276540157
1108961028
1265221384
1340422409
1126015242
1117519120
1215343377
116031764
1308408084
431232282
1112166684
724871964
1308408094
431232286
1309535519
115530017
1308382498
729921199
1108961063
954702635
148166445
1309535533
250735409
251031860
1265221429
762497847
250733882
206153539
249196869
206153542
812703560
1108882761
1299766602
223916364
249591127
250717023
1265221474
848010595
253269862
116019565
1215342959
763371888
768260979
251838836
253269877
253271926
111381875
171103618
181496709
171103623
724402568
1308382600
711247754
1331790219
1117563274
1308382616
171103641
716315038
760854944
714520486
1123359144
954702764
722372018
132863414
764662214
743390663
250641863
201145290
1300605899
1117518796
250735050
1299766734
1331780047
151015377
227144663
1336611288
1326933473
251032036
99309029
250641390
1270688753
716014578
1108961267
251032052
215929844
1280765427
720079863
1126117881
1263931387
1326933500
223894525
248458750
amenity=dancing_school
212
1330356224
761253382
1269972493
1268333070
1270688782
253237265
738186260
799908885
709436445
1108960797
1108961310
116014628
760848932
1338392617
251032108
799908910
1305390641
198439985
711049779
1280765491
210757174
711049791
1266165312
742003264
186049090
1268333121
253237313
1308382789
1108882499
799908927
250648645
1269976649
234655310
253237328
729338449
812701777
253237331
206155861
738166869
1308382296
253237337
812701790
738186847
729397858
210677352
1269972585
1106662505
765343849
249415276
251845229
142230640
716116085
1269972600
1308382331
1262175355
250768508
206161023
1346890880
724739199
1346890883
723359876
714520202
1300742794
1262598284
812701838
1278902926
154783374
1340461713
101582483
738166931
760848535
1339404952
1072120985
1126118042
729397915
206385307
132862110
1339404959
747846303
1215342752
99343520
101582495
764639904
1341735587
1262175398
729398432
99343528
747846313
1265221294
249800884
251844279
716116153
729313466
1106664123
253269692
251504828
251504830
1106663932
812701891
1309535943
1126015176
723359947
206243019
712320717
206385356
1108961492
227147991
110344414
208621791
250734820
1108961509
1308408044
1106760429
1280456428
1330356464
716309749
251877625
150714618
716309756
724871933
1309535997
719489793
739413255
250638094
739413271
248395544
730184987
250087718
1106664232
142211370
711049515
712200492
724871991
1340422461
714520895
710953279
251768639
738187080
115504974
711248207
1262597974
1267980630
115929431
99308890
229546330
765343578
520740189
250638174
181491550
208772957
1299429730
186059618
1308382564
1262597987
250717032
867504488
1276546922
722515311
1123359094
743390583
954702715
1106760574
248187777
1126015362
1262329737
760853899
1280456589
1108961166
720058255
1108961169
171103634
181496724
722515350
536546201
760848289
432689572
712112549
171103654
1262329765
760854952
251633065
729920426
1263931819
722372013
1106663854
724848048
760856497
252022193
1123359155
1331780020
812369844
760856502
765343669
719527352
1311361978
1341494204
1308382144
251775946
148169677
760848334
1331790288
251032016
1123211733
250643419
1268333020
1308382187
100261359
742003188
251950584
1267897337
724842492
1262693887
amenity=ski_school
212
1309535232
723763208
1269972492
1262598158
1263565326
1106664463
729317907
251032087
1262598170
251775003
253237277
1215342626
760848421
742003237
251633192
743390760
799908907
1269976629
789294647
101481528
149400643
251032132
140215878
432593479
1330356300
248806989
1269976654
719489100
251989580
1299417166
1269972562
1108960851
250643028
251032147
738186838
765343839
1030782560
738186853
1299941991
738186855
1108882536
1280456299
1269594733
253237359
1262175344
132844144
1309535347
1268333172
250768501
1341735542
812707444
729397881
1266037881
1299417214
729397888
1108960898
1330356356
148976775
250717320
615989898
1330356363
1300368524
1262598288
738166929
1341735572
1262226069
764948117
190647448
723753114
654288539
1126015130
1265171104
249590436
708207780
654306982
224905895
206245028
724764840
150564525
101482670
724871855
1309535925
1263931573
729404597
247448757
1340461753
716116664
1330356417
738166982
253269708
246782670
710952654
247448785
251769041
259483859
251947730
251520725
1331817170
535364817
1106760416
654307041
1280919268
760530661
1339035879
1330356456
144141035
1331817196
251877614
1263932151
1279266552
1309535483
1104769281
1266165506
110344451
206196487
1030766343
1108961031
737084172
714434323
720188696
115530011
1309535516
1108961053
250717470
248534816
140650785
1340461346
195739936
253108009
719489324
1299429678
724871985
432591668
747859255
1326933306
1265221436
714400061
812716862
248576319
1336627008
115504965
1126117703
223941961
1108882763
743390539
251774287
100247890
248641875
1267980629
250736981
1279674712
1267897688
250638174
1108882782
198440289
1263931236
1108882277
224917862
724402532
148174696
259446120
181496691
867504501
148951925
253269878
251615096
185519477
181496699
1107523969
729920385
1267897731
1280746376
248700808
867504530
1264458130
1280746389
1343596956
954702757
729328550
185887666
1263931827
1106663860
384860087
206161338
1326933435
711247807
1299429824
1340461504
566484417
148179908
761253319
730147784
1262598089
251032009
729351117
1280456659
1308382163
249795545
848010202
812369884
1287184356
1262693861
251615206
251877861
760853993
1331780073
1262598122
1262598125
148638701
742003190
1280765432
1126117883