4
healthcare=*
212
1280765445
250736646
185477126
246781958
886045193
748739596
738186253
1308444181
1331780119
1308382233
224920093
223889951
1266165282
208707618
1262598180
1309535270
1108961318
1280827432
1108882471
185484330
1269972529
1117518388
101481525
1106663988
250643004
730147392
248394820
714520133
1263931978
714520139
1308382285
1106665555
714588756
709749332
1108882003
1330356313
765343837
742003294
714588256
1308382821
1266037863
251838056
251947624
1341735532
738186863
712162417
206155889
432692850
250737268
742003318
1266165366
206155897
812701817
764639865
1269972605
1106560643
1300742788
1268333189
100254856
1341738633
1345207435
711049868
1107499662
250090127
206385295
208728211
251947669
1072120982
723395223
723358873
253269658
712320670
1346890912
1279946914
848010402
1265171108
654288551
247448744
760848554
248641707
431358636
723742891
765343406
654288558
729313459
249800884
251844278
1265171129
1126015162
747047099
760848571
1123233980
116036795
1108961472
361414341
132839109
747846350
738166992
1280919250
185513688
1346890972
247448797
201153758
253265126
724871917
1331817198
739413234
733458165
1257245432
1126015229
140228350
185522942
739413248
1106662657
954702594
247431421
1266165514
185530122
251838220
1126118157
1338296078
1331817231
724371733
764647710
251031842
714520356
1126118182
148166439
115972904
250733863
249197866
954702635
223943466
1278907180
724871985
738187059
1265221431
747859256
1265221433
738187070
252025663
252026689
252744513
1215343427
520740171
738187091
722371925
723359574
724402518
1123359075
711049571
1108882277
1263528294
1267980645
1267980647
240147815
240147819
253269870
1331779950
1117519214
251615089
738187124
249590650
760853883
1265221501
1267897729
251633032
1299429772
1331779983
1215343504
251775889
711049617
1299766675
954702744
1261636505
1263931289
1343596956
251032482
764639650
132863397
724779431
1308382126
432689585
248458679
251031998
1340461504
812369856
1106662850
720058307
1308382659
148639685
1300605899
1106664399
1310946257
867504599
250641370
223973851
1331790306
1306856419
215929833
1263508458
215929838
259444207
723149296
252200943
250087407
1280765429
185521143
1308382712
719490043
1262598140
185482238
healthcare:speciality=*
212
1108961286
1270688775
716316166
223945735
1262693895
1106664458
1309535240
714519567
198439953
252022292
729919509
799908886
1263931416
251950105
116014622
738186270
1305390623
712112164
720058404
1330356264
1305390632
1280827433
1126117934
1107513391
1331817007
1280827443
1267897397
1308382777
432683067
1311362107
250574909
1266165312
1126015043
26061893
1108881990
1269976647
223960648
1268333129
1309535305
1339404877
1280765518
1339404881
1340461652
1299417172
719489110
1215343702
1330356310
1072097371
729397853
116089444
729338472
251032170
1308382315
1340461675
716116082
1309535349
101481591
206155896
729874041
1106663033
1330356349
1106664574
711049854
764993662
249795711
1030782593
1299417222
1300742792
1262226059
1309535886
1268333203
251503766
250090135
1106665625
1262175386
1300777628
1262598301
1269977759
760848544
1265073827
198440100
654288551
729338535
723742891
1107499692
1309535918
1126015152
1126118065
1279946931
737084085
911743484
747846335
253269698
615989954
1268333257
1108961483
1257245387
246782668
716309715
763919572
712113365
132839125
1305397464
1308408025
251838168
1339035868
729328351
1108960992
482754786
234662116
253265124
1267897585
224947953
714588915
733458165
1280749815
1280749820
254347006
723742463
1106665220
741988612
714588424
716309771
1308408076
1108882193
743390484
251783447
714588951
1331817239
249493276
710954268
1106662686
714434335
1106662695
711049515
251780911
1278907186
1278907187
719489331
1265221431
724871993
115504954
1126015292
248442173
250718526
198440257
1126015299
1299766606
729921872
1267980626
208772947
1107523927
115929434
1108882779
185516892
714589020
1331817307
1308382568
1108961135
1107523952
190641520
763371888
738187124
1262778741
711247736
1108961145
251877755
1126015356
1264167804
1106665341
198440320
251877766
1265221513
249197962
1117518733
768261013
206161302
1299121047
1261636504
1330356121
1227814812
1331790247
716315047
384860073
132863401
722372013
253107630
206161327
250732978
1263931826
1267897778
729919927
1263931321
867504577
724842437
566484421
250642892
1108882382
719489495
718065624
251633113
729397726
729397727
215929823
1330356195
1123211756
765343728
1263995380
252744181
251032060
223945726
250371071
health_facility:type=*
212
1300735488
729921543
1330356234
209250826
1126117903
1280827409
1308382226
1263995411
115942423
724748315
1108864541
765343775
710952485
1123211813
251949607
432676908
116014639
729397808
1108961332
1263931445
1308382782
1265171006
432683072
150537795
760848454
252023366
1126117961
1269972558
1308382803
1030782548
251843157
729397850
1072097371
764639835
1108961371
1106663006
249415269
1262175336
1269972585
747853928
251520628
251032184
1299417208
249415290
248440444
1030793854
1299417216
1126015106
1108960899
215855748
206155909
741989000
1280765581
1331817102
253107343
738166928
253107344
190647444
729397910
654288537
148158617
208789658
1306837147
760848538
251503770
252415651
723358372
1106560677
1126015140
709436584
760848557
431358638
1330356399
1262598320
1263932078
1107499698
1267897522
1331817138
1339404982
723359926
566487736
714519738
253117627
747846331
729338561
747846340
1299417286
1266165447
712287434
729921233
1263932114
1266165460
253107412
250090201
195739866
253265116
253270749
344190175
1280456416
654288611
1301476068
253265126
250090215
259451112
247448811
1265221358
723742446
716309744
654343408
729398002
208738037
1279266555
867504383
250734850
142693126
239991047
252742408
259483911
729328399
1280456465
1276540178
251838227
115530003
1340461334
730184987
250371355
99308829
738187038
1126117660
1215342879
185888034
1262597927
251031849
116031786
253461801
1265221420
729357098
812716846
1126117678
1308382510
253461809
249493302
738187065
1299158845
848010049
140664132
1343593798
250717002
251632978
724422996
1278832980
115504982
1262597974
250735960
229546332
253109086
722515296
1264167782
714519915
249197933
249197936
248187776
1326933377
711247751
760853896
722352521
116023179
724834187
1126117774
1126117777
722371987
1331790230
1108961178
1343596955
1331790237
867504542
1106663325
1262598048
1309535645
954702753
1280746402
432689566
1299913127
190627244
722515374
1106662830
1106662833
719527346
1335406517
253107639
384860089
1331780028
1262329790
1338285506
250735561
1308382667
240143822
251783631
1326933459
1106662867
227144659
724765144
1268333026
799908835
714520041
763377129
712112106
251520496
1108961269
760848379
1308382206
741988863
healthcare=dentist
212
1267897347
250736643
223945737
738186257
140282897
720058387
760854034
763372054
1330356251
251611166
1340461598
1117518880
709436451
1287067174
723395117
1215343667
253237299
1108961339
251032127
1266165313
250648643
1262598215
253237319
1269976653
1266165328
742003281
185512530
250643028
712113241
738186842
1106665049
1308382812
1106665565
1309535839
249795680
206155873
115402336
1309535843
1126015077
253117542
1300773479
250736232
738186859
812701805
1263931502
1263995509
1106663033
1108960890
1126118011
1262598269
1262226046
1308382336
100254849
1280765570
729921669
224916102
150538889
1339404939
716116108
1106665612
253117582
1262598286
1262175377
101582482
1345207441
812701846
729397910
738166937
247448730
654288543
100250785
760848546
615989921
249590434
760848549
1265372328
150546602
1106663083
1267897518
224905904
729404595
248432823
764639929
1299417273
520740540
1106665150
1331817150
1326933185
747846340
206243019
1123233996
253269708
1263931600
253269713
26062546
714519767
116039386
253107418
1309535964
1126015197
1266037981
150538466
1346949347
1339035876
1265221349
719489255
1263932135
1309535979
1331817199
1278832882
185522931
1123234036
1126015220
729921271
1123234040
1265221369
251877625
249315580
1266165505
1030766343
1331817224
867504392
259483914
1108961035
1117519115
738187024
1106760465
1278832916
248397590
739413271
248395544
251775769
729892121
249493283
1262597926
248397608
1340422442
1265221419
712200492
148166451
1331779893
186069302
198440247
208710457
251031866
432601403
251878204
1309535549
1331817290
1126015307
1278865229
251607375
249493330
249559891
208772952
1126117721
432600408
249559899
714587992
738187101
251632998
1106662767
247855472
1299766642
534396276
144130935
1126117767
251031944
503697289
1280456586
1108882428
760856463
1106663824
1108961167
1227814801
185479059
171103647
1262194593
723358627
223907747
1215343526
181496742
729892265
1330356138
206161322
1106664878
206161329
1106665393
250638260
1300624312
1341494204
248458693
251032006
251775945
1123211722
723395022
1108961232
729397716
1123164631
251615194
1308382172
720111588
1330356197
1268333033
1308382187
761253356
1263995372
251615211
259444207
1263931890
716014579
723360252