9
amenity=bank
212
1269972482
185482247
723763208
250736649
1305390600
1305390605
1287184397
799908881
1308382229
1262598166
1280827415
1330356248
116014617
1310940698
1340461601
1330356257
764639779
251839525
1108864549
723395112
723395117
1308382770
720079863
1108864565
799908919
765343801
1108960829
1123234366
1108961344
26061893
253237318
1299423311
251989585
482756180
1268333141
247449172
566497369
206155870
1306838625
116089447
253237353
765343852
729921647
1117518449
1257245302
1299417210
251877500
1339404925
723664511
1117518463
716116101
115958409
1345207435
1278902926
1126015119
1106665105
1299417234
743390358
208789657
1107499677
1330356382
1306837151
190647454
711049379
148229284
1330356390
248758951
1309535403
1123233965
224905904
1126118065
1107499698
747047093
1126015164
716313281
1126015170
723358918
729919688
867504330
738166986
99308748
711049421
253269710
1123233998
1305397456
251769039
1268333266
251769047
132860121
1126015194
110344409
729328351
1106662623
654307041
711089900
1331817200
150540529
1263932147
253117684
253117683
1279266554
1106662650
720188668
151015164
654288640
185839362
1346795266
1308382469
1309536007
714434311
248395536
148651281
250087703
148167449
867504411
252743455
250644774
115972909
954702638
711089966
1300835127
1108961080
253461817
954702650
812703550
1262597950
1300775744
1215343429
724738887
252415815
251632970
1326933323
1309535568
249493330
248426834
723111252
1299129174
1262597976
724765022
1126015326
251031905
729328484
251520358
761324391
181491560
149368167
714588523
1262329708
1123234155
1106664815
1215343473
1326933362
711247735
249590648
185519481
195885438
1117563263
712111999
1267897215
252107648
1262598016
144123268
1285540232
1285540235
1123359115
1324503437
867504525
1308382614
1280456599
246782360
1123359132
1123359134
248576416
760848291
1126015395
1299913129
1215343018
1262598064
384860084
251948980
1302746038
1340461495
520740280
1326933435
722515388
760856510
764662207
654389696
1346862583
722515397
246781893
764639688
251775947
251030476
115934171
1268333020
1269972444
252103132
1269972448
1108961255
1106662888
251615212
1308382189
1326933485
1308382192
215929841
1326933490
799908852
1299766775
1330356217
1269972476
223945726
barrier=hedge_bank
212
1305383428
148220943
1308382224
1309535251
724371990
252022295
1309535768
223952406
251032087
1300829721
1215343644
724842525
1340461598
763372062
1331816993
1308382754
251032099
250717733
1287067174
738186280
1262598184
1108864557
730184755
1266165300
714520116
789294647
1330356281
254341689
1338291261
1266165313
185512519
115981899
738166861
1300759629
812701775
1126015059
183823960
248632409
725277279
712112231
1265372267
1339404912
1339404914
115402356
1266037876
116009591
742003320
1308382330
1266165373
1106560639
1299417216
252025473
747846274
1266037890
206242948
1030774913
1266037902
738166930
1308382358
1072120984
812701849
247448730
1306837147
208789660
208789661
1126015134
99343522
1309535395
249800868
1299417257
1262598313
198440105
251838122
1309984941
747846319
1265372338
1299429555
1331817139
1262598330
253269694
1309535423
116190912
253269697
1117519042
729313477
1266037958
246783176
1266037961
250640586
763919565
1257245391
1280456400
1126118096
1299429587
253107413
132839126
251876056
251614939
1346890974
1308408037
1263932136
1280919275
711049453
729397997
1126015215
1280919280
729351409
208750322
1308382448
654569721
654288634
246782719
253117696
1126015233
723395329
116031745
716309764
26684165
248432903
724871943
714588429
1267897616
115530001
142693137
185522965
250640661
132860186
954702625
1331817252
743390505
741988651
714519342
720188718
1108961073
251877691
250713921
115504963
252415812
724738887
730148172
1267980624
1280456530
259427667
729920850
223941974
251632984
729986393
712112984
250735966
198440288
111381858
251520867
710952808
1107523949
1262329710
867504495
253269873
1106662769
867504501
743390583
724739449
720058235
1299931515
1117519229
171103612
148952448
1331779970
1265221510
724779398
1108961159
99308938
763371915
1265221516
723360141
1331779982
1324503438
1265221515
1262329758
710953375
148226975
248576419
1308382120
1108961192
1330356138
1030751147
520740269
716315055
1267897778
1331790258
760848313
1299429822
148169663
1123359170
248458690
1108961226
249795533
1123164621
714588111
1262598102
1309535710
252020705
1106663401
741988330
1215343597
150717424
251615220
729986548
799908855
251949561
100261370
1300768763
867504637
amenity=financial_advice
212
248576000
249314817
250717698
185521156
724423175
723763208
185524232
1270688779
116023821
729317907
1330364953
724842531
729919524
1269972515
208707622
249315367
1269972518
714520612
1300785707
1305383469
1265372214
799908921
234655290
711049791
1330356287
251032132
1123234374
1299417160
248806985
115981899
1308382284
765343822
1268333137
206155858
1265171027
1126117975
566497372
1340461662
1330356327
210677351
724748392
249415274
848010348
116030575
247449199
1269972594
729397885
1117518461
812701822
100254856
534883466
1215342732
1126015118
1299417231
1299417236
206242967
1215342747
1339404956
196248733
1106662559
1265171104
1266037921
206245025
1107499680
253117606
251947689
1339404969
711049897
237698732
729313453
1309535405
1331817135
1265119923
723395252
110344380
190624446
654273219
747846340
250371268
132870858
1299417290
198440139
711049420
208778448
198440145
1279946963
227147989
739413206
251503829
1299429592
1266037977
848010457
1108882141
1106663648
150538465
712112354
1331817191
1126015209
248432874
1331817199
1106664693
1287184382
1308382455
248700672
654425858
1308408070
1265221383
1309535496
206196486
1030766347
252026636
1106665230
739413263
1107523856
1308408079
1276540189
252401953
251031843
186069284
738182448
116031795
1331779891
249493303
812703548
1308382530
716215108
723395406
250714449
1267897686
1280456538
223941978
714589043
144137053
115504990
1108882782
251632989
1308382557
1106665314
738187102
1123359076
251770213
249197924
181491559
1309535596
251520364
249227631
253269875
1264167796
1331790197
150539126
1106662773
150537592
743390583
1264458106
248187771
1106664827
1117563261
1280456572
761253247
722515329
1072128898
248700806
1108961158
288033160
1264458121
743390602
722352524
760853901
148179342
1106664342
206161307
520740253
181484961
1263931300
1106664869
223907751
1106662825
1299913133
722515373
1306862514
760848307
248458679
248442297
714589116
432681918
1030751168
1331790284
251032012
1106665424
738184146
1117518804
1308382169
723359706
712320476
716316128
1308382177
185882593
1312562660
250087397
1308382180
259444196
1108961257
714519531
1273237995
250735599
716116464
1123234291
1262693878
723360247
1123211770
1263931388
198439934
amenity=atm
212
1268333056
1300735489
185521154
250736643
720079876
1305383428
195885570
1300829704
140240904
799908878
1309535252
799908885
520740373
251032087
1280827416
712320538
234655269
760848424
1305390634
1308382768
1311362039
738186294
1108961340
251032125
1308382270
520740415
250646077
229548097
1269976642
1308382787
1300785732
150537795
253237318
719489607
248806984
1266165322
250646092
1126117972
250643028
183823960
223894616
716116056
1266165337
1108960859
251032159
249415268
250768485
742003193
1308382830
1108882031
1341735538
1308382199
223971957
1299417206
1106560629
1262598261
730184825
250717820
100254849
144484995
615989892
714588294
1266037902
1300368526
251947666
812707474
1331817116
1309535390
253117599
1336598178
812707493
738166949
760848551
1309535398
1279946929
1266037940
251572920
723149497
1262598330
1268333242
1126118076
654288573
615989954
1280456396
1262598349
1108882128
1279946961
253269714
1126118098
1262598356
716309718
1331817175
1340461787
226005212
1266037985
723742437
760854247
1308408039
654343408
1257245424
1104700150
1280919290
116031739
1108961021
1123234045
1266165505
142693128
714519817
132860169
1299429644
150565645
185839375
738187025
251877652
741988629
248395542
1339035933
1215342879
186069283
250371363
253461798
251520807
251031848
739413289
1331779880
252194088
954702636
251780910
739413297
116031798
1339035959
812716862
954702659
1331779907
1280456519
720058184
186056015
115509584
186056018
1263482197
1299127126
1331779927
723360088
115504985
730148186
812369755
711248213
251632989
722515293
1108961114
208740704
729351010
1123359079
148174696
1123234153
252520300
240147822
249227631
251778424
722515321
534396282
1123359100
714520444
252022144
729351042
249559943
1126117769
259446666
719488906
1262598031
1331779989
1311361943
250718615
251877273
251032481
729397668
720058282
206161323
206161326
719527346
719527352
250642884
1330356164
719527366
246781892
148179908
226457545
1308382669
1269972431
186054097
812369873
1280765396
1123164631
1268333015
215929818
250087392
101591520
710952931
716316133
1269972456
1340461545
1270688746
215929839
1309535216
223973871
1030751225
710953970
1280765429
195885559
1126117880
1270688761
1308382717
office=tax_advisor
212
251615234
185521162
742003211
1269972493
1287184397
720058381
251778576
1262274576
116038160
654355985
724779542
1309535254
1108881944
1108961306
723742747
208707615
223894562
1215342626
729919524
743390758
1300579367
723358761
1263931946
1305390635
741988399
251989558
799908918
251032120
1269976631
711049784
254341691
250646074
251032126
247943745
253237317
253237318
140215878
1280765518
1126015055
234655310
1300732499
566497363
210672725
738186838
1269976663
249413723
1269972573
1269972574
723358814
1339404898
765343842
1165292643
116089444
738186856
1262598248
1330356331
747846252
812701812
714519673
224916102
250090123
1262175375
714588304
206242959
1106662545
1308382355
712200346
1106663069
1107499678
1108960928
1330356385
1280456354
247448742
1126015144
730147496
1330356394
150564524
716116143
208625333
248441022
253117631
1267897540
1280919237
867504330
250737356
235417292
482754767
1266165464
251839193
251520219
1330356444
1126015196
760530655
253270752
246782689
215870693
1106664681
247448811
724871917
711049453
709656819
132860148
248700661
361411828
116080376
723149561
253117690
116080377
223947516
1280749818
716309757
1266165504
1104747266
185522948
1266165511
251838220
738187021
185530126
1107523862
248397591
723359000
259427609
132860186
250087707
1280456477
140650782
148166435
251823395
1117518631
249493300
185951542
723359031
1106662720
250087745
729920327
1117519176
738182472
115929418
763371853
1267897166
251632977
253267282
186056020
765343580
1123359073
1263528292
1331779941
1123234150
1123359082
1107523947
1267980651
724779370
1331779947
534396271
714588531
253271924
248429941
1264458102
812369784
743390587
738187132
1299931517
1126015358
141779325
867504515
249559940
1331790214
722371976
1108961162
251504524
251949965
1324503438
867504524
1326933392
743390606
1262329746
722515348
1263931799
722515351
760856473
1331779999
722515360
1117518751
714589091
1126117797
208758695
765343655
1330356136
1330356138
432689582
1331780018
1299913140
760856512
566484417
1263995345
738184146
1279963601
250642901
252103126
252193751
1268333018
101591515
712320476
1262598110
724842463
250087393
1270688745
250087406
223973871
710953970
723360243
259444212
government=audit
212
152873985
729921027
741988357
249591302
246781958
1279555593
210786314
1126117897
251633164
1270688784
1308382738
250647060
1308444181
1330356249
743390756
1330356261
654570545
1269972539
254341693
1266165311
1330356289
250648641
251032133
250643019
720058444
1123233873
251032147
738186836
249590357
1309535320
1269976666
1263932001
251032165
1330356325
738186858
615989868
251837040
1106664052
1107515510
1308382326
729397880
724748410
1263356538
1263931515
100254849
1299417217
711049859
1308382339
1107499651
1346890887
198440071
1266037897
253117575
1117518986
1330356366
1299417230
250768529
1309535892
654288539
1331817120
148229282
1266037925
730147496
224905898
1331817132
150546609
1108961464
253117625
1330356410
747047098
654288571
1262598336
1280456386
1126015171
1308408008
208778443
1108961485
26062542
711049421
738166993
1215343318
724860637
252021471
714588386
1106664676
729328356
654288613
127974631
1030766319
729328370
1308408051
251524339
711089909
223912951
729986290
250715385
1267897594
141785857
1266165505
259483907
1257245444
739413254
250929926
1346891016
1276540170
1308382475
1117519115
251838737
1301476117
1108961046
249493270
251775769
223916825
246782236
867504415
253108000
738187040
738182433
954702629
1215343400
1262597928
249493291
812703532
1262597937
253461809
185951542
1306866493
1265221440
1106662727
1262597959
223941963
1278865234
250736979
724402519
115504984
150546780
249197918
1280456543
1262597984
724779362
250638179
1278851941
111381864
99308905
714520426
253269866
1108961132
249197933
1264167786
1267980654
1123234160
111381867
1326933371
761253246
1308382591
765343616
1106664322
1126015362
722515330
1126015364
1108882309
1299931528
251520393
1263931785
1106760587
1267897227
718065549
1106662798
765343637
760853909
206161303
741988759
1108961174
738182554
1123359138
1107524004
722515366
181496748
252020142
384860083
1331780021
741988792
148169659
714588091
240143808
722515394
1123359171
250648516
714520518
250735559
1123211720
1299766730
1308382669
251775950
1106664399
729397716
765343702
866852310
251615192
249795543
248576476
1117518819
195885543
1106662888
1267897326
1215342575
1269972462
763372023
226457593
1106662907
1270688766
1126117887
shop=money_lender
212
867504640
251633153
1331780107
1262274572
246781966
140239887
1305383440
1123234323
185524244
250718750
738186273
1126117924
226457637
1268333094
1338392618
150546474
253237292
1305383469
1300785708
738186292
742003255
723149367
1106665532
764639805
742003261
1311362111
1266165308
1107513409
1107513411
250648644
1269972549
723687492
116191815
1107513416
729338440
729919562
1269972556
1107513420
206155855
251989586
1269972563
1330356308
1268333147
251837019
716214876
761290335
248577123
1309535333
253237354
1106662507
259427435
253237357
738186864
223902321
534883442
1106560629
1262175350
1126015093
249795711
1262175362
1299417219
1308382340
1268333204
654288533
1308382715
248459417
724871837
1117518494
615989918
1299417248
1330356381
1279695525
724764840
1263932072
206245034
1268333227
253269679
247448753
723753138
1117519032
716116152
1330356415
26062530
654288581
729313477
729313478
1330356423
1309535432
654288587
1268333261
196248785
615989969
1117519063
520740567
741988567
1330356217
110344416
716309736
1215342825
1331817195
1331817198
1106663665
1104700150
729921271
1106662647
1266165501
729328384
1108882177
1299429636
247431435
1308408076
729351437
151182097
739413267
253117719
739413291
738187052
1278907184
730147634
1309535541
115504950
1340422457
954702650
738182462
1267897153
723742529
206153539
251632964
250736453
1299931467
1126015309
223941969
251510101
743390551
1299129177
1309535585
1308382564
722515301
1117518694
1123234150
1308382570
722515313
240147828
743390583
249197943
1264458104
723359096
1299121019
1072128894
248700799
711247742
144130943
724779394
1126015364
1126015365
144123270
1331779975
1262598024
1331790225
729986554
142205844
1262194580
1262329748
1262194583
1262194581
1331779990
723358621
1107523998
1340461470
150538656
1334645151
1123234210
760853924
711049639
181484969
760856492
1301476277
186054070
142228919
1300624310
520740280
1106662842
747054011
760848321
714400195
1331790275
206245317
719527363
252022219
1106880460
251947471
226387408
252103121
723742674
251032021
1265170903
1299766744
1308382681
215929818
799908827
185889759
723742687
1301476324
432682987
716014572
724765165
100261359
716316147
1308382198
1311362041
250736122
1299766779
amenity=money_transfer
212
1300735489
249591301
249591302
223894536
223945737
1270688776
185477128
208707605
1280827414
799908887
1310940696
1330356253
763372062
1305390625
743390758
223894568
251032111
115402287
1309535798
1268333115
799908924
729397819
1123211839
1108881988
1265171013
1268333128
198440009
248806984
709749324
116191820
738166862
482756177
566497364
1300785749
1330356313
115402330
431360093
249413727
253237346
738183780
1299941988
723687526
130009706
1266165354
198440054
1108961400
251877498
729397882
1117518977
1341735561
723358858
1299417227
520740493
812701838
115958415
1107523727
712320657
1126015126
248459416
1263931545
1330356378
1308382360
1107499674
251844253
1309535896
812701855
1126015136
206245028
1330356391
253117608
1268333227
1106664619
150546605
1263932081
1326933169
1265221301
260027575
1331817149
1279946944
253269699
615989956
206153416
873144520
26062541
206385360
1262598354
1265221330
1265221337
812707547
812707548
208621792
1108961512
729398000
1331817201
253117682
208750325
1126015224
1108961017
1266165502
185522945
1308408066
254347012
716309770
1338296075
1117518608
1340422417
723742482
1106772246
223916825
206385946
248397594
729921308
431232286
954702623
252743456
719489313
251823394
115530018
1262597923
250371364
251838755
1108961063
1126015272
251823401
115402239
1267897646
248397107
248397109
721529143
729328439
714588474
250087739
1106760514
248539970
1072128839
711049551
252026710
250735958
185516892
1108961120
250082147
1263931236
1262329701
186059621
1265221477
1299931496
1117518697
1107523945
253269865
150539129
1215342969
132860795
1123234300
251633023
251031936
1299121024
144123267
248700806
1331779974
251520393
738182538
1311361931
181496716
1264458125
760856462
251520911
1263931790
251775889
1262329740
1299766676
171103637
223966102
1330356120
1311361945
765343651
763914663
1106663337
716116393
1262329773
248632238
654389680
1262329777
1263931826
1123359153
1106663860
1108098040
206161339
1331780029
760856511
1123359172
1108881863
253107145
1123164620
253108182
1106662875
1311362011
724842463
1308382179
1263931877
1299429868
1108961261
250087407
1268333041
126136818
654346228
1310940661
1126117878
1326933495
710437365
1326933497
185521148
1262274559
shop=moneylender
212
1270688768
246781954
252416515
729986564
724423173
1340461572
185524231
250733064
1305390600
185521168
724842515
1309535764
799908885
922312730
729397787
1280765468
185521181
724748317
1263931423
1330356253
223889951
719527966
1262598176
760848932
1107513381
198439974
1308382249
1300785707
223894574
729397807
724842546
799908914
250646068
1330356278
1280765497
1309535803
252023356
1106665020
234655294
1123211839
1266165312
1308382272
760848449
223960643
765343811
253237312
760848455
712200270
737083987
251843155
148168281
1324508249
762927705
1269976670
148985954
249413730
1300773476
761290341
1262598247
1331817063
253117549
1347006063
250647664
729397877
116009591
1268333178
1269972610
148976777
760848524
1117518991
1309535380
1266037912
1266165401
1330356378
206385307
1266037915
812701853
812701854
1299417246
729398432
1117519005
253269668
247448742
1262598313
520740525
738166960
761243827
1123233971
247448759
251838137
1108961466
116036794
760848570
26062525
723753148
1268333242
206385344
116190912
615989954
714519234
1117518533
132839109
1126015175
711049418
132870858
1266037966
1339035858
1126118099
716309717
116039386
132860123
520740572
250090214
1299429613
1326933237
223947510
361411834
1108961532
654288637
1340461825
1280749828
139778309
1276540165
714434311
1106662664
739413262
1117519120
1278832921
185839388
210795806
250371361
1339035938
1106663201
739413284
720096546
1117518631
638721832
250087722
1278907180
1108882220
738187052
711089966
1309535549
1331817277
1270688761
249197888
743390532
206153541
1331779910
1267980616
1340461898
252415819
768160589
208772947
248576343
1299127129
249493337
249559899
1106664801
729351010
259446115
1280456557
719489906
141803379
1331779957
741988725
1280456568
1331790203
738187131
761253247
248700799
711247747
1262329732
1331790222
1300738454
729351065
1262329753
251032480
1117518754
954702757
251520422
1126117799
730185128
765343655
867504549
1126015404
716116402
142228919
1335406521
253107646
1280456643
1269972472
251877846
1269972440
1309535705
215929818
714588635
250643418
724842464
1108882401
1331790306
1287184356
716116454
1108961261
724765165
1308382703
249795565
251633133
115939829
251633144
1308382713
723149307