6
vending=parcel_mail_in
212
1309535232
1215343616
1270688770
520740353
720079876
716014599
724423175
799908873
761253387
714520591
1308382736
1330364943
716316178
1269972499
712113174
922312730
1262598172
1308382238
1330356258
1330356259
251633191
250644522
1269972522
738186284
253237292
714520110
115402287
812701750
1339404857
185950781
253237309
799908928
186049092
1269976644
1311225414
1126117960
248806985
738186830
714588751
1106665552
1300759634
1263931474
482756178
185512534
737083992
1262598233
730184797
746912353
251032161
239989860
812701802
730147434
1346997363
251032183
1309535864
1308382328
248575098
1268333182
1266037887
1106665088
654362760
1106664585
761290378
1339404937
1117518988
1262175373
115958414
1117518478
520740501
1126015126
253269655
148229273
206242970
208789662
1308382366
712112287
253117601
1330356389
1266165414
1279695525
729338543
237698737
723395257
1266165442
1266037955
1126015174
1262598345
1108960970
1309535951
1265372367
723395282
1262598356
1280919253
1266037974
739413211
1279946972
1309535968
116039392
251838179
1267897572
1215342822
253117677
208621806
148227824
110344433
1104769271
1266165500
867504383
714519298
250093829
1326933496
116031753
115936010
117379850
148665616
954702609
1215343380
208728343
1106664732
195739933
185839392
251520805
250713894
739413286
253461799
185951525
250638125
251031865
723742524
714520381
252025662
432678205
249197890
250736452
140664132
738188100
99308878
251768655
186056025
714520923
1280456541
720188765
714588511
1340461409
867504482
741988708
1262329701
250737510
259443046
867504491
1331779948
1309535597
1126015343
848010095
1126015347
1299429753
249590650
248700797
1106664830
251031936
1262329728
760853895
729921415
1330356105
181484941
150569360
760853907
1123359125
250736534
171103638
251032472
729397657
720058264
1299766677
1331790229
1108961183
1261636512
722372001
190627242
1299766700
954702764
1262329774
248458670
1262329777
760856500
1117519285
712112566
723359160
1117519291
432681917
248458686
185889219
206196168
1215343565
240143822
248532435
760853971
720058332
1308382173
1287184350
206196192
251950049
250642917
1308382183
1270688747
101485548
763377134
742003184
729872888
1330356217
714588667
250714622
amenity=post_box
212
712200192
765343749
730185223
250718728
721538059
223894540
223952400
1263931921
1309535251
1310940692
729919509
251950099
1269564952
1270688793
1300829720
116014622
1123211806
1126117918
760848418
198439970
251839525
730147877
252025894
762927657
1108882474
251520556
1106662957
1331817010
1269976626
1331780146
718614069
1308382266
737083967
729397828
248791621
1309535306
729397840
654322258
249590356
206155862
1106194008
251032152
1268333146
742003288
1263931482
729397851
738186848
724371554
253237349
250768486
259427431
520740456
812701803
249415278
253117552
1263995507
1108960886
1266165368
1265372280
1266037882
250717820
1309535357
1030774913
760848514
1107499660
1106560653
765343888
1107523731
250090131
99343511
738166936
1308382361
712200346
1262226075
712286876
1106663069
1126118046
1299417248
729397921
1309535394
1108882592
729313446
760848551
1339404968
1299417260
1265372338
1262598335
1330356415
738166975
615989956
250095812
110344392
26062538
206385356
1280919245
251839182
1266037966
716313296
110344401
1280919252
132839125
1308382429
116039390
1268333279
208621798
654288615
724871917
1108961517
1279266550
724871927
1106665208
867504379
150538491
1280749819
1280749825
1280749826
248700675
1106665741
711049487
1308408083
1308382486
115530019
99308840
812703529
873135914
743390505
1117519147
1126015277
711089964
1278907178
724871986
1106664756
1280456503
723111223
520740161
738187074
250737474
250736450
1331779905
140664134
1331817287
1123234125
1107523918
723359570
223971154
223925074
1117518678
148170583
250735960
1263931225
1267980634
1108882267
251031906
1262597987
1108961125
1265221478
1267897706
116019567
1262598000
724779378
714588531
1331790198
1263931767
185519480
259443063
1123359099
738187132
729357180
1264458110
251031936
722371976
1301476233
1280456586
206161295
1265221520
760853906
195885459
171103635
141777305
1126015389
190627235
250733991
1107524008
252022185
1108961195
1280746411
252030385
719527348
384860088
246781884
206245317
722515398
251032008
730147784
206196168
722372043
249286092
1330356179
251947476
251877846
1106665437
1309535198
867504608
1299766754
251633124
1280456680
250087409
1106664946
1326933490
1263931383
1331780091
208707581
amenity=post_office
212
799908865
226457602
195885571
738186244
1309535237
886045193
1108961294
719527951
148657168
1263565329
711248402
1330364947
1262598163
1106665490
224870414
1280827412
185521177
116014617
148177434
1310940703
729397792
1263931936
1107513376
251633188
251950124
1126117934
714520631
866829367
115402300
251633212
1108961344
866829377
251777090
250646597
251032133
742003272
1106665049
249415262
251949665
253117539
1126015077
738186855
208725096
1308382312
742003309
729397871
198440047
716214901
252020861
730184830
812701830
115958410
1108961419
1266037910
141785238
251503766
361412247
1106665114
1117519004
712286876
1339404958
206242974
142236833
251950243
1309535396
1330356389
520740517
729313445
1299417253
1330356390
760848554
253117607
1339404971
729313453
1331817137
1126118065
101482675
812701879
1108961464
1309535417
250714298
1265221306
1279946937
1300790968
1340461759
747846335
100250821
250728133
1266165446
729350856
867504330
1339035852
747846349
1266037966
741988567
1106760411
1339035871
482754784
710953185
1266165475
251838186
1106664172
1106760429
1108961007
110344432
185522929
739413234
208750323
1280456434
132860151
739413242
116031743
1257245441
1257245442
1339035907
867504389
252742408
729351437
148640525
248459024
251031829
1261584665
712200475
738187039
723360033
252743459
739413283
719489324
251031853
738187059
739413299
250715959
361414458
1331817276
1126117695
1265221446
248459078
140664135
1263931210
248459084
115509581
724738893
361413457
248641880
1072128861
1280456543
1263528288
743390565
520740197
1278851943
250736487
760853867
111381870
116019568
150536054
710436729
248700795
1267897215
226387328
150713217
150713218
248187778
1340461448
1308382600
1264458123
1331779982
259446674
711247763
760853913
738182554
250717083
729351065
1343596955
251518367
729357217
235429796
1308382117
251520422
250094500
723742631
1263931300
1300717478
722372013
250716086
741988792
722515386
99308992
248458690
719527363
250642887
1269972430
252103125
812369878
1299766744
251769819
248419292
249795551
1106665440
259427807
251615199
1331780067
1123211745
195885543
1269972459
99309036
252200947
723360243
1280765427
721528310
252744182
799908856
208625150
post_box:type=*
212
1270688772
1330356229
251841540
251835399
251032073
1269972493
721538063
1262693904
1310940689
741988368
714588687
741988884
1269972495
101481497
763372058
224920093
1299766816
1311362082
765343779
1106664996
1262598183
1280827432
762927657
738186285
1269972530
724871732
718614069
1267897397
729397819
719489598
186049087
765343819
1299423308
198440013
1309535824
1106665552
1309535314
1106664019
1300759637
742003291
720058460
185512539
764993630
1030782560
746912357
210677350
1299941991
229534313
1330356329
714588274
1266165363
812707444
249415283
520740476
248433279
1257245312
747846274
247944322
201155207
1106665608
1296524937
1300368525
729397902
210687634
206112403
101582485
654306966
711049366
1262175388
1126118046
729397919
1346890913
1215343268
1279946917
1279695525
1339404968
1331817135
431358640
654306992
1265372338
723753138
1107499700
248576199
1257245384
101482696
251520199
743390411
250737356
132839117
1123234001
201153749
654288597
738166997
615989976
723395289
1330356442
208621787
712162524
1331817176
253265127
253265128
1330356456
253270763
1108961008
251520758
867504389
654307079
733458184
1308408076
1339035917
185839373
723358485
148991254
250096921
431232284
252401954
720096546
251823396
729328423
1309535530
252194090
738187054
186069302
1262597943
1126015287
1262597945
1299931456
1341736256
1278832962
1308382538
1265221452
186056021
248576343
186059613
1308382560
1262597986
115946339
251632996
253269858
111381862
251031911
723360115
1299121013
714519925
253271928
714589050
1264458106
1107523964
1108961148
248187776
760856451
714520964
148165509
1300949897
1326933387
1280456587
1300949899
1331779985
729892241
867504532
760856473
181496729
253266843
1299766684
1331780000
251633059
1123359143
714400172
1262329775
1306862512
714519987
714588091
716116414
248575423
252030400
251950016
712162239
185887686
251775945
1330356170
249286092
259484110
251774415
140230095
1117519313
1308382162
249795541
720079829
252193751
741988312
99309017
251633115
1123234269
1309535200
101591520
250087395
848010212
716316133
195885543
1312562664
1263508458
99298285
252744174
1308382703
1106347508
716316149
724765174
765343733
251615224
248458746
723742715
185521151
post_office=*
212
742003202
720058371
716014599
730185224
729919497
185524232
720079881
224870414
763372049
721538066
720058387
738186257
1267897364
1123234326
1330356249
251775001
253237274
1331780125
723359262
223894559
1305383458
251032098
250717733
1300750885
714588197
1106665517
116014637
251633197
253237293
714520116
1262598199
711049787
247856193
250648645
1276546630
1308382793
1280765514
1339404873
1117518922
251989580
1309535307
1123369042
738166867
1308382293
249436248
1265171034
1117518941
249413727
1309535843
1300773476
1269594725
251032166
760849000
253237353
1299417198
1262598254
250768498
1263932019
1341735541
130009720
249415293
1299803262
729397887
1268333196
1339404945
1107499666
1107499665
1263931539
1108961425
99343511
714519704
1266165400
760848538
141785243
1126015133
1117518494
1299417246
247448733
1117519009
615989921
1126118052
1107523749
301122214
1276611239
251773611
1280456365
1299417263
100250799
723149489
1299417267
760854195
1340461753
738166972
251504831
1331817151
1309535425
248441025
250728133
873144520
1266165449
208726221
1266165455
253269712
1280919249
1339035858
1330356435
742003413
1126015191
654288605
195735778
1308408040
1107523820
711089909
654288629
724871927
1108961529
1268333311
254347010
250929926
654307079
1030766343
739413267
251838744
252651800
251031835
142211363
1278907177
1263932202
249493292
248575788
251031855
720096567
250087742
1278832962
251877705
115504971
723767116
253267276
1279685455
711049551
248641875
1263931733
1309535574
714589014
1279674712
223971161
144137050
1108961119
1123359072
1278851937
149368162
714519908
1267897704
249436009
251633002
714519915
251520876
1264167796
116019574
248575352
738187128
503697274
249590651
1123359099
250717564
432686974
249590653
259443067
1308382593
1108882306
1280746379
116023181
1308382606
1326933390
760853922
714400164
812369831
1299913129
248458666
729328555
722515372
1106664878
1300738485
1308382646
1331790263
251606969
747054010
729357245
249195454
1330356157
1262329794
251032004
250642885
215939013
1331780039
723359688
1269972431
148169681
252103131
1308382173
1331780064
1263508451
223973860
1331780074
1262598123
208625130
1287184366
720058355
1262598135
741988857
760848379
1270688764
amenity=post_depot
212
1299766790
223945737
716014602
1270688779
116023819
250718732
1305383438
1287184399
115546645
1309535254
1309535259
223952412
1269972509
1309535775
1330356256
729397793
223894564
716116521
742003242
210757163
1108960811
1266165290
1126015023
1262693935
654339121
1305390642
1263931443
799908916
185950781
152885826
1269976645
1276546631
1308382793
1331817035
1330356300
922312785
1340461652
566497364
1263931478
1266165337
1269594715
714588764
738183773
1299417180
249415264
1108960864
249413730
1263932005
198440038
738186857
223971946
1117518442
248441966
1280765551
712162417
116009588
1215343221
799918711
1346890874
742003323
812701821
1126015102
250768512
198440065
812701824
253117579
1262598288
1336613524
760848533
1330356376
253269662
253269664
253117601
148158626
1276611238
1268333225
1108960940
1126118061
260027566
253269679
150546607
1262598320
1265372338
729328827
251520190
116024511
1299417285
1117519046
729313479
206385355
247448781
1108882639
201153751
248575705
1106665178
1265221337
195735769
195739866
739413214
741988575
110344415
1107499744
253117658
1341735651
247448812
1266037997
729328370
1265221364
190634229
116080376
116088568
254347007
760530692
110344452
1276540167
1309535496
1346891016
1276540171
228832014
738187030
1278832919
764647710
1331779870
760854304
1308408097
638721828
248397605
848010021
1339035946
248700714
1262597932
250638125
1117519151
142233393
1117518642
738187061
1331779893
116037431
723359031
1299429689
812703555
1265221444
714520393
711049546
765343564
1331779917
741988689
1308382545
724402516
1126015316
249559895
115509596
765343583
198440288
1308382562
249197922
724402532
1278851941
432596838
873135974
730147689
1267980652
768260977
1265221491
253271925
1123359100
1108961154
1301476228
714520964
729357189
1262194564
249197960
1106760585
1285540235
1117518732
250736534
1261636508
206161321
1306862505
1308382124
1306862513
1267897778
250732978
765343668
1117518772
1341313974
250718136
250714553
99308985
654389689
186054079
1338396608
1279963593
867504585
251774411
654389709
1300764122
115934171
760853979
1300754397
1299766752
710952931
1308382184
250087408
251032049
1265170931
100261364
712112115
1108961273
1123211770
1263931388
116086270