12
building=construction
212
1215343616
761253387
1305390604
723359245
1030751246
1108098059
1330364944
251520528
251032087
799908888
198439963
765343775
250717224
730076713
738186285
1108960814
1107513390
1331817007
1117518386
1107513396
1263995444
253237301
1265372214
1339404856
250372150
247943745
1331817029
566473802
1280765514
1269972555
250646605
246782030
1126015059
1280765527
1309535320
812701785
251843162
251520603
1030782557
729397855
1269976672
1262598242
729892453
765343847
1266165354
250734700
1262175341
251520622
1266165359
711049839
1305408625
1309535858
716214901
1263995509
1126015095
1309535349
812701817
1339404936
1345207432
1330356366
101582482
738166930
1266037908
1108882066
1268333206
716116124
1265372316
520740510
1330356383
247448732
1126118050
1117519011
723358372
247448742
1266037927
1108961447
1126015146
1279695531
150546604
252201133
253267631
1279946929
1215342770
1108960958
1331817151
253269696
1108961474
712287427
1309535940
1265221326
206385361
1265221330
259483857
1308408017
520740572
185838301
226005222
723395304
1106663145
722372841
251947755
1280456425
723742450
1308408051
185522934
1265221368
716309753
1278832891
246782720
1280919297
132860164
1257245445
142693128
253270280
185522955
867504395
1117519118
1299429647
1340461844
1215343387
250087713
252401953
251876132
723359525
115504933
185951525
116031785
249197868
1117518637
1278832948
729357108
208710452
1309535540
250713910
432601401
432601402
1215343420
248442173
1126015294
711049538
249197890
1308382530
252415815
253267272
1299766602
248459087
1106663255
1279685465
249493338
1108882265
198440284
208740704
873135970
253265251
722371951
1299121012
1262329717
1072128886
1262778742
251778424
259443064
223901049
1126015355
760853886
1299766656
171103619
1299429765
1300949894
248187789
250717586
1264458130
714588562
1331779990
1299766679
130097568
954702756
1278900136
1306862513
760854961
206161333
710952886
1123234237
1030751166
385011134
764662207
215939011
1326933450
251520466
712112598
252103127
729328599
208717271
848010202
1108961243
710953953
251520483
799908835
115938790
206268902
259444202
1299429868
252024303
1270688751
252200945
215929842
1215342577
126136818
723395056
1030751215
763372023
716233212
1262598142
construction=*
212
1262598145
1265170947
250371079
250714631
1108882439
1262274570
116038155
185521162
1305390604
922312716
1287184393
724423184
253237264
115402256
115942418
253237268
250714649
724842525
1310940702
720058399
250371105
1310940706
249315363
742003237
743390758
730077223
1108961318
1266165290
720058411
738186284
1280827434
724842542
1331780149
1123211830
1123234360
1262598201
115956796
1262598204
1108961342
760848449
1269972548
760848455
1280765514
249795660
1263995471
1346823247
251989585
247449170
482756177
1300759636
1308382293
431360091
1308382814
711049825
259427941
1278888038
247449190
247449192
251783783
249195114
1265372267
1262175338
848010348
1126118005
1269972598
520740480
249415296
1107499657
148185227
1262598284
253269648
1106664088
251503770
247448732
142236831
1339404959
1266037921
1336598178
1117519011
654273191
1336598185
100262064
1299417264
1265221296
1262598321
729404597
654288566
253269689
1262598330
1330356411
432600257
1299417282
812701892
1266037956
132839109
1108961479
206243016
116036808
716313292
215939793
1266037969
1330356215
1263931607
206385368
247448794
1106664155
253270750
1265221344
251520229
1340461799
1108961518
139780334
1266038001
1266165491
1266165492
1267897600
208750336
739413252
654288647
723360007
724871949
248395536
723111705
432696603
867504411
1345205537
1308382504
1123224360
251839274
711049515
142708012
115972904
148166448
721528625
1262597936
812703547
1262597948
1106663744
251632965
812369735
223924046
115504979
1309535572
135840599
249493336
111381849
224900951
729351517
1299169631
148174687
1106664801
111381858
1299429730
1279674724
154789221
251780961
1108961127
1262597992
867504491
1072128887
722515321
729357180
710953341
1123359102
251031936
171103617
760856450
722371970
1126015368
722515338
1123359118
1107523982
1264458133
729357208
432689564
171103645
248576419
763914662
738182567
724402603
1299913132
1324506543
1308382642
1262329780
248575927
1341494204
1123211709
1330356157
148169677
240143822
1308382165
812369878
1265170903
250643419
259427806
101591519
1262598151
729919462
249193960
730147819
208625131
1308382701
729919470
115402223
1263931887
251615217
252744178
1268333044
252020725
252744183
100261370
248458749
landuse=construction
212
799908864
723149314
761253379
1308382214
1270688774
1269972491
116023822
1262693903
208707601
1106665490
185521175
1300750873
250371104
1270688805
760848421
1108864553
723358761
1269976619
1262693935
1108961329
1280765490
207136819
724842546
1340461623
654362680
1108960828
1106665020
1269976638
150537794
1263931469
721556050
251989588
1266165332
1123233877
1324508254
253237343
248575074
249415267
714520677
812701798
1339404905
210677356
812701808
724765299
764639865
747846266
1108960893
1330356350
534883454
251838077
249415295
1030793859
1299417220
253117571
729397898
1262226059
1266037900
1117518475
1266037903
1106662545
251877521
716116117
253117589
654288535
247448730
1330356379
712112287
729328805
1117519013
1263932072
1266165420
520740525
1267897516
1309535408
723149489
1279946930
1279695536
253269687
724739257
432600256
654288579
1280919236
1280919238
248576203
1106665165
142202064
714519763
1265221332
729351379
1299766779
1280919258
116039390
226005214
208621790
110344417
482754786
1266037983
185482470
251520230
1308408038
1280919272
1308408042
208621803
1108961517
1340461806
1280919284
150716150
150538493
1308408061
246782718
1339035905
1215342853
1331817223
1265221385
1266165514
185522953
251948817
99308822
1106664219
730148125
867504414
115530019
251031845
1339035944
762497834
724860717
1106662704
724871984
148166450
1126015283
185951540
1331817267
724871990
1265221431
536679736
723767097
1270688760
1117519164
116087614
1300835135
140664128
115929408
729921344
206153540
150564169
1341736266
1331075915
1278865229
186056018
249493332
1108961108
723742551
115504986
223925083
1108882269
1299931488
208740704
873135971
536546148
1267980651
1267897199
729397621
1263931261
722515326
1106665341
1126117766
724834183
215852940
722371981
760853904
1351230866
1324503446
251633047
223907739
1280456604
1108961179
729351070
722515358
1126015391
223907741
1108961183
1263931814
252022184
724748206
1306862511
1308382646
723358647
1308382653
1331790273
719527366
259444682
252030411
1215343566
747054030
799908818
812369885
724842463
1326933473
520740321
251520483
251877861
1305375722
1331780075
251032047
251839473
712200178
1265170931
1312562674
252744181
1280765432
1106665467
223945726
highway=construction
212
723360259
723395075
1269972485
223945731
1215342598
1269972491
1108960779
1287184395
1279555602
252022292
1305383444
761253401
729397785
185521179
1106664989
1309535262
760848413
223894562
432676901
1287067175
190641192
1308382251
251783212
1108882477
741988399
724842546
1262598198
1266165304
1268333114
714520635
1072097341
251032126
743390271
198439999
1266165309
729397826
149400643
229548100
1311225414
1126015052
566473805
1269976654
729397844
210672725
253237334
1126015060
1299417179
1339404892
223894624
249415265
1126117991
1265171048
1266037867
812701803
116009584
1268333169
1123233904
1308382835
1108882036
520740469
247943799
1267897466
208727173
1300368518
201155211
101582479
1107523727
1072120978
1299417235
247448725
729397911
259443352
250737305
206385306
729397915
1346890909
208789662
142223519
1330356388
764647591
1266037929
1126015150
1309535408
1262598323
208621748
1268333238
1339404982
1308382392
1117519032
251948733
116036797
482754753
1279946948
712162501
246783176
1262598344
716313291
729328332
1280919244
235417294
253269709
110344401
1330356435
1346890964
206385364
1262598360
714519772
246782685
1280919262
1268333280
110344417
1341735651
1123234024
196248810
1299429612
1308382445
208750318
1108882672
116088567
1308408057
1265221372
1280749821
873135871
185522945
719489793
117379843
115936005
1265221382
259483914
1338296075
185530122
738187021
1126118161
250734359
720188696
738182425
116031772
638721828
714519848
1262597933
738187055
142233393
1309535540
253461813
148166459
1326933308
251838787
1263931206
252415818
1326933323
738187084
251520847
1265221456
1262597975
723359066
249197918
1123234152
1072128876
249227629
1117519214
251778424
503697276
249197950
1299766657
148165510
248187784
1280746384
714588562
768261013
1108961178
181484960
724402592
1123234215
224904617
250645418
250732972
1108882860
763914669
1330356147
1341494206
195885502
240143806
1308382659
251518404
251030476
250735567
253108180
867504597
250642901
1030751195
251615196
710952411
251615199
1305375714
1312562658
867504613
742003176
1215343593
249193961
252020712
716014571
1273237993
743390699
1270688748
716316144
1308382195
208625139
1263508469
1330356214
720079863
716014586
1309535740
amenity=restaurant
212
1262598150
1305390600
151016971
1330364939
1123211789
1311362062
1311362071
761253399
1300829719
251950105
922312730
1269972510
1263931425
1280827426
764639779
1265170980
251839014
1117518887
1308382252
738186289
789294642
250372150
1262693944
1268333114
250646075
1111886397
251032128
247943745
1269976641
149400643
248394821
729397830
185512520
150568009
1309535824
1268333136
253237330
250643028
738166869
247449186
1215343715
742003299
1106662499
1262175335
1126118005
223979127
1262175361
206155905
1030774915
215855748
1269972613
1341735558
253117576
1308382345
1339404938
1123233932
224916109
1263932046
1107499661
723395216
1262598288
224919185
1107499670
1330356376
206242972
250642080
1262598309
723359909
150546600
253269673
520740522
719489199
1268333232
1279946937
723111098
1326933181
1326933183
1309535936
729338561
110465733
1108882635
1123233998
99308751
738166991
1280919247
150538962
1331817170
520740564
1106760405
520740562
1305397459
248576216
1266165466
116039389
615989986
253265128
812707563
208621803
1266037997
709656821
1280749815
1278832891
729351422
1106662654
1309535490
132860162
1331817221
142693130
710952722
1276540180
723395348
251783445
1346891031
760530711
150731545
1276540190
251838241
115530017
251031843
1331779876
1265221417
1267897132
253461804
251780911
1278907187
1278832948
714519348
250734389
1300835128
215892285
1108882242
1117519172
520740164
1326933318
730147655
714520393
714589003
1279685452
223924046
765343567
115929424
1123234129
260026708
252026710
115509594
722515291
1265221468
721528669
1107523934
181491551
867504479
520740193
719489883
186059622
1265221479
1126117737
1123359085
1262329712
1126015347
723742579
723360115
132860792
1106662778
1262598012
1123359107
251520905
259446671
729397654
251633047
148226974
1108961183
206161314
1106663332
714400169
729357227
226457515
722515373
760856493
724842411
432689586
812369846
520740282
747054010
1308382141
252022206
215939010
1338396612
1262598085
714520518
1108961226
654389709
1117518798
718065616
812369880
1308382169
1268333017
799908827
520740316
724842462
724848101
251950566
730184679
99298285
1331790321
1308382706
1215343603
1310940660
1331780086
799908857
252744186
723360252
250717693
amenity=cafe
212
716214784
716116480
654324226
1279555585
251615242
654355983
1106663446
1308382231
729920023
251633177
1310940698
1106664475
1300750879
223894561
730147362
1117518883
1106664996
1108881954
253237286
1338392617
1123233833
764639787
1106662957
724842547
248459317
723742773
1269972535
250372155
1108960827
251989565
738166850
1126117958
251032135
432683079
1280765516
812701774
249795664
185512534
761253976
249415262
520740449
1108961379
259427941
251607142
250734693
1106662505
1108961387
1268333167
1266037876
1106663029
251838085
253117575
1263932040
1330356361
250090120
1126015116
206385294
1108960910
1331817104
259443342
251503759
1266165397
1108961435
142236827
250643619
1309535396
1276611237
100250790
251773614
250373295
237698737
654288563
1299429559
250371258
1106664123
654288572
714588864
1346890944
1126015170
1262598339
432600260
738166983
206385359
482754767
1108961488
739413200
1309535955
1330356435
186066134
247448795
344190175
251520224
1117518561
714519266
729986273
1266165481
1263932147
723359988
1265221365
709656821
248700663
1280749824
250093827
781849347
26684165
1265221382
1117519113
1280919305
250096906
248576268
723359500
248459022
739413264
733458193
764647698
723395348
198440213
1339035924
206195989
760530712
1126015257
132860186
1215343387
1263931676
223931678
248397602
1106665252
250371364
252401958
1331779882
739413291
1262597933
723359031
724871993
1306866490
1308382522
206113596
1308382526
724371777
115504967
1267897160
251877705
724738887
1331817291
730148172
714520909
248459084
760854345
198440272
738187090
100247890
223941970
250713941
1117518678
1279685465
1263931225
208729438
208729439
115509600
1106664801
1299931486
1340461409
1262778723
1267980645
253108067
722515304
1123234153
1126015343
722515315
1299121011
226387831
1106664824
1308382587
249590653
765343616
1126015363
251520900
1330356100
1331779974
1123359118
251877775
954702743
1123359128
1262329752
1334645148
867504543
709670304
1262329759
722515375
1330356147
1296572340
215965127
1279963593
722515403
723360204
185887693
654354892
208713690
1268333019
248575964
251633116
259444192
251032035
867504611
251615203
1287184363
720079853
1262598129
710437365
249435637
234634232
1331780095
amenity=fast_food
212
761253379
1106662916
1280827395
1310940679
1280827400
251633164
1268333073
116056086
185521174
1308382231
223894553
1311362073
1309535259
1330356249
714588703
1330356255
1266165281
206196259
1268333100
251032119
1117518907
1265171004
1263931971
1330356294
253237320
249795661
185512530
1330356309
1266165336
198440028
742003294
249415264
615989857
1308382306
248577123
1278888036
1123369065
1072120939
1347006060
738186859
116020334
253117554
1262175346
1108882046
195727492
100253322
249415307
1262175372
1215342733
765343890
1123233941
208765080
1309535385
249800860
723742879
148229280
1107499681
1263932065
1346890918
714588327
1117518506
1108960940
1107499692
150546606
251949743
1339404974
248441024
432600257
251775688
1280919242
208778443
1330356429
1126118096
729351377
1299429585
116039381
1106663128
482754780
1262598365
251520223
1266037987
1330356451
253265124
723395304
253270761
739413224
251524332
1308408045
1308408046
110344433
723395316
1278832886
739413241
1280919289
867504383
1280749825
259483909
714434310
1276540169
249591062
1106760472
223916825
150731546
1299429660
1280456477
140650780
1308408096
729357092
738182437
251823401
1262597937
250735409
1108961278
738187062
1262339388
237707069
812716862
729357118
116087616
252025664
1331779909
1326933318
1267980618
743390539
724738893
1265221454
251632974
148170576
248426834
1267980631
1279674712
768160600
1299931483
730147682
1108961122
1215343458
259446117
1331779942
224919399
711247718
1276546922
111381868
249227630
722515310
249197936
246781811
722515316
1308382583
812369784
765343609
1117563258
150539131
760856443
115505020
195885438
729357180
760856445
1264458113
760853894
1108882312
722515340
181484941
1299766670
148165519
251520917
711049621
760853911
251032473
198440346
1108961180
760856480
1117518754
252022184
1330356140
1262598063
1267897780
206161332
812369845
765343671
1335406522
1331780028
1280456638
1300605886
719527363
148668867
1308382661
1326933446
1262598088
115578313
1331790282
1268333055
724765129
251774416
1268333009
1301476306
799908821
1106663894
1108098005
252020698
250643420
251615197
1336611295
250642911
1305375720
250087403
126136818
252744179
1108098042
223973883
252024828
1269972478
116086271
amenity=bank
212
760848385
1269972481
1305390595
1346846213
250371080
185524234
742003213
867504654
1269972493
1280765456
1330364946
195885586
719489558
1300829721
1310940698
115942425
1310940707
1266165285
1107513381
252200999
229524520
251839525
1117518893
799908909
1308382777
1309535290
253237309
215893568
1262598215
251032136
1126015050
1117518923
1339404875
253237324
738186830
251520592
724748371
250648148
185512531
710954070
210672728
1126015064
1126015066
227133531
249415260
116030557
247449178
249413728
725277286
116089448
1330356334
1126118005
251838072
729874041
1106664569
206161024
1126015109
1340461705
1072120971
737084043
812707469
1339404940
1108006031
1106665616
1268333200
1266165394
215948440
615989914
812701852
1106663069
1266037918
747047080
747846313
1266037929
761243822
738166964
1106688182
116036797
1309535934
1266037953
1267897540
1268333254
738166982
1330356424
246782665
1268333259
1268333262
1266037967
1265221326
1215342809
253107418
520740574
1308408032
253265121
1266037986
1330356451
714520802
1309535973
710954221
1301476079
1278832880
186045169
234662129
711049458
1309535479
1123234040
719489785
1280919289
739413244
1338296060
1280919295
1267897089
248700673
1106662659
714434307
1108961539
1280919300
1308408071
251948294
1338296075
867504397
1107523856
1108882706
206195989
1126118167
253107481
115530011
729892636
729920797
431232288
714520868
1109528870
148166439
711050024
714588459
763919668
1262339381
738187062
1262597943
1072128843
763371853
1331817293
251774287
765343570
208772947
1280456536
1108882777
1108882782
251504481
848010595
724402532
1331790180
150538598
722515305
1106665322
1108882798
848010095
1123234160
1262329714
1326933365
1262329717
1331790197
223901051
1262329723
761253245
1331779965
1117519233
141779332
148637572
181496712
1299931530
723360141
722515342
251520911
1331790225
760853907
198440341
1123359129
1299913113
206161309
1261636516
712112549
248459172
1262598055
1331790248
760848297
1308382120
1126117801
1280746413
716315059
520740275
714588083
251633084
1309535679
1262329793
99308994
248432582
1123164620
1215343576
250641370
206196192
1299766759
729921000
714520046
252744176
799908851
1265170931
432686070
1309535222
223930362
1311362044
1330356222
amenity=pharmacy
212
867504640
1331780102
1263565326
1269972495
1309535247
761253396
761253398
712113174
1108882465
1308382243
1266165285
1269976615
742003244
115956786
729397817
432690745
1330356283
1123233851
1311362105
115956798
760848959
1263931456
729397824
1215343167
1106662467
250648641
1262693955
250646084
714520139
737083982
1309535310
206155855
729397840
247449170
185512527
210672724
249284692
249795668
132864606
1265372256
765343841
711049826
239989860
1215343716
259428347
253237352
1262175340
1330356333
1269972589
1305408623
742003310
1299417198
716116084
1308382838
1339404918
1266037883
1266165373
729397889
148188289
251992196
1330356357
253269640
1339404937
251503754
250734736
1345207441
730184854
250642071
848010395
1106663580
716116134
729338535
253267628
150564526
1339404975
101482670
251504817
1265221298
724739763
1339404976
253267637
250371259
1267897534
1268333249
1330356418
1268333250
253117634
739413190
730147526
482754758
714519752
247448780
246782673
1107523798
873144535
1126015194
1117518557
1308408030
132860127
1266037981
729338589
1280456420
1330356453
723742437
1126015211
224947951
654288624
253117681
1308408050
1299429630
130097409
116031746
1126015235
654425858
26684165
716309766
148167435
1123234060
185522958
1106663185
716309779
250096921
711089959
186069287
251877676
1108961069
1108961070
812703536
1123234097
1299429687
1126117689
212838203
1340461371
115962173
226387259
1126015305
1117519177
1279685451
719489371
720058206
251504480
1299429728
251031904
722515299
1126015332
250737510
251877737
1267897196
250638189
722515310
1331779954
729397621
1331779968
730147713
171103619
171103621
1263931782
1308382599
1262598026
249197962
249559949
1280456592
206161296
1330356115
206161301
1108961174
432689564
206161310
250096543
223907742
206161312
1308382115
1306862500
714589091
729328550
1331790247
141787050
760854955
1280746412
719527346
142228917
812369846
1309535671
384860089
1280456634
716315067
249195451
249195454
206196166
1262598089
148169674
251032012
1030751188
1215343576
729397721
208717273
252030428
251949534
718065632
1262693861
1280456678
1273237992
764926954
252200945
729986546
710953970
1262693876
1312562673
251615223
1215343608
1123211770
208625147
amenity=bar
212
1265170944
1267897347
723395077
761253383
723742728
1330364938
1268333069
1262598164
729921556
742003222
1123233813
1263995417
1270688796
1106665502
251032095
185521182
719489569
812701730
1330356259
1310940710
1106662960
1108961329
1269972532
223894580
1262598201
1309535290
520740411
253237308
1126117949
1215342652
922312763
1123211840
1269972548
1117518406
760848455
1308382278
1300759629
729921104
1106665552
1309535824
738166865
1309535830
1265171030
249436249
247449178
115402335
1267897442
1280765538
247449190
1280765547
1309535341
654362740
1126118006
210686583
251032184
248575096
1263356540
1265372287
1030774911
1299417219
250734725
1309535365
223954055
115958409
723395211
251503756
1309535378
1126118037
247448727
148229273
1215343263
252415651
253117605
654306982
737084071
709436584
251520182
1330356407
760848574
26062527
1309535425
1279946947
246782659
724371143
1280919240
246782667
248576204
738166989
206385355
724860625
252025555
738166998
873144535
741988567
1262598363
1341735644
1107523804
1339035871
760530655
247448801
1330356447
1108960995
1309535460
1263932136
251524332
729874157
1309535468
251524335
654288632
716309753
1308408058
1280919295
1267897600
1108882185
253107471
1126015251
251520789
1331817238
432696599
1267897110
215942934
720188701
1117519139
140650788
249493285
638721834
1262597934
1262597937
1108882229
1340422457
361414458
1106663740
251520319
712112451
1279685447
251632968
252415815
252024654
1106662735
1331817301
1285520214
1278832982
250736981
111381850
186059615
181491559
240147819
1262778733
722515310
1106664305
259443058
1299121012
711049589
150536054
1072128887
198440309
1106760569
1331790201
760853883
195885438
760856449
1108882818
729920385
1264458115
1123359110
729397639
1117518731
181484941
248187795
1262194580
251835795
867504534
1331790233
729920921
723742623
251844002
729919907
99308962
760856487
1263931303
384860072
738182571
954702764
1267897260
1215343535
765343667
1299913140
1108961205
1341313973
714519479
432681915
132869568
1280456643
251518404
240143820
148169683
101591517
1296577501
1308382175
259444192
223973855
716316130
247856098
1262598116
99298277
1262693857
729921000
724748264
259427307
799908849
1300768757
743390714
amenity=pub
212
1262693889
1106664450
1108098052
720079876
250736646
1311362055
248532491
1106663446
1269972505
1308382235
799908898
1308382756
251839015
1308382761
1072140844
1117518893
210757165
1269976623
1268333109
1107513398
1269976629
1331780152
247856190
1330356286
1108882496
1276546626
140215878
723742792
1126117961
738166857
250643019
724748366
1263931983
1269976658
431360085
1341735511
1266165336
1108960855
1299417177
1269972574
1266165342
132864606
520740449
1106664034
1269972579
1300773476
185837157
1106663525
729338475
1347006062
738186863
742003311
1108882544
1106662514
1339404914
765343863
1265372280
1263356540
723664511
1030774913
1299417218
1030793859
1266165378
714588294
1268333193
520740495
1266165391
251843217
723753107
714588307
1278902933
1339404951
115958423
1308382361
101582490
247448733
654288542
1107523741
1117518497
723753122
729397923
1123233956
1262175397
741989030
1215342757
148229284
1309535401
723359914
812707500
1331817139
714520244
26062521
250640570
1266165436
361414337
206385347
248576199
432600263
224868555
208778444
1305397457
1308408019
738166999
251614940
1280919262
729397984
1108961507
1266165477
760530662
1106665467
1263931626
1266037995
737084140
1107523820
1265221358
234662127
720188656
251878128
729986286
1280919279
1126118137
1106663165
848009982
954702594
1215343363
1030766338
1346795268
250093830
716309771
1331817234
730184979
249493273
148167449
739413275
148159778
1301476132
185951525
714520356
1340422439
250087724
711089964
1331817265
249197873
729328439
1267897660
714519873
1108882755
1299158855
873135948
135840599
186056024
1262597976
873135962
253265245
234636642
1340461414
148174700
253271917
1106662767
1072128883
111381875
251534197
251877749
737084279
714519925
1299121015
150539131
761253245
259443071
763371907
1331790212
1331779971
729397638
1265221520
729919889
760853911
722515353
729920921
1280456606
1331790242
1263931300
1107524004
250714023
867504553
722515371
729397679
1331790258
1341494196
724848056
1308382139
1280765371
714588091
1106880451
201145286
867504583
1106663368
1340461513
723360200
729920976
1310946257
228828120
1262598106
248419292
208713693
712320476
763377129
251032556
765343729
1308382195
1326933493
1215342585
1123234299
landuse=commercial
212
1280765442
1262693892
223894533
185482244
738186247
1270688775
714520585
1270688778
1305390604
1123234316
738186254
251778579
1331780116
208707605
1331780119
1300829719
251520537
729397791
1263995428
1106665512
1117518380
1106665517
154543667
654378548
1331780149
382043703
711248439
866829369
1108960831
249559616
1269976643
1330356291
1299417160
1268333128
1269976650
765343827
1106664019
1300732500
251520598
206155865
566497371
520740444
730184797
1268333152
1262598240
210677350
1269972582
251877482
1269972590
1126118002
712200307
1266037876
712320631
1268333178
719489147
1106665084
1107523709
1262175358
1266037890
1269972610
1030793859
206385284
1266165383
1262598280
253269641
714519689
741989006
251948175
764922000
1108960915
1107499668
251768980
812701847
714520216
1262226073
251838111
712112287
248576163
729398438
747846311
1279946919
1265171113
1262598311
738166963
252024830
1106663609
250371257
116036797
1279946942
1299417279
482754752
654288576
248441024
250735301
1268333254
206385355
1123171532
253269707
251520206
1126015183
1305397456
248576209
615989974
250090200
1309535962
1330356445
1279946976
1106665699
253265124
127974629
1215342822
208750315
714588908
1106665712
186045169
1266165497
249315579
1030766338
259483908
132860164
714588420
1117518599
1308408073
1126015241
1279974154
1308408076
1126015249
867504404
132860183
250718488
1261584665
249493275
253461788
1265221415
252194090
1345205546
1309535530
738182456
248397112
954702650
1106760510
253461824
1326933312
252021569
1215342925
812369743
765343567
1126015316
1108882773
1299931478
150546775
720058200
1280456536
150568798
867504479
185836899
259446116
181491559
1262329706
251877740
1299766640
714519921
1309535605
760853884
148952445
1262329734
1299429772
171103629
867504528
714520977
248187793
1311361943
1311329688
1280456602
1262194593
1123234210
1330356132
711049636
251520937
1331790254
760853935
1308382128
223907760
1308382642
1107524022
1335406521
721528250
99308989
1338396611
723359688
1123164620
1123211729
712320465
1123234259
1030751185
248575965
1280456672
251877859
1287184356
1030751210
1312562671
252024303
251032559
799908850
716014579
100261362
1330356213
252744175
1269972474
716014588
251615230
115402239