20
railway=subway
212
1346846212
520740363
1287184395
729919509
252022295
115942425
1331780123
1280827421
1308382750
251032095
1299766816
1262598176
1308382754
1108864546
765343775
253237286
1345206823
1108882477
1269972525
1106662962
101481528
1331780153
1117518907
1309535803
799908927
1123211842
1268333124
730184774
250646093
185526351
1263995472
1106665041
1108960851
253237334
247449182
1266165343
716116063
116089442
1269976677
716116069
251783782
738183787
1305408624
253117554
250737267
1309535864
252744188
1341735558
1107499654
251877512
150538889
654288524
251875984
250734225
765343888
520740499
259446935
710440600
1331817112
1308382362
1299417250
738166947
1117519014
206245031
1331817131
747047085
1265221296
249315508
260027575
760848568
719489724
1265171132
737084096
723149507
1117519046
1266037959
1126015174
1126015176
1106663114
714588875
741988556
1308382411
1266037958
724371152
730148063
253265119
710953185
716116197
729986281
729874157
716309742
1266165492
116080377
1338296060
1280749821
714520323
1346795268
714588936
1308408074
259450127
1301476111
723395344
714588951
250087706
1261584666
954702620
730148125
251031836
151231775
252743456
716215072
251031843
1300727075
1309535535
738187055
1106664241
1263932213
1108961078
721529143
1300775748
1262339396
1126117703
738187080
1126015305
848010571
1267980623
741988689
768160594
248641876
729357141
252026710
115509589
724402518
148174687
25623904
738182497
1267980640
1123359079
723395432
867504495
722515312
1331779953
115505012
724371830
712113015
760853880
761253241
534396278
132860796
251633022
251949951
1299121025
1117519236
1265221509
724834183
248700807
181496716
812369805
132869518
1108961177
223907739
761253279
760853920
1106663328
251633058
1123359139
224904612
710952869
1123359144
251633065
654345646
716315054
730184624
1123359153
1299766713
1299766715
722515390
251950016
1308382146
186054082
719527364
248458692
186054086
1308382151
867504585
248575433
1123234259
1336611286
253108183
1309535198
1330356191
1308382687
250087393
101591518
1268333027
1299766756
1123164638
115938783
1263995368
761290216
1309535722
251615209
1262598125
724423150
720079853
249196528
1300768753
1299766777
259428346
1331780091
1265170940
215964670
railway=subway_entrance
212
1268333058
1280827394
208707590
251877894
714520072
799908873
1123234316
721538063
249591312
738186259
799908885
723395093
1311362078
1330356257
1287067175
743390760
812701737
1338392619
1311362092
115402284
223894574
1126117933
866829367
741988920
251574840
116014647
799908923
185512510
1267897409
729397826
186049093
1215343174
1269972551
1106664520
101481544
1269976650
737083982
1309535311
765343829
1269594711
249413722
725277278
1331817055
724371554
1330356334
1268333167
1268333168
1309535855
1257245298
520740467
251520628
1106665078
738186872
148185215
1300742785
100254856
206385289
764639883
1299417229
206385294
259446931
250090132
1262226069
1330356374
1267897496
1108961436
206385309
1106663582
251838111
764639904
1108961442
714588327
724764840
1266165415
1308382379
714520748
738166961
1331817137
760854195
1341735601
1266165428
1299429555
253269688
1279946938
1107499708
729351361
738166981
1107499718
247448776
1108960970
729313483
1268333266
729328339
719527635
1305397462
1262598360
711049433
185513688
1266037981
1341735647
729986273
482754786
1266165486
1263932143
1265221364
712287477
150716150
1301476089
132860155
1345206524
1280919293
248576253
1106662654
729328384
1215343365
733458185
1108961035
185530124
1215343374
716309775
1266165520
1267897619
116031764
1340461334
250087707
711089951
140650785
251031842
1123234082
251776804
115504933
1267897638
249493285
249197860
954702627
1263931690
116031791
812716849
724871985
954702641
1262339382
1309535544
1299158845
148662592
723742529
1106662721
206153539
873135941
1106665286
144124751
720058192
250736979
250764116
714589014
1107523927
1299429719
1265221465
1267897691
743390557
1263528292
240147815
250717032
250757996
1267980653
1299931506
251843954
722515318
171103610
954702716
148165507
226387845
171103623
1340461448
1280456585
1117518731
1326933390
711049621
250094998
250718615
1123359126
1299913114
1123359132
132869534
760854015
248458668
1331790263
186054078
1330356160
1269972472
206196172
249795534
712162257
99309010
1269972438
730184664
1108961241
714588635
1308382172
1312562660
1268333029
1308382693
1299766759
251877864
215929831
1305375722
252200942
252200944
799908852
720058360
1269352955
730184700
723395071
subway=*
212
246781953
742003202
729892361
185521162
716014603
223894545
742003218
742003219
1106665490
1330364951
799908892
1299766813
1123211809
1309535268
1269972517
1309535271
206196263
1308382252
1126117934
250645550
116014641
1308382770
252023347
654378548
148648505
1108961337
150538300
1311362114
1280765516
712200270
1269976654
1331817040
566473812
250642004
719489110
206155860
1330356313
251032154
1263931482
1308382310
251783784
1299417194
253117549
1262175341
1266037874
1108960899
812701831
1126015111
1107499655
1300742794
250090123
251503757
1345207440
1117518480
251947669
206112406
764948117
190647446
132862110
1306837151
1299417246
142236833
1268333219
1299417254
99300522
761243819
1263932081
1126015158
251572920
1262598329
248432825
1266037953
248441025
723149507
432600260
738166980
1108960967
711089865
1106663114
198440139
1326933195
724764877
1126015182
1309535445
1106760405
1126015189
253107416
1107523802
253117659
253265116
250377438
729397983
760530656
739413225
743390441
1280919279
723395316
185522933
1339035893
116017910
1280919288
733458171
1279266556
1339035901
1030766334
1276540160
150714625
1280919303
1265221385
738187023
149368080
248395537
1340422417
185522965
1107523864
251772697
724739866
116031771
710952732
1108882716
1261584665
249197859
253108004
638721832
148166441
1117518637
1278907182
1339035954
867504436
186069304
714520381
714520895
723359552
712112961
712112451
249493318
1331779919
1117519192
729892185
710953307
208772955
722515297
185836899
1126015332
1278851942
534396263
251877736
253269864
99308905
111381867
251877740
251615081
1106665326
250717032
195735921
1276548469
716116348
1106663807
724779394
1123359107
1280746374
251947910
206113161
251520905
763371915
181496717
251877774
171103633
738182547
714589076
711049621
171103639
259447704
226457497
190627229
432677279
1309535651
1262329764
911743909
251877801
251633065
1280456620
722515375
722515379
722515382
761292727
722515388
1262329789
132863424
253107649
1262329794
1308382145
148169668
251032008
248532429
150539726
1123164626
1311362009
215929818
1265170908
724848100
1308382693
1340461540
195885543
1312562666
100261360
723395056
252200944
1263508466
714520564
1263931893
716316154
station=subway
212
1262693892
1108098052
742003212
1270688782
1309535248
742003218
223894551
115546648
185521176
251775004
1108864541
1106665502
251633182
1106663964
1108882465
1270688802
253237283
361411616
1266165291
1266165294
1117518382
251633201
762927668
223894589
1308382782
1126117949
229548097
1311362114
723687492
186049093
520740422
1330356293
432593480
1106664520
1311362044
249795662
1339404881
215964242
1263931474
520740437
1269976663
738186843
1341735517
1266165342
223894627
1108961379
714588779
1269972590
1263995511
251947640
812707449
812707452
1331817085
812701826
1106663555
1126118019
1346973316
1030774917
1331817096
738166928
1106665107
259443349
729878681
812707482
1339404955
132862108
738166950
1265171111
251947689
1330356396
712112303
252201136
729921199
250734261
654288568
1300790970
206385342
116190912
1331817157
1330356422
251775688
251838666
714588875
1108882637
1263931599
1108882128
615989969
654288594
1309535956
1279946965
198440151
1106663133
1346890974
760530656
1126015202
716309731
1339035877
127974632
722372841
251524332
1126015213
251520750
1308408048
1308408050
212842739
361411830
116088567
1268333311
1346891011
1339035910
536679186
729351444
251889942
215942934
738182433
99308840
729357098
116031792
250735409
1123234099
226387252
250087732
1265221440
719527745
712112961
1331075912
1263931210
250645834
144137038
711049551
1123234127
1331817297
1107523921
148170579
1299129172
248641875
142214485
723359066
229546330
714589020
1106760541
848010081
1267897187
1340461414
251520358
250717032
1126117742
1267897199
729328496
250757998
1262329715
1123359094
1346817912
812369784
1267897723
1331790204
251520900
729397638
1331790216
144123273
251520393
722515337
1324492171
248187790
724834191
250733970
1324503451
181496734
722515360
716315041
1123359138
716315043
867504548
1261636517
812369832
1126117801
1299913132
1262598064
1117519281
251520946
250646451
1106663860
1117519285
1308382133
1262329783
1117518776
1108961204
185887666
248575922
206161337
384860086
536679873
724842435
1331790282
249286091
812369870
1301476310
729397721
1330356187
520740316
1268333019
724842459
1273237991
1308382189
208625134
1269972461
1331790324
1123211768
711248378
259428347
1267897340
251032062
public_transport=platform
212
1305390595
765343753
1287184393
729919497
1300829708
1269972493
1263995406
1300750861
1106662929
1299766801
251778579
1309535251
253237276
249315358
1262598176
1311362082
1270688803
1280827429
1305390630
762927657
1108864553
711248428
1108961327
249194548
1280827445
723149367
1108864568
812701752
1263931453
812701758
729338431
1341735488
799908929
1265171008
1276546627
1340461636
1263995454
1106663497
1108960846
520740431
249795664
251989585
1300732498
246782033
1266165331
1269972562
812701777
1126117975
249436248
761290325
742003292
737083997
738183773
253237349
1262598246
223894632
1308382317
432692849
1106663538
1269972595
198440054
101588601
1280765562
1266037883
760848509
1339404925
1107499650
1331817091
251520133
747846278
1106664071
721528456
1300742792
1339404938
1345207437
115958415
248577167
812701840
1309535378
1123233939
1308382355
812701845
1263932052
250642071
190647453
140295841
247448738
1346811555
1266165412
1330356395
1267897516
761243822
1108960942
1106663090
150564534
723395257
1326933185
654273219
654288585
1266165449
1126118096
141796055
739413210
1346949339
226005214
812707552
1330356448
1106662626
1265372387
1280456420
215870693
251838694
250718439
1117518567
250734823
251520747
234662126
1266165491
150714616
132860153
1309535487
1267897600
867504383
1276540162
954702602
116031757
251947789
723359503
954702609
431232277
714588951
250718488
140650782
1123234079
1276540192
1331779875
251876132
250737447
723742504
1345205545
712286504
1309535535
142233393
730147634
739413299
432601401
1262597953
253461826
115504963
1109418312
723767116
251768655
1280456530
1117518676
714519893
1106663255
723360088
249436503
1331817307
1279685470
1108961122
714519407
1331779953
251768692
1262329718
764639614
1301476228
252008326
99308937
760856461
195885459
251835795
1117518745
1299913115
1331779996
1339405215
729397665
251844002
248459174
250733991
223907751
1117518758
1267897255
743390638
1108961201
714588083
765343669
1335406520
867504568
760856505
1308382139
719489979
248576445
710952384
250717633
1123359170
1338396612
760848334
206245327
250735566
626517967
799908818
710953427
248432084
252103121
1106665430
251877846
99309027
1312562664
1106662897
1108961273
1305390587
railway=station
212
195885569
1330356228
1308382728
1108961289
711049738
185524237
1262598158
1123234318
1311362073
742003226
714588703
1126015010
1123211813
738186281
1108960811
250646060
723359790
729338416
723149367
250646071
250648634
1300785722
737083967
251032129
250371137
724871745
251992132
765343817
566473802
116191819
721528396
250646605
1108882003
1266165339
1108961375
1262175328
253237345
251950183
251032170
251032172
1268333165
723359860
1308382331
714519681
1280765572
253117575
1266165383
1126015115
711049868
654288525
154783374
539248270
1299417229
250714262
1126118038
760848538
206245020
1072120990
1108961442
1126118050
1108960932
719489190
1339404967
812707502
724871855
224905905
761243826
142232243
251504822
747047100
1346890946
729313480
110344401
724860625
1262598353
1108882644
250718417
1266037971
1215342809
1299429594
733458137
1341735644
1262598369
251838179
196248806
812707560
251842280
1117519082
1108882668
1117519086
1263932143
1331817200
711089903
654288627
1301476083
1123234041
1106760442
1265221372
1280749822
741988612
139778309
867504389
729920775
1263931656
1331817226
185522957
116031759
714434320
1106663185
1266165526
1265221399
250087704
710954268
911744287
1308382496
248397601
253108004
1104700199
198440231
249197869
714519351
812703543
186069305
1262339386
148166461
747854145
1267980613
1106663751
249493320
223941961
712112461
1340422480
812369744
186056020
738187093
723395413
249436501
144137050
719489883
149368157
1262597983
150538594
1267980643
253265252
1278851941
251632998
1267897190
1123234150
148174696
730147682
198440301
1265221488
1106664307
534396276
144130931
1126015350
812369782
150536054
1215342969
251520892
1265221502
1264458114
1326933390
724779409
248187794
249551763
198440343
722515351
1331790233
190627225
1126015389
722515358
954702751
251032480
1263931295
760853920
716116388
248459173
761292710
763914663
867504548
760848297
1108882346
250377641
252022184
181484973
720058289
729357234
714588083
215889337
1280456635
1302746044
1330356160
719527364
253107652
240143814
250735559
1030751180
1106664910
1269972432
1262598100
714520023
253108183
259444188
215929829
249193958
1108098025
1030751212
1262693876
1108098040
1123234298
1308382205
building=train_station
212
712200192
1334650882
1305383426
1270688772
730147333
185521158
848012301
253237269
719489558
251520534
1263931413
101481498
765343772
382043165
1108881948
234655269
223957541
1123234341
738186282
234655274
723395117
1280827438
1330356272
1262693944
116082235
729397821
115956798
249559616
724871745
520740417
760848451
723687492
249552450
246782028
198440013
132870733
1263995471
251032141
1106665043
1330356308
206155862
1308382300
765343837
709436517
729892453
729397866
1305408622
742003311
1262175350
719489654
729397881
1262598265
812701819
712162429
1278902915
115958411
1266037900
1106665109
742003356
714520224
1117519013
132839080
1268333225
1339404969
1279695531
100262061
1279946926
711049903
1331817136
1126015154
208767154
251877560
251838137
1107523770
747846333
1106665150
1265221311
253117631
1266037953
1266037955
26062531
248576201
1308408010
235417292
195735762
1331817170
250090200
743390424
1346949339
1308408028
110344413
110344414
344190175
722372830
654307041
1331817186
1263932132
760530662
1308382439
1308408042
1266037996
251520750
714520815
1266038000
733458161
723742450
247448818
1162454268
251878141
1215343360
724871938
1339035909
730184969
185530122
1108961037
1308382478
724871952
711089939
431232279
251775769
250371354
1299429660
151231776
248397602
1262597923
253461796
1126118182
1278832935
250087728
1331817270
249493302
1108961078
730147126
1215342909
1267897662
250087743
1265221441
1278832964
1265221447
867504457
730148172
712112984
812369759
738182497
111381859
224917860
259446118
1262597991
1308382570
1331790188
240147822
1299429744
115505008
1106662773
240147829
1106664823
259443068
1117563262
186830718
251520387
1108961156
148637572
1126117766
1285540232
198440329
1331790217
1265221513
259446669
1331779984
1262329748
1331779988
1299766688
251844002
1331790246
1278900137
716315051
763914669
760848310
1341494199
384860090
1335406523
251518404
432681924
206196166
1106664904
722515403
1267897293
1331780050
251520466
99309012
723742678
1309535195
259427804
1309535710
1106663903
1108961251
1330356197
1108882409
1331780074
799908843
1262598124
1215343597
259444206
714520046
1263508460
1326933490
1300768754
249196530
249196533
720079863
723360252
867504638
highway=bus_stop
212
1280827392
252416515
867504644
729317894
140240906
1305383442
1308382740
760848408
760854041
1265170969
724423193
1262693916
1330356248
741988382
1311362082
1309535267
1287067174
1126117927
812701740
1305390637
1268333102
799908914
719489587
251989558
250097211
1215342653
1338291261
922312769
1123234374
1331817034
1308382282
251520588
1300759629
723742797
185512528
1339464273
1262598225
1308382803
249436248
812701789
247449184
737084001
1269972578
249195114
101588589
765343863
1262226040
1030782587
1269972603
760848510
206161024
1309535363
1346890883
250644614
251877511
1126118024
1278902921
1262175372
101582479
250734737
1267897496
1263931547
1107499677
1331817128
1330356393
1309535405
1215342770
747047091
1265119924
208621748
1279695539
250646709
764639923
1309535936
747846336
743390403
1331817162
1262598346
716313296
654288593
738167000
246782683
251769051
724860637
132860126
1106662619
1301476068
1309535978
711049456
1309535477
132860149
1278832886
1308408056
1106760440
1339035903
1104769281
760530690
1030766338
714588929
1215343365
251505926
1331817222
195739913
1263931658
724871950
185522963
251877653
249591062
1263931676
1331779870
249493279
186069284
760530725
638721830
1331817254
1309535526
1108882729
711049521
1339035954
142439731
1331779894
1126117687
1262339382
954702650
212838202
1300775744
1108882753
115504961
115962182
1126015307
253267278
1309535572
190635352
253265246
215958878
1267980638
111381857
867504482
150538595
148174691
115509599
1267980647
711247719
867504495
249197935
154548081
148951924
1264458102
115505021
716215165
1106664830
1299121024
171103615
148165507
1108882820
654307206
1263931782
1299121033
729357196
259446671
1262598033
206161297
729921425
251816853
252416406
171103638
251520920
226457497
729920921
223907739
206113186
251949987
251518375
1278900136
723360168
765343658
520740265
1280746413
250646446
252022193
252022194
132869555
721528250
714520507
246781884
1123164610
1311361988
1308382148
1280456651
1279963595
185887693
1263931860
1106665430
252193751
228828120
251633114
1262598108
724842463
1030751200
1326933472
722372066
251032037
714521062
1269972454
712162281
741988841
1215343084
1340461550
252022255
1263508467
1269972468
716014579
bus=*
212
1300735488
743390721
1265170951
1262598153
1279555602
251032084
1299766805
1305390613
1305390619
765343772
1266165277
1108960800
198439969
250735649
1280827426
116014628
1123211818
223894571
250735146
1117518382
1330356271
1280827440
250372146
1106662962
1311362103
1126015038
250648644
723358792
1117518413
1107513423
1265372239
1123234383
812701778
1126015059
1299417172
1108961368
714588249
115402330
1299417179
812701786
1117518941
729892445
1309535839
812701792
730184800
1330356322
251032163
247449185
1266165357
250734704
1341735539
1309535352
1266037883
1278902909
1108882046
151016065
206155906
760848515
1279271562
251843217
253107347
812707475
1263931539
812707480
148158617
747846298
1263931547
251838108
190647454
1262226079
1106665120
723742880
1266037922
1215342755
142223523
812707493
206245023
1262175392
729338535
1279695529
1108960939
150564526
253267632
729313458
738166962
1266165433
253117630
729328833
714520776
1308408008
198440141
729338574
251769039
1308408023
712200415
210674400
1126015201
1266165474
1108960995
234662116
760530662
208621799
250090217
1268333290
251524335
1106760432
132860149
185522935
724871927
729921271
1108882680
1280919291
250734846
1268333310
739413246
215940865
139778306
1108961027
248700674
723742472
712320778
1108961035
714588429
873135894
1276540185
1346891035
115530012
99308831
709656864
252743455
1340422439
250638125
1117519150
711089966
253461808
1106664241
148166451
251520820
729328439
250087735
251877691
1306866493
738187070
1341736256
712112961
1262597954
198440257
249197890
251947847
249493320
250096635
1340461898
1299429708
1215342925
729357134
253267280
250736979
250718037
720188759
223971159
1299429721
1340422491
186059613
181491550
250717023
195885413
253265254
714520426
149368171
250757996
1117518701
1276546926
1108882798
1262329707
1264167796
251768692
150539127
248187772
150539132
252024197
760856455
1301476240
249551763
250094998
1324503449
1126015388
1262194589
765343651
1308382116
116192678
248459174
1123359144
1123359142
240146349
1106663343
724848049
253107638
867504570
714400186
1308382150
1106664412
432696796
1331780062
1123211751
724740071
1117518830
716316143
763377134
1330356214
1126117878
742003194
248458747
route=bus
212
761253378
251615240
1287184394
1308382221
716316173
185521167
116038161
761253398
1300750873
253237273
714519579
251032092
729397790
1123234349
762927662
1117518893
1330356270
210757171
724871736
654362683
1072097340
724871741
760848958
724871744
742003265
1263995458
1309535299
760848454
250760264
1280765513
1117518925
246782030
185526351
249795665
251032146
1269972564
135824469
249795669
1266037860
259427949
738166896
760848497
1299417203
711049850
712112250
1126015100
1339404925
729397885
1107499652
1266165384
206242953
1268333195
1345207437
1266037903
1266037904
729397905
1107523731
730184854
1106663580
101582493
253117598
1107499686
150564524
248758961
747846322
711049394
247448760
729892540
251900607
716116160
1126015169
250645700
812701892
1106665158
482754760
1299417290
251772620
723395282
1279946965
1267897559
1108960984
741988569
251876056
1262598363
208621788
1108961502
729328351
867504351
1279946976
729397987
251520227
1266037989
714588902
1266037991
250734820
1299429613
1266165486
719489775
150714611
723111159
1104769271
208750329
249315576
1108961532
234665726
1308408064
760530691
1276540173
1106665230
142693139
739413269
1104700181
1280456471
140650779
729328411
724871964
1339035936
1309535526
719489318
252194090
1331779882
1262597934
1299429679
1262339378
1257245491
741988662
250087735
712112952
251877691
190623549
1308382526
738182470
1299766599
729920327
251947847
186056010
249493325
115509583
724422996
250718037
115509589
251877717
144137048
1299129173
720058206
1267980638
253108064
150538596
1126015333
1262597991
534396270
116019568
249227632
154548081
251843954
240147829
1331790198
1108961146
248187770
760853884
144130940
251503487
1331779970
867504515
1309535620
730148231
171103624
1117518730
1264458123
251948427
1123234187
248187787
867504528
1262194581
198440347
716315037
206113182
1263931295
251032480
760856482
384860067
215957924
1331790246
1262598058
1107524013
384860084
1308382647
99308987
1123359165
722515390
215939010
867504579
251030470
1308382667
718065624
1299766744
1312562652
250643420
248575966
1312562656
765343719
1326933481
259444205
1299429870
1267897326
251615215
215929838
251520498
1309535220
799908853
251633144
1117518845
amenity=bus_station
212
712200192
1269972481
185521156
1106662916
1215342598
1305383430
716316166
729892361
1267897355
185521164
1263995406
1308382224
761253396
1262598166
251520535
714520599
1106663959
1270688790
764639770
723359262
250718750
253237283
742003240
1309535785
1308382251
799908907
738186285
250735151
1126015025
116014645
799908924
866829372
1269976638
251989565
1309535296
250648642
248426564
1266165317
1117518406
1106662473
566473802
714588751
729921104
764639823
1308382801
253237329
712200278
761253976
738186842
116089438
765343839
1265372256
1324508254
1030782562
716116063
1339404902
1266037864
1126117992
1117518442
1268333160
724748392
248441966
1299417201
251838066
206155891
1117518449
520740471
198440061
206242946
1269972610
812701830
1262175367
251949193
1117518478
1266165390
431359120
1262598289
148158614
1309535899
723753118
1108961438
206245023
206242975
190647454
142223523
1262226079
714520741
520740517
714588330
1126015148
1265221296
520740530
1265119923
747846329
520740542
246782655
251949758
1309535427
1267897540
1299417287
1308408009
716313290
248576203
1106662604
186066125
251839182
206385356
1340461784
248575705
1262598366
250090207
1117518561
1215342827
1106664174
1268333295
1330356463
654288626
185522932
730184948
1108961015
1266165495
1266038008
743390458
723149307
151015164
1104747264
248440585
185530124
1263932174
116192017
1108882200
1104700187
116031772
729328411
738187039
1345205537
1309535525
738182437
724871976
1280456489
1108961065
1123234094
724739375
716215087
251877683
738182456
1279969592
1340461371
714400065
1126015298
1215343429
1108882245
1108961102
223925070
248641874
224900949
251632982
249493334
1267897688
1106760538
115509599
1263931744
1331779938
195735906
250757995
253271917
1264167791
722515313
1126015345
741988725
711049595
1117563263
1108961154
1108882822
99308937
760853898
1331779980
1331779981
206161300
259447701
1334645149
1117519263
1261636512
1299766695
181484973
251877805
760856496
520740280
1308382648
1262329786
251606969
722515385
240143806
760856512
729920964
720058310
724765129
240143818
760848334
148169681
252103121
150565336
148953050
1030751195
259444188
799908827
716316126
1123164656
1300768752
100261362
761253363
1263931387
train=*
212
1117518848
867504642
185521156
185477129
1108961291
742003213
1308382734
1270688783
1311362064
1279555600
738186255
1106663443
1106663446
799908887
251775000
1330356246
724842525
249315358
249315362
252025894
251032112
654378547
723742773
208756796
1106662972
1338291264
729397829
1269976655
812701776
812701775
729338449
1269976663
723358808
1308382807
185484888
520740444
812701790
249415263
566497376
723358814
1268333150
1262175332
1266165348
1266165351
1108960876
186838128
712320631
1265171065
249415291
1299417211
1309535358
249415295
1117518980
248429703
148976782
148185231
710440600
723358873
1309535902
248758950
1108961447
247448746
1107499694
100250799
1266165425
253269687
1346890935
251838137
1340461753
1123233977
1117519036
1265171132
116024515
361414339
738166980
1266037959
248576200
1308382410
747846348
738166990
739413199
259483857
1107523793
1268333269
26062550
198440151
729921240
1106665689
195735769
520740567
714519260
344190173
150538463
739413221
1346890983
1280919275
1308408044
733458158
654343408
185522929
1309535475
251520756
709656821
361411830
185522933
1308408058
246782720
259483906
654288642
760530692
142693126
1280919303
1309535495
1117519115
248576268
1308408077
185530128
250734865
719527700
251877653
246782232
1309535518
250087714
1106665252
250371366
712286504
1301476139
1280456494
186069297
812716849
116037431
1106664247
148166457
251768634
1267897663
1117519177
714589003
1308382542
1267897169
250736122
729892694
866851671
249559896
249493338
144137052
720058206
1108961119
198440289
848010595
253269866
1331779954
259443059
1264167796
534396277
259443058
1331790199
251838328
1346817913
714520436
520740219
738182524
1106665341
729920889
115505021
148165506
1264458115
1117563270
249197960
723359625
1330356106
251520905
249197964
190627220
1262329752
714400158
1309535648
384860067
1278900132
714520486
148216745
1262329771
1280746412
1107524014
252020145
720058291
1262329780
1330356152
253107129
248575421
226457534
1279963587
764662220
249412050
249795543
723359706
765343707
1306856415
1106665440
206196193
215929825
1305378271
250642918
250087403
195885549
1117518830
720079856
1123211764
252744182
1262598135
742003193
711248378
1331780095
bicycle=*
212
1330356224
714520578
1308382216
1311362059
384860177
185524244
198439959
729338393
185521181
1108864541
250371110
742003240
150546472
1126015018
250735147
799908908
1268333100
719527977
115956784
1331780149
789294645
812701751
799908920
254341696
1276546630
251989575
729338440
251989577
714520139
1299423309
206155855
765343824
1334655569
1308382291
251989589
135824470
1269972567
812701785
1267897434
247449182
712200286
1266165343
738183777
251574370
714520161
738183781
1280765542
765343848
259427433
743390315
206155887
250647664
1269972598
1299417209
206155898
799918714
1266165373
1267897473
251992196
1030774917
747853959
1278902922
765343883
1266165388
1262175375
1341735567
1262598291
251949715
1331817112
1108882590
206118569
1266165421
1309984942
764639918
26062516
1107499702
1266037942
251520185
724739257
654288573
729313470
361414337
1299417282
729313476
747846342
1280919240
1280919244
723359950
208778448
132839121
26062549
747846359
26062552
251769051
250377439
1262598369
1330356449
1341735651
250090212
1301229289
1117519082
1331817198
737084144
1266038001
1308382448
714588915
1326933236
716116208
253117684
361411834
1108882173
1106665216
250929921
250929920
254347011
1308408068
250647301
1126015237
1266165511
248576264
1338296075
250717456
1123234064
142693139
253117718
1107523862
1347617558
223916825
724739866
250371355
1106664732
116031773
206154009
250638117
250737446
720096551
1339035953
1106663734
215892282
812716860
248395580
1126015292
723359552
1300775747
1343593799
345824583
223916364
144124751
1072128848
1265221458
251031896
712286555
720058215
710952808
1331779945
251877736
719489390
729920879
1299931504
1331790194
1263931763
1299766642
1340461430
1126117883
251947896
171103608
1262329720
1280456569
1123359095
719489407
1106665345
1108882818
1331790212
1267897733
1117563272
259447699
714589076
1265221526
1330356123
520740256
724402592
1123359137
190627235
223933863
1330356138
190627244
760848301
714589106
1309535669
1300624312
1302746041
760856505
1335406523
251633084
760853951
723359683
1308382661
249286089
250735566
1309535694
654354898
99309020
1108961247
99309024
250087394
250638309
251032040
1108961256
252744177
1330356215
1106663418
1123234299
amenity=bicycle_parking
212
716116480
1309535234
1279555588
720079881
738186250
1269972494
1305383439
1108098063
250714640
185524243
116057107
1270688787
729397789
738186273
251773474
1330356259
1108881956
1108864549
799908907
1126015024
1266165298
252023347
1117518388
729397816
250097211
432593468
1107513405
1123211840
248535111
251032138
1108960847
1106665552
1265171030
1300785751
206155864
812701791
1126117984
1030782565
729397868
1299417199
1331817076
747846261
1107515510
206155895
1030782584
742003321
812701818
251950713
747846271
250768512
248433280
250717320
251949193
1339404938
1126015116
206112399
115575959
1346890905
208789657
1268333209
654288539
729397917
99343520
250642084
237698724
742003366
1266165412
431358640
1331817137
224905904
1268333234
224905905
1279946933
260027572
654288568
1266165435
723753148
1268333244
1107499708
1262598335
1104769215
1106665154
1331817159
1299417289
729328332
723358924
251769039
248576210
1346890963
1107523796
1262598357
1263931607
1265372376
1305397464
1262598360
1331817176
208621787
760530656
251520224
730184933
721528551
1346890983
760530663
1280456428
253270765
1265221365
1331817206
1276540157
248700675
1278832902
132860169
1278832906
741988619
709656848
116192017
1280456469
1106665750
248395543
1126015257
252401953
248397605
148176166
250643750
1278832938
250371373
248397110
730148150
1262597942
812703545
148166459
248395580
1215342909
250087744
1108882242
1278832965
1340461382
720058184
253267275
723359066
115504986
251504476
714520412
150546781
226387293
1331817307
520740191
1267897182
534396261
432596838
181491559
259484009
1108961129
1117518701
1299121006
1106663280
253269873
250638197
534396280
723395449
1265221498
722515325
181496703
1331779974
1265221512
1308382612
250096534
1227814809
716315038
1123359135
181496736
1299913118
1330356130
190627235
132869543
738182572
1308382127
760856496
714589106
384860085
812369846
1302746040
248458682
1280456635
248458687
132869568
186054081
1262598082
1300605888
1331790272
1279963596
1117518801
1263995345
1308382681
799908828
431576541
1312562654
1308382687
724842464
250087393
714520030
799908836
1108882409
1312562666
1263995372
1123211757
742003182
1269972468
432686070
185521143
252744188
723359230
249314815
bicycle_parking=*
212
761253376
249591296
1215343106
1262598149
185482249
1308382729
714519567
723395088
1108961298
250638354
1308444180
223952407
1106663959
1310940701
719527968
251839014
812701737
116014637
1269976623
724842543
1331817009
116014643
1123211828
1123234357
1123211830
520740407
251574840
101481529
1309535291
729397821
738166854
1331817033
723742797
251949647
1331817040
482756178
1126015059
1300785756
1262175327
742003297
712320609
741988963
1278888038
1330356327
1262598248
1266037868
1280456302
1266037873
765343859
130096769
1299803268
250734725
1299417222
1106662535
1123233929
1263931530
1106665610
742003199
615989898
654288527
206385297
1106663058
710440600
1309535899
615989915
250642077
764639904
249585825
729313444
1262598311
99343528
1265171113
1339404969
709436584
206245036
253269680
249411761
654288574
1267897535
714519745
1107499717
247448773
1309535955
248576212
724739285
1309535957
1266037975
251503828
716309719
251503829
1107523804
1108960989
226005214
246782689
1266165474
867504355
1308408036
1279946981
1106663145
1330356458
224947951
1108961008
739413233
361411827
711089912
1299429630
1308408064
714588929
132860169
1279974154
723395071
1106663181
251947789
723358989
432696597
185488150
1263931674
1276540190
763919648
115504931
249493289
873135914
1309535531
248397612
251031853
1262339378
738187058
812716852
1126015286
711050040
729351481
1107523906
1263931716
714520389
1126015301
249493323
248641879
1299931486
250728798
251504480
1215343460
1267980644
251520358
714520426
251615083
226387311
115505007
1265221487
150537587
729397621
534396278
1106662775
116019576
1346817913
729986426
760856444
248187773
144130940
724779394
743390596
1308382597
1108961162
1227814797
1267897742
248187794
259446674
1308382612
738182549
741988759
1340461472
1126015392
1340461474
723358627
714520994
181484962
1106663337
716315051
1126015403
743390638
724848049
1299106229
1126117815
716315063
1215343546
1123211708
1340461507
240143816
1299429833
721528778
1106665418
1311361996
654389708
206196170
248632271
251877846
1269972438
250643418
724842458
248575964
799908829
251633118
253267936
716316131
729328612
1262598117
252020712
251615212
249193966
251032047
251032052
760848379
760854015
amenity=bicycle_rental
212
1305383428
1300829704
1331780112
1263565329
116038161
1299766801
116056084
799908887
1305390619
224902684
799908893
1311362078
251032092
1270688804
253237285
148981798
116014628
1308382756
115402281
1269972523
1106662957
251032110
723742767
1108864561
1280827441
1126015027
709749304
1126117945
741988410
250648635
251520575
251989568
229548100
1308382277
1263931460
654362692
223960648
1309535306
115981899
1308382282
1309535310
1263995471
1266165327
1300759634
1266165331
1300759639
183823959
738186851
1299417188
1268333156
252201068
1300773485
247449196
729921647
1331817072
848010348
738186866
747846261
724871800
259427452
1331817090
186849922
1299803271
198440073
1300742793
1345207436
1262598286
1280456337
1278902933
259443350
251949208
247448730
208765082
1309535386
729397915
738166942
1108960928
206245025
738166947
1106665124
1126118051
100250790
1308382374
1107499690
761243820
1126015149
738166960
1257245360
251520178
248758964
654273208
1299417273
1117518520
747047096
1106664123
1106665154
432600259
1299417285
100250827
1309535948
186066124
206385361
259483859
253270740
253107415
1268333271
1108960984
1106664666
1107523804
520740572
344190173
1262598368
1266165482
1280919276
729351409
733458168
248700927
1108961019
1309536001
1309536007
1308382471
1108882185
1123234060
1279974156
738187022
712112403
1339035924
1339035925
148991254
799908863
710954268
1104700190
720188705
954702626
115504931
251823396
848010021
730184997
253108005
638721834
148166445
1331817270
224870199
1126015289
1300775745
738188099
738188102
1279685447
1331075912
1343593801
1262339403
711049549
1299931471
248459089
1126015313
251524436
345824597
1267897688
1106664281
249559899
1267897691
520740187
1123359072
1262597987
1107523942
1279674727
534396263
1263931238
760853867
722371951
711247736
181496699
1123359104
763371907
1126015373
248187789
148165520
812369810
1308382618
432689564
1330356126
1339405216
181496736
760848290
1308382115
181496745
765343662
132863409
251520434
1123359164
215939007
1262329795
185889219
716116421
1279963593
251032010
99309008
1262598099
1268333020
1123234270
215929825
250642918
1312562662
867504620
764639725
251633133
1330356206
250087408
799908848
251633144
248575998
1215342591
aeroway=taxiway
212
185482240
226457602
195885570
1106665479
1300829704
186834953
250371081
1280765447
251032081
253237266
1269972499
148657170
1263931921
1106663446
742003223
729397787
251032096
1310940705
1107513376
215856675
1331780134
1330356263
250640936
742003240
185484330
520740402
789294643
115956788
207136819
738186293
1339404857
250648635
1338291261
765343296
1106664513
223960643
185512520
1331817033
520740424
150568008
738166863
1280765520
1339404898
729860195
253117538
1117518434
1309535847
250736232
116020332
812701806
250163311
248575089
1106771058
1269972597
712162429
729397888
1331817090
1106665608
1345207432
1262598284
251503758
250768529
714520721
714520209
1339404951
206242968
1106665625
248459417
1108961435
1126015132
251823263
1257245343
142223523
812707495
251773609
712112303
224905904
253269681
100262064
150564527
723395252
250646710
1299417274
1279946938
1266037946
724764862
1279946943
760848575
1262598337
739413189
206385350
206385353
248576203
1215343311
1266165459
1299429590
747846359
729921240
654288600
1126015194
741988570
210674400
116039393
482754786
252023520
224868576
1265221349
1308382442
1030766316
116088558
729328884
709070588
185522940
1123234046
247431423
1126015231
1308408065
743390466
729920775
724871947
251774219
954702607
739413268
252401952
115504931
1257245476
253108004
1278832941
1300835126
115504954
812703546
1262597952
1340461890
1331779908
210757445
738188100
259427663
115929424
867504464
432682323
724422996
250736981
208772950
1299931478
251632984
1117518678
520740187
729921885
743390557
1331817311
251031904
1309535591
1123359080
1126117739
132860792
144130938
1106663291
252022142
181496702
144130946
1300949891
252022146
1331790214
1227814794
722515341
1340461455
711248271
1126117777
1331790230
251816855
1299766680
1262329755
206161310
432677279
1331790240
1261636513
99308964
1108961190
190627242
1123359149
765343662
1262329773
760856499
206161334
1262598071
1123359160
654389689
206161340
1326933437
722515392
1262598081
1331780037
1309535694
251774415
1263931856
1309535699
1123211733
206245335
215929816
148953049
1309535707
224870364
251949534
215929825
799908836
249314814
1309535213
251032558
1330356214
1108961276
223945726
1308382207
amenity=taxi
212
1309535233
1310940677
738186248
246781961
223952396
1310940690
253237266
799908884
1269972501
185521178
250716703
712112164
720058404
223894566
249315367
742003242
1308382250
1280827436
251950124
1268333102
1280827439
1305390640
1305390642
765343801
250097211
1108864572
1106665020
185512510
1268333119
1108960831
1106664513
729338434
1269972548
1309535302
251989576
198440009
249795666
482756178
253237334
721538135
742003288
115402336
1215343713
1123369057
247449189
210677350
1299941991
208725096
730076774
729397871
1108882034
1338391154
1266165364
1309535346
206155894
812701819
206155901
1030793854
251948158
148980350
1309535366
714520202
723358858
250734224
1336613522
250090132
253117591
247448729
1263931547
206385308
1126015134
251838111
250734757
764639911
724764840
253117609
1339404969
248758955
1308382719
1309535918
738166965
724371639
1265221306
723359421
615989952
1299417284
1268333255
1265221320
1268333257
1108961486
253269714
253107413
206385367
1266165464
1280919259
1117518561
737084131
1263932132
1263931620
1108961510
250090215
1106665706
1280456428
615989997
223904496
1309535473
1108961012
1308408061
1345206526
1339035904
117379842
1108961539
1308382469
716309770
1308408080
251877656
250087708
1309535521
723359521
1280456487
724860717
812716846
1107523887
1339035956
1340461369
812703547
812716860
1340461371
1126117695
251877698
729921351
252415817
259427662
223925070
503682896
723359066
714588511
259446112
251784032
1267980642
185836899
1123359076
250737510
1331790182
1276546925
867504495
249227631
116019570
1264458099
171103610
115505020
248441726
714589054
1117519233
248187779
1108961159
760853895
503697289
1117563274
198440331
249197964
1267897229
1308382604
1280746387
251520917
1331779989
1262598042
1108961182
432689567
720058272
520740259
1278900132
248576420
1263931814
760854947
765343656
248458668
722515373
181484978
712112566
206244279
215889336
186054072
714588091
654389691
654389694
224903103
1108882370
1108881859
1279963593
1267897806
150539726
1108961232
723360209
201145296
251877848
520740312
724765144
724842459
1106664412
250737119
1305375714
1306856419
223912941
223973871
1311362032
1265170928
723742708
765343733
1300768760
1346862586
249591295
taxi=*
212
248576512
1300735488
1279555585
250371080
922312716
1311362061
738186255
1331780112
154786833
251520528
1330356244
1309535254
253237271
1268333079
251774999
765343772
729397788
714588703
1123211813
206196262
251032107
1268333100
432683052
1269976622
729397807
251032111
1308382254
1262693935
1123234357
1266165304
922312766
712162367
1266165312
724871745
729338434
723742792
729338440
712200270
1266165327
711049808
223894606
116191823
1334655569
250760271
251843157
1330356309
185972313
1309535324
249413726
1268333150
115402336
714588256
1269972579
729397859
1309535334
765343848
229534317
729397871
1339404916
1108882036
1265073782
1263931391
1269972611
1126118022
250717320
100254861
1263931534
148976785
764639891
253117591
361412247
1309535896
1266165409
765343395
1262598307
654306982
738166951
1308382378
724739755
1266037933
101482672
1331817138
1279695539
1266037942
198440120
767271611
206385344
251775686
206153415
132860105
26062546
250646738
520740567
251520216
251614939
1262598364
1308408029
1266165470
132860127
251503840
226005217
251520229
712112869
1266165479
223904496
253117685
150714620
1339035903
714588415
132860161
1257245443
741988612
139778309
254347012
250647303
1280919305
185530122
185839369
716309777
1263931676
1112166690
253108005
1309535526
724871977
724871980
116031789
252343596
712200492
248397113
719488836
1108961093
1280456517
711050056
738187088
1265221456
248426834
729921872
144137044
1299129172
150546775
190635352
251031899
198440287
253265247
250736487
722515309
1126015343
1126015355
743390587
520740222
722515327
1106663807
1299121025
1262598015
432686974
1106663814
1263931785
1265221516
171103632
1262329745
229537680
259447701
1267897750
250736535
251520409
729397661
206161310
714520481
132869542
250728870
1299429800
712200617
185887666
1331780020
1335406517
760848313
249195450
654389691
251520955
1117518778
1126117822
1309535679
1311361978
1279963585
747054015
1308382659
185887686
1331790280
251947471
251773392
724748239
747054031
1308382675
799908819
716116442
1311362010
724848094
1106664416
724842464
185882594
1269972448
115938788
1330356197
1108961253
252020712
716014574
1126117870
251615216
1331790322
1262598131
251949562
248575999
share_taxi=*
212
799908866
1346846213
1309535238
115954181
1300829704
738186251
1268333069
1263565326
250736654
116082190
1262598161
1123211794
1106662931
1267897364
799908884
1330356249
764639770
223894562
144137763
714520612
251032098
723359782
251949607
742003240
223894568
1268333098
1345206823
253237284
1287067174
1279739941
738186288
248459312
1269976629
1305390646
714588728
1331780152
1340461630
742003264
1266165313
186049090
251989577
1309535819
1300759632
729397840
482756179
714519639
1106665052
247449189
251520618
1262175344
132844146
1269972594
1299417207
729397880
1262175352
729397884
1300742785
1346973318
615989898
206385292
100254861
724371086
206242963
259446933
1107499670
812701845
760848540
1117518494
196248738
1346811555
738166948
1106665124
738166952
224905897
206245034
1108960939
250373295
251520175
1265221298
101482677
1266037941
747047098
1279946939
1117518526
99308746
250643658
235437258
198440141
711049418
1268333263
248632017
1107523793
132839126
848010457
208621787
714519772
1104769246
246782688
520740579
208725733
234662118
729986278
253270758
711089900
1108961004
1339035886
116088561
711049458
709070588
1266165501
1106663168
1331817221
185839366
1309535498
115936011
1279974156
741988619
132860178
729892630
1261584665
132860186
432696603
729921308
738187040
148166433
760854304
1300727075
1309535525
249493286
1339035944
1106663208
252024620
148166447
761324335
873135919
1126015286
249197880
253461817
185951546
747859258
115962173
1306866493
1262339401
345824586
1278865229
345824591
503682896
867504467
115509589
711247701
345824600
812369759
741988713
1262329707
154548080
768260979
714519925
1264167799
1263931769
1265221498
761253241
1309535615
722263935
1106760577
248700799
729920899
250734980
1117563276
1227814796
185479059
1299121043
215957909
765343641
223907739
198440347
181484959
763914655
1331780001
252025765
1261636519
722352556
1306862513
1030751155
1330356149
206161342
1341494207
251950016
1262598080
251518404
719489477
714520518
1123359174
1300605899
1263931851
249286092
1106665424
743390673
724842458
249795548
716316128
724842465
1330356194
259444195
1340461545
251615211
714521067
765343729
251615219
1126117878
1123234297
730184700
711247869