27
17498
621
17760
690
11619
5257
1465
7760
2101
12282
8298
16000
5379
15054
17485
17534
1505
17658
13425
4153
7402
7129
13751
1858
1752
15306
2683
8441
10534
12675
8431
12881
11899
15113
10173
4117
6873
6144
11499
11131
5005
5265
3229
14529
10260
15866
9406
11651
8037
6916
12049
13693
14745
5859
8720
2078
12149
12163
1215
2115
52
13583
6525
16370
16876
17150
5871
11813
7010
3743
13034
10836
2465
13214
6666
15944
3388
2512
7800
7149
16416
5290
2831
1018
12526
7075
1198
5038
96
3344
6455
6845
17004
6741
10319
5292
11175
5367
7339
2191
11947
10447
6945
10402
13056
7598
10334
11966
4195
4246
12804
15764
16465
15260
9244
5821
437
7741
1010
2276
15674
11916
7218
14980
13436
16001
12604
6931
649
236
15338
6554
2024
11297
15557
1761
237
9246
17482
7920
15160
144
16990
7900
1381
7873
8161
14043
2789
6235
13147
14660
12896
13063
16839
13157
11472
1139
5603
6473
11661
5428
17234
8991
859
2680
5834
4643
10800
11407
17744
2931
3227
2954
16093
7115
7579
13914
14886
8219
6085
17331
14511
373
1406
11934
16760
5740
11294
5475
4318
11390
8702
14333
9207
6450
15172
13465
5403
9576
8215
3805
6725
11104
15788
6404
17156
16501
13729
2701
13344
12602
6129
12999
1009
7808
14549
5752
15647
8842
12917
13110
9935
16437
6004
4197
17266
16612
11824
17045
15411
11262
6403
1415
16611
14089
4000
14638
16397
5910
14027
14789
2274
12152
12606
431
143
15724
5445
738
4
13168
7965
4900
8605
14533
31
8588
944
101
17561
3698
1038
7847
17111
7157
17281
65
10306
10205
16159
5673
15180
1884
8017
208
2100
2496
14283
11285
16319
7565
4432
2681
9641
9001
9530
16820
10196
2628
6356
822
8236
16924
15168
12353
13678
11358
3224
15243
11108
2293
4775
15159
14457
17080
11503
9326
17696
222
10358
11012
4760
7589
6279
9193
6777
14032
2482
11409
1612
15293
8418
1110
13025
3373
4087
16467
10258
17620
1863
9128
3095
14234
2642
11598
13311
9202
17041
3352
10651
11725
17709
4144
7947
6023
11834
1094
10838
5765
11044
12493
2953
9560
8758
1625
13266
755
11647
3102
13485
6948
4601
15118
3170
1924
15597
14722
13797
7275
425
1843
5645
2955
16687
3217
2373
8791
51
4350
11609
2981
14053
6860
3305
10212
17291
13302
15744
8081
5483
2775
2060
1652
15253
14427
15420
14216
5928
12788
2540
5773
12480
1281
17677
13773
5507
185
9233
10861
7742
14524
15482
216
8485
6116
16089
6294
9242
2874
12229
2841
5649
82
9282
4464
436
9571
15507
3191
9912
11727
7964
6624
3099
571
17692
4812
13285
3048
16272
5383
6493
3488
6225
751
12254
7652
15726
17650
4052
3634
7657
15410
11335
13060
7226
882
14294
4241
10557
5470
17497
817
6628
175
6334
13624
13106
11694
9313
12288
14728
17514
1551
6240
11365
2662
1053
5847
13651
13081
9511
15173
1267
2606
12851
5206
16718
13910
13209
926
9238
4174
15429
1111
11132
58
6688
16067
9057
7919
14751
16119
4372
6166
14958
15514
7805
16314
13352
7839
4671
17754
8167
8838
8751
3668
1653
11679
6331
7461
9597
1003
9578
8613
4413
16299
13882
14469
16171
3583
11836
2334
12154
3678
4828
2130
957
524
4701
9387
16217
3055
13198
5055
14037
5869
10901
2383
13447
10210
13191
1062
12981
13535
4366
1246
3413
6649
1526
5427
2436
1448
9990
855
4476
5468
7082
17747
11708
3660
3812
12840
10219
10292
14203
5850
8250
5042
9480
15025
13551
12516
7271
4236
10980
16983
7423
13737
12576
9628
14776
14193
6576
4025
6476
813
11744
9933
4842
4028
10964
13642
10770
12148
11998
9808
17152
10844
1125
3182
5758
3892
12879
11668
14448
2878
1705
4042
1915
10027
17481
6038
4118
150
9163
13448
10957
10746
16851
7841
2357
17019
248
2382
14794
8385
6905
15785
7497
6836
12560
9638
9601
2549
9342
3020
10703
9624
15609
1433
1241
17036
4903
15027
9742
8345
5234
4093
2765
5490
7886
9731
1096
14282
13790
15978
13518
12834
7777
5515
7123
1718
15435
4972
3484
7675
14547
16291
10945
5922
442
6441
7732
8328
9852
10226
9685
12030
14004
16511
12736
1709
6785
1303
7866
411
16496
10464
5986
10030
17432
2332
5210
13434
12942
5321
5012
5579
9847
14873
4557
7735
16366
8484
11057
6016
7998
12707
14682
12514
4711
7863
7966
7199
1677
5090
6215
1277
6013
12408
5532
6504
6515
2634
5829
12644
15478
6779
9652
11140
13440
1621
13682
7050
17040
2710
4953
17263
3460
6852
7593
1199
8513
3268
1753
16702
3697
13918
1141
3045
11362
4165
12897
4685
5466
13076
3952
7948
10600
4884
8268
5668
3212
9208
11785
5855
4207
11935
226
7197
17707
13338
9296
6267
953
14289
9698
14577
3827
12374
790
1328
11921
11192
15526
4089
14762
6112
11820
13247
10230
12126
9878
10740
17526
4193
10784
3780
6438
30
10556
4199
12318
13770
10645
14594
15358
6074
16091
10006
5566
218
11682
5454
9004
14559
2566
12343
17558
4380
13098
2543
182
7609
597
15335
15836
6096
9266
8157
2971
15026
17768
15649
10712
17623
12312
6614
11891
4977
13455
10191
3928
11739
13394
8735
1577
17479
11902
1489
8165
11705
3255
3184
4507
9604
7354
14893
10024
4932
4930
17678
16502
12752
4094
6471
8240
1524
14270
1604
16080
8580
3294
9792
5835
10084
10124
10285
978
3910
948
6052
7637
17085
10037
17196
4861
1573
11471
13921
5022
9190
886
6721
4850
12587
16146
6355
14969
4049
10580
3003
4955
17138
7332
5526
17560
12402
11259
7397
667
9810
16337
14375
15881
16890
16228
17523
8019
8515
4864
2181
10961
13943
12579
14647
2184
3563
2945
10406
10119
3422
15915
17210
14258
14737
7114
8122
1618
17435
9029
1097
7208
11992
3069
2964
4772
4010
2461
5027
2284
11494
3307
17165
15837
7434
14128
10428
3707
3761
3849
8538
3579
14711
16379
1099
4840
13529
14103
15232
6749
15267
15231
9099
1322
10973
3014
16387
14717
7087
492
7963
15929
6966
8125
16232
5535
7379
8726
9248
11434
3855
5106
7594
11026
5263
9924
13564
13049
16233
10059
8386
8140
12592
1264
17029
16325
14281
11484
2823
3149
4651
15245
15902
16014
14651
10069
12337
12589
13487
2419
14330
8548
277
3987
1712
11667
10512
13322
6987
4203
9723
7535
14544
3124
7350
10644
8797
4134
11304
14417
11671
2315
13036
5962
10790
14523
1272
15980
1128
3922
16790
3166
2900
15351
16412
17575
548
12790
11411
10762
6684
8668
1067
5516
6979
11988
17443
4341
6175
8499
12987
361
15120
15269
4249
2169
2281
10750
16490
6511
1461
3836
17630
15593
16346
640
7740
15158
8708
5971
1454
16640
13612
2761
15111
17383
14045
15585
12051
16017
11206
9992
9618
10855
7591
985
3314
9429
278
11199
12708
10761
7406
3161
3028
9050
16730
3802
15068
13163
5508
9788
2916
11723
4956
6347
14971
13963
2402
11477
1736
7907
14014
9496
6247
1146
3602
12422
2861
14712
3809
15685
13622
6561
15587
1507
8672
17438
11751
14621
7390
5760
1940
9015
7352
15421
12556
8339
8147
9765
12135
11171
1976
7039
17185
11920
16012
14255
13865
1582
7797
6369
9932
5391
4260
9521
7761
16084
17011
13443
5443
5498
6695
12200
3394
8743
15384
3380
4991
4829
477
4590
9549
6826
15545
17661
17612
9827
17107
3407
2940
2824
7489
14401
14876
7398
5370
6271
12300
11576
16480
12009
9820
6552
1947
3820
14151
9726
17137
8561
10135
6833
246
16049
10249
3181
16427
4894
17749
9198
6609
11116
785
4762
11277
4888
6926
6018
14777
7446
17364
6747
4424
2212
10537
8234
8994
12319
11184
13420
17259
8675
12661
12591
3601
10873
7752
4286
8194
3521
15248
1012
2254
10259
17464
14996
15807
2093
1434
17277
3670
17239
2149
11011
13899
14919
9158
512
8686
12448
8972
782
7584
2299
3262
9952
9352
6
8927
14537
2452
7316
8699
6191
11901
13513
8995
14279
10237
13130
5446
60
7870
11564
7308
12603
7587
794
11085
14463
6307
9963
16428
1525
11425
14392
2661
10681
1425
937
2544
1107
16569
255
3205
15041
6516
13129
3231
6683
1655
11448
805
8043
4213
270
2506
15101
12649
10730
7507
7766
8851
4509
1293
4817
4361
2740
7048
15643
112
10247
12626
17746
12779
6095
10071
16136
5657
2858
966
13117
15523
6529
728
12991
13267
903
2249
9191
9489
980
2083
10394
7028
16855
15063
16011
17328
13082
16602
11582
9859
5006
1882
7301
15590
9518
8118
9919
4398
5188
4503
6668
13780
6124
16225
7408
1741
11791
1020
15162
9561
10200
10479
15034
6140
8578
14951
4147
4909
4617
6044
2727
5587
14224
13609
8787
8325
13842
14044
16153
15604
5302
5620
12511
15103
14021
4038
2907
12684
9426
13223
4423
14586
9247
14504
10920
11570
529
7181
12723
9178
9361
16620
3550
4714
2177
17034
10367
14732
12369
9762
6351
12921
14030
4759
1019
609
16471
7571
8713
3119
26
3815
16588
7935
16161
12992
4291
14937
17453
6067
403
2842
16826
4430
15842
14823
5569
1249
11761
15102
11225
2335
6314
6036
14414
9377
2717
9508
13151
3011
2290
9872
3411
3296
7796
15438
11037
741
2713
914
5685
4865
686
8357
12066
3785
4282
17200
10238
9840
7256
16377
3248
9169
3842
15016
8334
1553
11513
12839
7655
15440
17360
12487
3810
9660
14123
13903
9000
16648
9421
14458
13953
8877
6186
8228
12014
12098
14819
2545
17005
12137
14026
11476
15398
6153
5034
8014
10794
8117
7255
7097
2847
798
3175
17516
11953
12749
17155
16892
11312
5719
11861
12377
15296
13846
13262
10705
15654
2752
4157
1550
2934
299
8644
10811
16423
13012
8721
16163
8065
11539
4077
3340
1603
1513
10099
156
5246
905
5201
11113
16419
3681
12239
8239
2361
8816
9331
9875
6329
12129
5408
5315
5181
3323
10089
9830
4131
6211
3693
14168
11911
14336
1617
9763
2137
319
2784
17273
9430
8110
397
9721
9452
15469
8170
1510
9675
17142
12892
8917
9380
16854
15023
9524
5798
10799
1966
13998
4648
11518
16692
6034
4805
16816
8894
1791
4123
13258
13245
7857
11993
395
11900
1302
7767
2682
1497
17721
11999
455
8950
2374
16202
3188
12007
850
2638
1810
3839
13466
15106
9600
11878
2095
12703
285
14753
9900
12728
5133
12060
4257
16175
15405
9548
2497
13906
12944
17766
8362
4721
12801
27
1449
7680
14706
1899
14521
2008
13341
9736
17062
3060
3969
16970
17368
16345
10897
2891
10426
11758
7023
8678
15467
6361
16097
1000
14590
10622
13113
1152
12772
15336
154
10690
3490
5091
5420
13665
14633
9033
4155
6431
14221
9655
5317
9771
5232
7794
14989
4176
7865
4323
16628
288
3528
14323
5841
5809
17689
13383
5260
15022
909
16096
9568
16115
472
16749
3487
12244
9752
4725
10827
13008
16578
17719
16586
15907
9585
1186
11161
11964
568
8225
15268
11337
16367
8394
8755
4348
14986
10462
6664
12443
249
11246
14576
13666
4276
17548
16885
13694
5482
9432
1713
1058
5486
15485
5219
1532
1978
13567
7445
10514
8233
1458
8420
5165
5131
16418
1315
17639
15712
7573
10765
7014
16206
5593
3163
7433
1608
7086
2045
11091
8007
14445
4954
17617
10400
10074
11263
13746
16871
13580
16997
10612
17271
467
2588
4386
15653
11195
10280
170
5608
6115
16819
13101
8109
879
939
15508
8317
13619
8624
4151
11001
1196
6484
16415
12566
16111
9283
13211
654
7260
9751
15366
13663
9973
4522
16559
12513
1077
7337
9640
9082
12372
7570
9474
8193
11602
5069
5704
16947
633
1523
16431
614
9339
9861
11008
12324
809
2835
15192
815
1636
7885
6163
9324
11201
9175
8798
13484
1108
17643
993
3295
4315
11750
10293
1116
14138
6063
8963
4943
10958
5014
5705
6428
16220
12103
6701
5617
5588
10620
11987
9942
9987
5903
13664
4469
6122
16978
532
12151
7685
4952
16810
6411
495
14837
15029
5464
9309
2099
15050
17379
6156
5309
17100
7447
14261
8536
11288
16782
2304
15451
17024
16064
17400
1520
1512
28
2541
3629
7266
14518
17257
7806
6592
1661
10925
8954
3017
4730
11904
16054
17183
9341
4867
13279
531
6708
4899
13390
10994
15464
2959
9513
6734
6783
5676
13501
14720
15710
9637
4262
10723
8424
12739
13453
413
2605
10774
9846
4778
10051
3517
15923
6413
7425
14106
545
14250
4406
8429
13777
592
12818
9058
7109
10289
12168
12081
12276
12774
16353
3666
2158
2325
331
8491
11702
11086
7560
7795
5960
14617
2048
7393
13183
14171
2493
16061
3058
7064
16982
9486
9892
16710
15333
6145
11379
7650
13709
1407
6207
10679
894
4004
11105
10252
2850
5426
14631
4635
11894
7179
11370
11151
5726
13499
2125
2967
11036
16032
5822
5243
5993
12491
8006
9916
10708
5582
17573
7699
650
760
8465
14869
4872
11776
14105
15626
8595
15132
5926
17309
5766
11420
16530
5187
3274
16235
6303
8388
737
12978
4831
10143
3424
9064
13862
12495
14478
736
1591
4815
2171
4580
17644
13575
4668
3483
15247
11134
4693
13679
13837
7892
10158
4327
12327
16852
1805
6277
6188
4074
10609
15123
14828
7351
1569
12386
6871
13269
6353
11303
7518
15825
7206
7304
3470
8531
15860
16647
5683
16277
17533
13627
10541
2224
15734
8551
133
479
787
15813
16105
4238
11706
16575
4882
16156
10456
2386
6073
15537
11793
2613
15476
6288
13086
9834
8956
824
7729
5954
11168
13743
3677
2053
6555
9456
7769
5000
8291
14058
6047
1540
7065
3467
114
13927
17307
11733
10202
13007
5326
9288
13625
5616
2268
14809
12371
10064
14201
12463
14407
3771
776
1207
2525
3010
8384
6717
5509
13798
1980
13536
14202
10199
1424
9083
5594
16279
14398
17133
17245
10372
8503
17110
1408
13888
16548
1778
2944
3062
1233
4839
10768
10101
4883
8363
14833
5843
13374
11783
10127
7283
9045
17118
251
10983
13399
11308
1064
6123
13545
2517
408
11185
12888
10795
8725
6888
7802
5880
17723
3154
5240
10146
5707
13243
434
8300
9131
4016
7622
6088
14130
15970
16615
8659
11666
4604
7103
7630
4625
11543
16716
3518
5994
1087
8486
5900
9269
14830
5350
8683
10126
845
1429
3709
5663
6994
11943
12236
9873
5696
15302
12322
14905
2788
6986
15423
6678
17223
17274
1973
8251
12238
4911
4608
9528
5060
15691
15312
14166
17728
12754
2942
15802
2330
1123
1365
13304
13449
7144
7754
2756
13859
5851
17171
9418
3426
6149
7768
1129
2235
7428
11862
8371
15139
11019
16920
14387
9259
1274
11363
10516
10696
7177
6049
15174
13490
5875
8888
1137
1226
12169
17340
16883
14520
11954
12760
11573
12017
4545
14644
6173
16166
7825
663
15419
103
11320
9
3913
5224
13102
1890
15344
7273
9779
2378
15300
240
1914
13991
7709
5223
1120
4529
10593
756
8805
10734
10403
13254
7081
6401
6834
561
13574
15128
10883
14949
3505
16098
15455
2082
1840
444
7329
9633
13697
12159
602
17047
6705
9187
5830
4683
5033
8230
14635
7120
8860
17637
5269
4405
8292
1693
12573
13767
15994
16236
6971
16275
4403
8195
11453
14361
13643
10952
23
14648
14608
16209
2265
8039
2477
188
3442
12731
11581
4069
3251
13273
14054
7042
13523
13296
10950
13688
11406
3273
7349
7320
9048
12756
13154
12301
4804
5425
8932
17655
12347
12242
8368
15786
10220
8400
15301
1275
7133
16899
3244
8607
9436
3494
416
9804
1492
6982
4915
3474
4675
8928
4632
9855
12285
9545
7072
1183
8001
385
15040
11969
12748
14781
15801
10652
9503
1635
2515
6463
13514
15640
9691
986
1588
10033
2055
3319
2519
5699
5008
10121
1929
13689
16958
8460
12955
6309
16485
10888
7119
5202
7705
17477
2225
13986
16327
3616
3687
15225
2929
4992
521
11117
8243
2412
1399
7041
8440
2236
8958
6363
1313
13843
13617
6158
1614
13370
4907
14880
14861
3846
7636
7764
13426
2692
8426
4670
2460
4054
7468
8164
17739
14664
10903
6457
6203
13677
17211
9811
5749
1061
2056
6392
15396
13611
6566
10894
6110
15606
7287
4825
11548
13215
326
1845
9262
8680
16834
16395
6365
9434
6667
6185
7770
8807
6605
4475
6883
1628
4731
13831
7411
8867
9338
8086
13698
6626
9739
14965
7995
10432
17260
12174
12047
4124
6043
8226
1928
8105
16274
626
11
16895
9696
1014
8778
3565
12704
10198
11099
16265
1531
5925
5312
16609
3158
7517
7485
5921
17530
12931
10743
17767
5362
9835
7040
10898
14102
2114
9669
6509
6752
5480
3742
2624
14977
8449
16867
8245
17405
16293
13335
10170
10317
4138
11645
4490
11275
11178
8532
692
12449
12519
11214
4744
8916
11511
17537
16699
12146
4984
22
7738
9092
1592
14652
14985
3630
163
4612
3400
13068
8313
7878
2790
11190
9636
2703
6898
4481
8013
4452
13788
14306
8344
14508
4059
15945
839
13315
4068
17378
9484
6061
16464
14687
7333
7069
2013
9218
8343
12782
15005
8351
15393
2949
2597
11662
356
6151
965
11429
9994
11973
11994
6827
4067
6830
15353
2883
5626
15493
12302
12679
6582
10458
11047
309
4492
7236
17235
17017
2527
8112
11845
9016
14365
1801
14437
1092
9110
1743
13084
16
4063
11149
11385
1400
8372
8232
16597
16811
5297
15715
14567
9358
8051
17571
14992
10053
1804
14940
16606
393
2833
11141
8715
12054
10881
4493
107
3385
16746
666
11532
10988
1749
402
16052
5546
5978
812
1404
37
7501
16339
14945
7575
14690
15350
1320
13386
8650
3937
1827
8242
2909
1344
1773
17647
7602
16893
1544
5271
1781
9172
8442
7563
2211
630
1373
15681
775
8252
9102
242
13726
13973
6539
9976
17540
15548
15191
3213
14384
564
14548
1490
10866
264
3313
5082
1995
12139
3506
7953
689
15142
11818
9959
8581
5563
1105
3465
13521
6791
6961
14296
13796
3275
9228
15277
17604
10307
7961
6976
11926
14180
2196
11968
8566
9337
13418
14459
15093
14718
11336
15177
10504
5877
12903
5229
3457
8276
11990
10363
1992
3098
9759
3934
11418
16294
1911
7508
11879
12733
7889
10545
3745
14943
10166
3486
5577
1357
12871
16984
12005
15575
2783
4740
5416
16264
6715
4973
11542
3946
11721
2887
11792
8642
504
7231
9243
8488
16908
12390
10809
10524
16298
7150
13881
13075
1865
14941
16695
17542
16562
7205
2896
629
14001
15856
4400
6104
11428
9464
15445
4411
11268
10265
14467
7348
14669
3774
16968
2104
12773
6942
12792
15112
3547
3830
15309
7562
4540
1707
1335
5036
10214
1560
3414
2356
617
9934
5281
1004
16147
7482
5358
17018
6035
5496
15202
12401
10753
16338
1300
13083
12291
10108
5622
10523
17565
656
12330
15394
10744
15503
15967
8784
3425
2520
3372
9903
9006
6194
17105
14057
11715
16447
17109
6371
5518
9139
9777
17083
3120
13013
16150
5818
7373
14695
17087
14474
15900
15430
17698
2854
10531
4489
16874
1192
4202
7156
1687
10587
8771
4697
13450
14078
5868
10404
6974
4471
6631
12489
16170
14064
6917
4572
7739
16791
16317
9181
6127
9310
12104
3943
76
3250
4443
12158
10935
11029
10978
5718
4119
3046
7318
8067
5753
6854
13685
10233
11388
6097
145
947
6640
9894
14247
7851
12263
11762
4170
5504
2970
3040
15434
13189
14304
7267
8262
14382
9592
1253
2342
16363
494
2735
16942
11997
13169
17543
15627
15130
12187
13503
194
655
11912
1126
14090
4576
1101
7449
9154
1979
4391
330
5917
6921
152
11624
6843
9129
982
4763
2471
17053
10955
16835
379
2303
921
6190
9427
8379
17502
7145
6919
1787
4279
12190
5770
7244
5823
7815
10886
86
7606
8306
9475
14355
7880
615
1846
4258
7932
14464
735
12926
16493
3271
16381
4365
15959
1044
2786
4188
4807
15020
2390
197
11844
13730
3280
5734
17621
7216
3689
2351
15686
6859
3264
4364
1854
15354
1766
15425
8934
3074
9958
7300
10267
4691
8466
14501
9392
10288
8985
5591
15115
16463
17141
3854
11050
15946
9155
9315
16025
2539
1378
2898
9206
3541
12450
5124
12
16538
17622
1877
13351
4358
15576
1744
16629
6343
12977
5514
6306
9054
12368
1314
14927
10221
16238
2298
5215
3749
4072
1908
12625
2462
17247
922
1033
5533
6282
12608
11977
16189
4596
8495
17423
8314
4516
1336
9986
1667
14248
2697
6910
16380
4779
10638
7629
460
17325
13996
13704
3795
9667
16122
15316
5053
10672
17494
11704
14831
13305
2762
12226
12669
4498
1616
16108
7731
2320
9776
14643
10178
4502
15290
4013
1282
10489
3021
10408
7132
3729
2660
2754
17181
6911
6616
2057
808
14083
8694
10215
10344
11677
670
3935
9819
12803
3654
14145
9270
2708
8405
10171
16570
11638
13747
12889
4499
8479
17535
6137
14483
11352
2685
6378
13939
9794
5211
11207
6269
3052
5258
355
6716
8320
10549
4082
2159
15965
11060
8040
10177
17030
6951
12131
3574
4433
2275
6591
3513
12272
16356
15774
13475
16642
1236
16102
5032
14431
1536
10025
781
3659
16433
967
648
10241
2449
4084
11712
11256
7278
2923
14782
17143
5736
4007
16140
16796
4112
5544
10021
11051
14884
9231
7330
14681
8171
1228
16118
16558
11482
2604
11063
5125
7238
14155
183
13764
4081
8087
8667
742
12045
4206
5625
9103
722
14300
1349
16967
3554
7130
1889
9120
9574
12515
3106
12193
4135
13565
4454
2503
15573
11083
6336
11422
551
16410
2424
14
6559
4726
6813
12490
16773
11673
3004
9065
9577
8026
7184
14228
3979
1859
6586
10481
16002
10725
2468
15381
3237
16618
10627
15578
5431
1545
2423
14561
11351
311
12204
15407
1600
1623
13848
11691
8347
7499
6204
15990
5407
6507
17442
7356
10058
6474
6308
3530
17163
4055
15566
14225
13568
15387
4321
4981
11536
15692
4706
8287
8850
14838
10591
13210
5890
15941
5520
157
12750
17632
9298
8047
9404
8765
16088
9815
14183
10998
228
15078
17695
16880
12262
7207
10975
4795
12215
7466
10045
14451
14654
17136
6360
11680
12509
17447
3239
6400
10482
13470
11636
3624
14730
9750
16887
7210
6289
6762
339
10565
12246
9126
8294
4700
1348
7484
17224
17371
15676
13037
4618
14516
17158
14153
12096
15008
8982
7522
11021
6602
11612
1906
17369
14019
15370
12874
6696
16389
13238
14755
2985
3638
7690
3332
14793
5107
8480
14811
8121
4005
942
17500
4669
1279
2227
3315
4536
8496
10895
9111
13615
16524
5050
4378
11799
438
11284
14857
10321
17346
13500
3695
5459
5296
16154
469
14233
8169
15657
6232
13901
10279
2674
13062
7634
2336
3520
7513
7524
15500
17436
5405
11508
15337
4478
10066
2039
8382
12518
3673
6740
9871
12268
16190
10933
14640
4121
16573
5199
5077
11512
6956
12957
15474
15275
1620
16417
5341
3100
14388
13483
14031
1324
7991
12234
9213
14084
8883
12192
17179
9588
5580
16442
10174
2075
1360
2108
11927
1493
42
6053
9629
15082
6660
12744
13599
10441
8433
16580
16747
11282
11193
6656
2166
6764
9069
17654
6487
2157
6671
3968
12645
5945
4969
2950
1852
16138
16165
5458
6382
10461
13610
14320
15229
16744
6927
4555
11856
16986
9348
9299
4275
15887
16703
3333
9608
14796
12535
14938
4224
2459
11541
9035
15345
14502
840
844
12520
5122
15619
17588
5817
4001
14249
11249
10697
13526
12525
2230
8914
2578
15126
11743
16668
8684
13552
4891
9260
6645
6180
6855
2910
4709
14339
5538
10242
13099
11695
14061
221
12642
14598
15326
14912
10339
1850
3915
7306
11096
409
11941
5241
12665
10
5950
3803
17227
16713
7152
2119
3202
15840
8063
3288
8955
5793
9599
10405
4925
8399
10749
17406
17507
4755
6514
13889
13203
11043
9177
12681
12743
14639
6443
11732
7476
5092
4099
15833
2409
12309
10093
14331
14240
17693
10396
12462
17427
3613
10535
4026
5848
5437
4600
10190
7997
935
13739
16889
5316
12177
7733
10303
9870
5918
14655
10606
4015
8568
15935
5772
3121
14360
13821
16979
9002
5151
5221
10613
12132
16923
960
13136
4945
10149
8572
5344
1169
4611
4681
2587
3387
6907
11913
3986
3717
4415
16737
6975
1359
5576
16320
11073
11659
7654
4846
10940
4179
6806
16844
10145
4722
3756
15
4145
1436
7772
7840
7276
8361
6545
1339
9997
3618
15718
1441
15656
12996
7429
12454
14783
12654
7867
3249
4370
2533
4421
14023
678
9258
13232
12973
17425
2003
59
11219
17670
16545
15324
13294
13240
5691
4908
3067
7020
3806
1566
7979
15599
12800
13811
2690
9073
3980
4292
10278
8885
3893
4223
17352
2768
16553
10494
13194
12835
17016
3663
5282
8856
7007
15395
2128
1288
13878
13626
7448
17457
3736
2076
10445
17288
7586
7309
6342
13166
16043
13732
17382
17694
3029
116
12062
8824
11746
2573
16071
8542
3408
17755
6891
1170
4381
5725
5340
6434
1256
7388
6466
13438
14641
7360
12025
16533
2006
15297
5294
810
3599
17031
5783
6959
10449
7361
4104
5521
16134
7111
4076
7971
9725
11786
2198
7240
4906
14048
4841
10007
7270
17708
4849
11595
7949
10915
10113
17323
3592
11828
3793
3077
11403
4500
16310
8381
16369
6458
8786
1869
5990
13544
11951
4931
1389
2192
8185
17046
1437
2023
5492
16847
6489
729
14881
16060
17167
1956
14491
1312
12570
372
8669
11984
15882
13942
9907
11615
3026
12781
2694
12249
3643
9063
17091
10596
4324
10269
10078
14596
6663
16044
6567
1755
13562
3907
5422
3290
2941
3357
10782
17641
362
5730
7989
10401
16051
746
2489
8160
4457
256
7962
7671
3769
9274
1644
213
10771
15567
4964
3148
14413
15286
999
15746
9657
11245
15942
6563
11359
11760
340
178
7864
9271
4934
7627
9988
1212
17757
17140
17674
11095
11025
10310
12279
462
6597
11040
11729
15363
11242
17349
15623
7809
3299
14587
10764
14672
6447
14416
16462
13437
17050
14352
601
14575
15399
4876
9708
10729
8497
1136
10943
13003
7196
12278
15492
13505
13456
15021
6792
14812
9630
8987
13069
16260
16315
13754
13676
8523
15205
2267
10860
6200
11958
5026
11421
4242
482
1456
9089
13333
12822
17656
8398
13935
3647
16469
12208
10984
1690
4746
9656
12558
12615
11222
11084
1230
6057
4107
4647
15156
4626
13779
3872
16362
2247
12221
17480
5816
8809
17521
127
13965
14671
3339
10633
2150
6427
1197
9896
17684
14424
8290
14503
12085
2600
12275
2864
13091
5352
3556
69
9925
12962
5717
15521
9374
7643
12819
7714
9308
9566
15457
4578
3459
8925
2110
1338
5058
10896
11129
14860
1672
9281
1792
12632
582
16029
12011
16226
16584
13628
5432
10010
1530
1363
12820
10684
4586
11625
5534
17060
6081
6246
13795
12641
1719
12112
3444
17329
15294
17373
12156
7311
6949
8617
10459
9632
7583
15403
2561
9860
14169
10766
3476
3330
10281
3032
7603
7313
10080
6506
7972
2088
16432
16081
5435
16542
1847
8593
10789
97
2904
7444
5401
16696
2853
1695
3233
9728
16390
4501
10444
8738
5128
6867
10892
9118
593
12586
15189
5213
2256
10327
11215
7432
12108
15766
16391
14227
17294
6133
13763
17250
12882
1941
4211
9458
15694
7706
3185
324
16449
1594
7045
2231
767
13897
4111
16247
2017
2343
17012
11981
4504
2560
7890
11270
7357
12351
731
992
10584
595
2881
6467
12235
1926
13533
3767
17615
3548
5824
295
8277
1306
17251
4584
14868
2678
10907
13937
2933
8104
580
15450
1364
14923
14825
664
8000
15846
7286
14238
13272
12284
6955
4933
1657
2234
10578
10299
6054
7799
3510
15161
9336
14359
1706
7083
9915
14073
13577
5529
2403
2984
16499
11234
16036
6650
345
10169
16195
10598
13771
17679
7030
14208
10970
9619
11610
15565
12640
6732
5597
11535
16082
4085
10068
5205
2779
3071
13866
8416
10801
7118
12342
1937
6064
15144
4352
14419
8095
9719
10227
9716
3257
16921
5436
3869
14984
15740
3089
6522
9291
9055
9710
6229
11850
13346
565
4339
13164
4115
137
12898
2590
5519
2581
14955
9257
4148
6519
12501
16174
2415
8200
4045
12657
3543
12823
7576
13360
4371
2595
14623
1943
13114
17081
2651
14500
3573
5368
15151
17094
7677
1245
9440
5444
4012
6820
2420
2380
11020
11142
9532
7285
6658
239
4036
5803
17010
3863
15968
14404
8463
2302
7008
7827
5592
9678
12563
9654
15558
6788
11302
15385
1422
15858
3596
2812
16919
14322
9293
13976
2417
3694
14839
13116
14845
3320
9431
10993
12326
10048
2555
12691
12055
2781
16906
6274
11589
7835
3604
9302
15028
5460
3458
4698
17345
13205
3950
13295
3984
3902
15489
1052
9180
1725
8
8318
9009
13701
1643
6998
6790
4419
4158
12877
16403
3706
15237
7427
5085
10927
1175
7647
5631
11907
12989
8016
3381
5167
7798
556
971
15755
1351
17493
14167
17410
6295
4354
2700
1680
6202
1802
6754
2142
16608
4940
17131
8149
17164
8648
11102
11665
7018
11613
14513
14200
5141
13167
4420
12451
5769
1639
11427
15099
643
17201
16700
9074
9173
9821
1969
12413
11740
3186
10574
6647
5289
7328
13578
520
9780
17195
14560
7828
16486
4936
8703
1581
6399
7891
5489
9397
14349
13750
10492
1796
6781
2301
3672
9999
587
8897
535
10013
5894
8587
1074
6390
286
12379
8986
9730
5840
3277
13700
15218
2368
675
7599
2340
14574
11549
4758
5421
8489
6744
2365
14391
1350
9285
9174
11160
4853
1681
5279
11125
6395
16466
1782
10063
450
3464
11119
1482
14925
3263
7793
12387
6442
12745
7252
179
16969
66
16649
12138
3938
15834
6665
8359
619
6278
13463
12419
16027
1428
13491
5310
5264
688
7456
14688
2283
11227
8435
12348
3324
2428
12870
14423
17025
2352
8256
16643
5399
7544
5935
4664
16933
13520
8964
15052
3259
15951
1008
16594
142
9596
1913
9094
3595
15672
16257
5351
15572
10034
9857
16311
16194
17176
6152
13946
8723
17039
491
428
4245
3383
2322
14540
6541
481
5329
10163
642
8709
2406
6896
12459
7183
15927
13047
16050
7302
3254
9008
2759
4101
1910
5314
17106
13887
14798
2968
7776
6249
17529
563
17092
12806
6299
3704
1622
1515
10309
1043
2288
3337
4583
5017
7421
2392
12316
11331
15984
16544
12378
13482
14894
7611
9893
16373
7417
12399
16498
7734
16214
11982
452
2673
16173
9515
2041
10179
6670
15433
762
12718
6005
3675
11327
1346
7249
11797
1789
4234
4948
3512
16779
4453
3515
1345
11939
6296
5324
9665
5334
2889
15601
1392
10389
15379
4340
15749
13753
12967
2614
8113
15461
17426
8745
7296
17300
13695
6962
9200
1106
8831
11748
9137
17499
8103
9512
10804
13256
17229
13759
15349
1144
5826
4892
15660
4143
4141
2448
8998
15360
4802
12438
367
10914
11742
15618
2993
2077
4724
10772
14256
9768
4159
11399
2219
1334
12124
15447
11426
17470
17597
11519
13138
2591
6261
4183
10500
136
14626
14645
17151
17550
1988
6426
10739
10433
14489
7246
2450
1463
11330
1182
6254
11353
549
15971
17421
10966
4080
11120
16372
932
14649
4712
7822
7490
7053
8278
14889
1056
4114
6070
8918
16705
16879
17628
4473
9818
14470
14074
15080
13371
10112
8969
16394
7453
6189
6547
15491
896
16971
16474
2505
3007
14428
6536
13458
17146
16595
16898
3814
4707
12950
3497
1403
16748
3336
4893
5744
8729
2610
15762
9844
16219
16932
15241
2867
16653
15702
12688
12528
7512
12036
16267
2369
7277
17303
16186
9970
3214
4774
7861
1918
12407
9141
6437
15444
3059
12767
5739
10268
300
468
10333
578
866
3415
6786
10602
9967
12638
14259
1952
14916
5952
3879
2932
12543
3232
10368
4796
7422
11058
11080
16318
13573
13429
2763
874
5797
12623
2021
118
9926
1747
2251
7011
12927
5933
12798
292
16234
5968
557
10369
1595
7195
3427
11779
3665
14775
7723
15926
6324
3047
3147
9839
16116
3949
10152
8500
16799
14731
5619
17522
13255
7620
8024
9422
10877
4998
12510
2028
6929
9589
5247
9681
11752
11812
15513
8404
5374
2828
14877
8886
9012
453
4002
3685
6884
10302
17278
14913
1218
12020
14056
13517
10416
489
15678
16527
5688
8454
12465
5646
10003
17411
1173
10674
4538
1243
6265
12597
725
4274
6719
9287
16261
10254
11467
219
8459
15377
6177
14924
12183
2243
6089
14536
12220
8544
14806
8279
9497
9522
7914
5827
4130
13445
5991
9693
5140
6722
1770
14787
5568
17275
16882
5463
8265
13541
15821
1977
14683
13321
1341
1124
4941
14606
3024
12577
16224
1831
13990
16504
14198
11616
6707
9862
1015
13398
4874
13334
9442
3576
11492
5414
317
7202
4075
15713
12578
11996
10305
11313
12980
14260
7882
6520
852
10088
17197
3784
15490
17226
9615
12630
1675
8330
14963
351
14579
8370
12179
9737
17077
13806
269
375
4307
12904
9966
6724
3269
11800
6952
2435
3531
2143
10300
5573
14272
5452
15072
6100
13308
12482
13080
15214
16762
9869
1607
9929
10206
3238
9889
5103
13131
7158
8033
3536
8189
9734
11550
11790
3118
13134
15612
10070
8576
16650
14181
2244
3485
7582
5708
1786
13741
13815
1418
8470
7067
9195
16682
13271
1375
16698
3891
12794
8649
15204
11719
15124
3649
17297
3443
14189
721
17319
1366
8183
8375
10096
12947
7079
12797
9386
16492
11932
14025
4328
12205
17444
2145
13044
10340
3871
10154
12380
2596
1785
13224
3108
4180
14020
3285
1824
15244
10668
1329
1641
4422
12467
13108
12100
13916
2707
10807
3896
7247
959
11490
1127
1930
80
14356
6575
6065
12078
33
3243
7182
16917
12672
4316
16989
7724
4988
10382
16589
12494
9061
2484
10020
12384
6059
9408
7940
6611
10767
15279
14903
10213
15064
16037
12908
14204
9157
13559
4877
5138
5974
3768
16539
2113
10893
752
576
12070
3991
5347
16468
3921
6482
16183
8663
7801
13769
9461
10155
2129
7751
6362
429
14002
14694
7720
8134
2391
15812
3619
13702
15757
7969
2730
1022
15494
3620
15857
4039
10086
4920
16251
14132
15870
346
4265
15930
2801
5120
546
7986
15511
7527
9075
1268
5955
5209
9105
4959
4163
14580
1895
10875
16139
2820
6857
12034
11653
15635
6812
8417
16897
4330
16141
5899
15460
14372
5089
7380
4290
16886
9965
14377
12376
11360
11395
3220
11465
6596
7248
7830
4288
923
6389
16125
149
14820
2329
3420
1374
8514
9123
4388
13602
16954
6838
12457
17159
8128
4938
6264
1638
11903
3612
12633
15077
9556
17401
8947
17734
1417
8148
13586
14035
10575
5983
16406
15416
6876
17120
11755
10989
13844
7386
11046
11443
7651
9727
10474
7017
6728
449
11931
2178
15586
15471
5023
16809
6909
12900
5254
17354
16543
8166
2140
2554
5944
15129
13142
1283
2429
14875
1416
14915
11183
2598
16426
6297
121
11356
1871
12299
5441
9143
6735
13361
2438
14011
9441
2408
4627
6853
3051
3049
744
1102
4923
11831
17564
15909
404
12656
7141
5907
2745
7366
3322
7775
9176
15166
12424
9789
12473
12847
16460
7400
9185
17520
15418
2805
5735
10854
2753
13176
9923
4824
14805
12595
11394
14253
4551
5837
17413
3625
6380
2679
7569
8835
865
6304
7572
5057
4929
68
7906
4989
12195
4690
14661
13752
3710
793
4374
15042
8813
1179
43
10419
7936
3718
14543
1559
7826
8930
11251
2845
8826
15402
12323
15047
2154
9398
3194
6713
4912
3868
12118
1024
1190
15252
8099
7381
11524
3226
15775
8216
7899
951
8759
16787
11641
14212
727
11153
5088
120
14614
12862
613
7692
1085
5727
10388
6228
828
9746
17608
15666
12893
11628
17208
6877
14693
6414
104
2394
1240
5896
16207
16495
4343
12147
14851
9643
15019
14970
1393
16300
9189
13869
11296
13645
16627
17204
1149
9941
11322
3824
704
17539
11333
636
4750
7592
2258
13873
3715
2105
3492
14490
16546
13439
15543
6216
11369
5614
12170
15079
2978
13073
5893
14067
7137
13402
2715
8700
15259
17079
1211
8457
305
14847
13356
6479
10642
9100
1611
4660
2658
6869
3551
17752
9715
13181
3734
17549
16764
16931
8010
8438
13938
14765
9217
5472
321
6050
17313
166
10275
14327
1485
12000
6086
2437
15997
4684
4898
13719
14343
4376
12209
4966
16144
16382
159
1278
4240
4496
9043
17473
16231
4674
2199
1295
12117
11459
6234
3571
12813
16137
15427
17732
4987
9142
5196
16336
15598
3817
210
3658
7262
3109
8337
8645
8223
7281
12694
1580
7395
10160
554
10325
7046
11439
16549
11971
5137
5674
7719
6415
8618
5406
11475
4272
5562
11816
5913
7749
9087
2004
10959
12385
17544
15329
15264
13528
12670
902
1114
2819
3301
6056
14678
4462
2414
5097
7269
13202
7737
7531
10187
12545
2124
2214
10341
9720
7666
9265
3703
12766
17476
1269
11210
3356
3503
9411
11196
15793
2432
14290
1674
14911
3140
1619
9822
15765
1130
1841
2425
14065
8873
9487
1572
6330
6816
7556
16203
10865
800
7931
5947
10663
11754
9117
6416
8865
11915
8737
16807
16966
660
15898
1731
16117
45
17199
1257
17071
7604
17515
7514
4944
11600
16659
16715
1284
5865
16376
6162
14928
10540
1543
12907
325
11347
7243
5585
3144
16783
4688
9880
833
11843
12938
9492
10015
3841
16349
7523
16126
4113
14278
14952
9254
10671
11159
10236
3204
3739
9525
9227
15949
5059
9962
8906
16625
530
5178
15227
16354
16046
15820
12283
10946
9261
14421
71
14158
16660
10067
11238
17566
8730
7420
4227
3936
4535
12142
2463
2709
4656
12307
7160
7842
1450
282
8472
10603
6273
15924
2755
8553
9814
2928
14578
10320
3873
1808
7883
370
12212
3735
17672
4793
13481
12415
3676
12540
5549
7623
2427
7323
13477
7730
9936
1565
13369
8308
7915
5738
7679
15574
5914
14150
17491
13339
14185
17007
7765
5415
3034
6184
869
9447
6693
14028
10889
6674
7893
14246
718
4799
1496
3266
1118
5878
13041
4191
11278
15010
11009
5372
1888
14205
7726
5527
5815
17380
12123
4773
17431
6796
15530
4708
5931
4201
2479
11137
8812
17395
5937
8032
3845
12088
7994
5503
5669
4387
5134
12771
14400
16621
12394
652
9851
9249
2050
7460
5220
16941
15524
13691
6501
14007
12484
6766
16964
4299
5162
16250
13758
9940
14582
9162
9454
3030
8349
14936
2818
4974
440
12273
4185
1939
5186
14506
10077
3593
5275
11035
3125
7698
1119
14479
10905
8600
1811
1637
16733
7855
12292
5605
12985
17357
784
16512
6895
13230
4844
10395
3714
15652
9682
2535
12469
16996
9649
6169
10348
14156
816
2813
10485
15665
11135
13297
13728
8774
13933
717
11643
10315
9801
14632
5886
9106
2027
2313
2433
9902
5105
10956
9890
10538
7089
16738
3441
14114
9401
3419
10773
459
12357
16757
9171
10748
2116
6292
17551
1561
1737
12430
5912
11375
3392
880
4357
4780
9183
1386
1945
7976
16976
1609
13637
11381
12529
16732
335
6087
11339
12759
12477
16164
9673
12162
17763
5001
15263
10223
8780
1958
7926
13506
3256
11700
10706
14033
14148
9796
5911
2977
8887
6048
11885
8036
4373
9663
6798
2629
12920
8188
10454
15550
16072
3134
3404
9240
8264
15760
12735
13966
17
7441
5632
16565
11384
5786
14409
12486
296
10508
15092
14934
13981
3478
14766
8145
9327
12850
4517
12916
7136
792
8968
7479
5143
4739
1209
3765
13319
15477
13090
6298
2724
2804
17068
7605
6252
9895
6486
11487
4928
14213
17616
11415
5695
4018
6344
17404
13197
4428
2266
1054
9098
13048
12507
15541
2676
12729
6641
10654
17353
1542
15533
13337
4657
7824
1830
10689
1714
12990
9359
10971
14411
1539
9051
7004
15747
9410
503
7062
12073
15422
11204
4638
352
9620
15779
6120
1567
11991
5853
13474
7533
15073
13244
2318
3524
3972
9329
11678
14510
9455
17112
12476
10733
1920
3377
11835
638
17336
11378
13039
12659
12304
5488
8980
6924
4789
10420
4976
13686
7601
10567
14017
17258
16962
13656
10137
7713
5774
3904
8665
10926
14499
5259
2617
17688
15051
1732
7694
2625
2248
6723
4695
10359
16593
2675
16988
16143
5728
14707
15878
1554
7876
8035
7924
11517
11629
631
16400
14215
12899
8412
11522
1874
14882
15658
1247
17272
9375
9980
16961
16934
5812
16424
892
7564
17058
6635
2947
16077
3174
3747
10283
10138
9152
5537
3473
1961
5453
15009
1829
3136
15466
17664
11393
9470
2215
8342
14853
14473
2589
4822
12202
17145
5313
10036
16697
12227
9590
7442
3667
2720
5303
8049
3538
10845
11469
17467
5497
15650
7198
4270
5078
1347
4436
15877
14273
3828
5609
14493
12128
7959
7191
4217
598
12868
9161
1817
589
8261
15098
12734
7746
15720
3901
14188
1158
3183
7678
8660
6654
17587
17129
5729
16752
596
14914
2826
2308
5163
14111
4046
8697
11078
6011
13026
10857
5182
5857
1459
17254
8410
10331
8801
10439
14003
12971
199
17285
584
14605
15272
13847
5320
13221
5789
13959
15839
10480
15030
7037
6846
10257
1650
7471
8427
12924
10546
5311
1045
17504
4554
2162
2089
1818
3834
13118
10421
5123
7052
15320
788
15208
15238
10742
7820
1547
15905
8923
5873
6875
17347
8106
3261
7693
1474
2721
10012
16634
9535
12799
12287
11630
10391
6165
2974
14402
5388
2397
17363
15624
7626
7950
13510
7274
13607
1984
1975
15140
10555
13250
8734
13158
10583
3283
17377
13979
3772
50
981
10222
6879
13640
11198
12909
14526
5430
3033
4748
1912
13133
78
11640
7396
10486
2996
13926
14342
13891
3639
2556
4268
3799
1812
2042
12905
3025
6549
7368
2002
12325
193
3306
683
13845
12341
3664
16604
17075
15348
6027
7788
14262
11118
5639
6006
16028
5322
10224
5641
10820
873
10141
3449
2927
4512
697
4140
8303
2800
17147
2180
4333
5469
5618
8861
6323
11028
6213
3527
10590
5119
12995
5411
13494
4922
13778
3155
7673
10658
314
927
6825
12911
1951
10240
1042
764
16922
9782
3862
517
13412
888
12869
6300
17292
3493
3481
6040
2319
4837
14637
779
2879
10506
13913
3450
10821
17314
207
6001
13201
8456
3569
12690
10704
6440
5599
9080
14804
1519
1919
8920
12079
5457
6030
11493
6821
14326
11569
8993
4921
14983
7787
430
5040
13177
14338
14525
16255
8872
12876
1656
8776
5449
16249
3342
16461
12709
4689
3112
6964
7783
15979
15011
15002
898
8855
9235
17009
16301
12717
8025
13299
1006
12551
4235
12218
13967
5152
12663
16704
7085
15534
14541
3308
11980
4658
12726
14505
17289
9930
2890
6459
3193
8857
6866
12217
5606
15109
2480
9119
9135
10987
11432
539
1931
9204
13823
558
11271
15371
13074
72
763
15004
2279
14824
4355
3614
12637
6847
11893
12880
16723
10475
4011
14210
9832
3384
1763
16555
8175
8608
3236
16031
2064
5745
7494
4399
13407
8919
796
9149
12216
10256
14990
16196
698
15992
13397
7684
11857
15988
480
464
17699
17311
2040
7076
724
7391
7717
6000
924
10353
9954
2870
11822
7450
16509
11179
84
13522
2644
3353
17471
14139
2586
13597
2015
8606
4367
11243
14569
9996
13792
7548
13591
7370
12565
14108
17096
5100
15940
17299
13817
14757
1724
10476
16677
13095
14528
12517
347
8712
16974
3582
10398
9037
13647
261
15446
4021
11450
12207
7491
16364
13830
16069
7272
11805
16065
13019
6523
15829
7344
17681
1167
4395
8935
4996
2323
7755
2915
5323
2426
9019
10397
5009
11753
10569
13718
10156
10122
1615
984
6091
10843
12067
13786
7325
17225
2616
7401
11593
5028
8716
8793
14335
13724
15258
3302
4761
4624
16592
3585
12811
17218
15201
14827
11180
14535
10759
7060
1204
12963
9010
3129
9382
9594
5230
14950
8940
14978
13504
5180
12161
15695
12901
2569
1072
10830
7346
10409
7577
13606
3866
9457
1892
3258
9764
9467
2729
6078
14887
16510
5227
8570
8922
14495
7704
5732
4589
10373
3722
16724
13940
10496
12499
10871
15688
5977
16135
6886
5966
234
9133
12814
5015
7439
12144
8498
3101
7314
13404
4390
6291
12970
16808
906
5461
8589
3157
11323
17478
16616
17666
15388
13
766
1219
3448
10011
3321
10885
8849
7908
15953
1154
16567
9775
266
2431
17633
3847
9229
16564
5637
10245
10005
6281
8621
13488
14550
336
11657
5404
10446
11621
8884
11048
6383
312
7574
7426
8312
5784
4654
9557
16057
17125
5266
12969
4879
12846
7874
15400
2655
11298
7884
15577
15603
17727
14748
8651
17043
702
2652
13329
16312
12048
17054
17113
17729
8948
4456
229
16435
14447
3607
9115
5013
5245
17270
1901
10000
10923
106
8408
12677
7500
2997
10365
13278
6257
2271
9005
550
6478
4887
473
61
4680
5561
14563
12310
16795
12622
12346
12653
12715
9294
9355
16667
350
17006
17459
3726
4652
2037
10530
2381
3110
8396
10354
2530
9263
802
7000
16868
14265
14430
7259
8874
2287
2377
4389
8054
1946
7200
16503
10284
10509
11803
15285
8182
7967
819
3309
15699
6134
12613
3369
14129
12206
1368
4917
14345
2914
6432
8858
11848
1073
15811
13100
12524
1479
16329
6603
6394
47
3560
714
17236
2153
9438
11634
14758
11782
17334
1668
12063
12521
8571
5781
5687
1790
303
17392
14353
4766
9481
14904
2447
10376
2522
10727
17598
5919
5656
417
11815
3821
11446
6739
6902
15378
12397
16308
13962
3142
1239
11466
7538
7477
15655
11537
5346
9688
11486
14243
13208
14012
7347
6448
490
7702
5737
13350
11531
11592
707
4310
5104
6388
750
7341
4926
16378
17172
2507
990
8434
10780
7106
3343
13804
4426
368
11917
9537
10721
4468
8822
2872
16765
1942
2440
13852
9472
9969
2190
7810
6543
10270
9674
7696
3176
511
1807
8983
14119
11258
8704
5327
3078
8258
7941
10385
13182
1740
10357
7554
2550
14741
4061
11191
11311
14368
9760
13516
2168
1663
5856
17589
15943
9305
14684
11076
10505
930
13241
5412
6644
10808
14415
11478
14052
540
4790
7703
15499
14450
13560
10736
6071
4756
12821
5146
9680
16385
15936
14186
5465
1002
17126
16182
7180
4243
8380
3461
2404
14318
1201
566
14063
12412
14792
3178
2151
11022
16701
4559
11644
7212
4703
9346
16598
7881
13988
4770
13015
15729
5721
8048
15631
9021
3522
36
3544
17386
8705
14099
13782
16822
12296
6217
6809
13288
4190
8908
14071
13368
15600
12134
12077
5892
11547
15187
16731
6984
17629
1131
14009
1664
155
15153
10968
5929
1499
12335
6256
8687
4417
16520
13930
4574
14609
13886
14441
17283
14062
12297
6767
4809
17720
5409
3519
8072
14446
599
17168
14098
6376
10641
14207
10055
6094
1948
2217
2188
7813
10699
1813
2908
9439
1921
16328
1708
5056
10677
10346
13554
15800
2623
12747
16092
9026
13148
11578
2704
8772
16769
12474
682
5382
3475
2832
15001
12954
8346
3860
16429
10216
14113
2758
11281
5155
17738
8468
8304
4565
7853
13349
3472
2393
17366
5655
17066
16950
16663
14383
13720
11649
11082
4843
6481
493
4097
15031
14696
11059
205
6947
433
5019
15698
8076
9724
11858
4298
7228
14733
13379
2537
8446
11871
9289
1060
4446
9520
3013
15594
3445
13581
12481
5870
16112
16505
17733
8190
13715
12084
1388
7528
777
11306
13785
5833
14292
14040
12102
2327
3925
17198
4154
9950
14214
1410
2312
11561
11156
14813
9761
15644
3327
11055
11534
12136
3111
6502
4895
8785
5814
11515
11618
12583
15591
2645
10194
1648
12861
5733
12616
14299
5961
5710
6258
16656
14659
7261
2475
3884
7984
17570
13620
5680
16641
17417
4251
2502
2711
4050
3164
10016
5113
13139
8271
8612
12182
2469
6580
16241
15495
13868
15677
4819
13839
10902
17718
11103
12099
605
1216
5658
5956
13733
8439
1213
14546
15588
13171
6698
8502
7305
11106
3680
451
8015
7170
4678
2901
2375
1586
14426
13890
7291
10234
6021
17536
3092
17452
3840
8387
3206
2187
1963
13408
4336
1944
10996
3260
15673
6615
3940
1189
7154
13956
15579
917
15100
5354
7315
10161
1757
14747
9307
13431
17671
4566
14715
1546
1206
8356
6241
16085
3496
7921
15664
4568
8180
11440
5235
12594
16837
4162
15629
15772
7667
7204
6807
1301
7985
6770
4368
12552
13260
15995
1100
1823
16554
5111
11663
2011
5916
8451
17487
13149
10185
2723
12364
12710
1311
7596
9371
4607
2182
10594
3562
5075
2795
11213
15509
12252
5262
4225
1265
383
2576
1758
5791
17157
3567
14141
63
15532
8244
16910
6659
10796
67
12222
364
13057
3874
349
316
11111
108
4736
5690
14967
15869
13287
15651
9842
5584
11918
4232
1780
1377
528
6669
15993
6780
15701
8900
9841
3036
10709
9704
263
10318
5284
1981
17124
5225
709
11266
10884
13432
14159
2794
17205
16626
6672
4402
17320
13805
6637
3393
2924
10842
10098
6940
3379
16278
6496
12572
7384
5226
10635
4845
13251
912
878
4765
16034
8740
5116
15667
7220
4594
8711
11552
5805
10264
10891
8212
14564
13819
5531
544
10710
14319
16133
12812
8604
15193
14948
6244
10769
4677
17460
2664
11481
3317
10841
14947
83
9767
2699
3409
14867
12241
4890
457
1548
11546
12574
5863
5305
1702
16936
10659
15150
10634
14556
3711
6181
9101
13538
14709
12762
6872
8483
14280
13825
16368
8988
11093
5117
8677
3104
8749
6906
14646
16531
8602
2834
12286
14137
9529
3432
2255
11000
7716
17706
4172
8358
3650
1627
1502
2087
16838
8422
876
3329
14650
13904
8657
14736
16030
16651
6346
4495
13027
4070
14341
6510
5393
3113
4447
3151
6080
14135
4541
9552
11674
14381
13608
7946
14295
8837
11368
12883
2998
3741
3708
14599
5170
4781
5883
16637
8270
1178
2481
3222
9381
8090
9527
5109
12721
12936
2458
1431
15220
4563
7310
64
3861
11401
10349
5780
10452
3143
2873
4514
13226
15580
7437
5007
16127
14892
16168
6782
7189
7580
7369
8311
16694
12910
15233
7520
11544
3080
5002
16045
10159
16928
16109
15131
4397
3139
2621
11586
9817
7227
16521
8599
8662
11366
15357
14264
3197
2407
10130
5389
13857
17724
14918
15342
5905
5819
15613
16266
6676
8997
391
17244
14082
6882
6758
3374
6646
661
1251
3945
13428
189
1238
15903
6939
10262
2359
17362
16258
11107
16227
6729
8131
1427
6212
1506
955
2693
3041
10274
7658
141
14223
8845
12730
11309
13072
3252
8978
15397
16572
1500
12069
15528
17591
10473
11318
2466
11158
17713
13601
12095
7413
9541
11505
15934
8960
16992
14734
616
9220
15412
1445
7779
3794
6222
13725
1886
13556
9138
14287
7728
11876
4064
12155
10502
7168
10669
9053
17492
2736
410
14900
9159
4164
12776
8366
10700
12503
14254
6551
4602
7389
11855
5528
4022
703
17730
14066
1379
5874
2620
7837
9072
3137
16528
1613
15305
2246
8023
2734
16652
9134
12105
1814
5570
3948
6572
16221
497
10107
11872
17008
6730
6118
358
13416
4614
12167
3008
13085
1263
1430
13681
11056
15630
5277
936
7474
5623
10878
9350
9766
14832
2316
5672
15043
4862
17412
7660
16582
3877
2659
2635
5820
4791
5256
5345
3068
6201
11072
1214
13604
8060
5640
16355
9280
17640
6613
5397
2698
15000
1922
13616
2147
14301
7978
14907
12506
12064
8376
10120
10738
1327
10079
9975
17517
11801
7186
4880
7550
9188
6977
1626
214
12550
3401
10231
6146
17489
13638
12184
2778
3539
12181
4079
9332
1669
9948
17538
7956
8321
9114
659
13576
10592
17700
12585
4416
7164
7121
4120
16472
1084
13530
10552
8892
4014
6794
6980
1244
10625
6090
1486
11150
16296
1809
16438
11717
989
8413
5087
2473
12458
3180
8444
11928
4095
11584
11566
14743
759
17433
7077
14800
12614
1185
1440
1104
893
10263
10661
11071
7044
13524
2098
2592
5713
1483
13951
5558
797
8907
6114
12557
12983
10938
17663
16635
6856
9036
6804
6069
5398
4023
3819
11456
1065
10675
10863
3829
12120
11003
783
8926
9150
10589
15055
12425
16152
9888
62
536
2367
5365
14390
8670
5767
9278
3228
17631
6899
6553
5610
4306
4847
8819
14562
733
8717
16343
5778
1501
5940
1703
16518
13587
2965
9570
1258
17627
964
983
958
13807
6995
10917
14566
2807
7355
6901
16177
2338
1949
6636
12441
13461
14797
11864
3532
1972
14760
12802
14364
14117
8136
6480
17702
12294
12536
2846
10775
11622
13306
9389
14373
6789
4579
11654
11648
694
17302
8336
10360
12986
10144
3587
14440
11045
332
8078
12375
14910
8691
16148
16711
1777
4331
8594
541
7385
10337
14276
16707
1294
16289
14570
8083
9838
3702
5185
5943
9445
10313
12303
3043
13993
7376
14093
4885
5418
1027
48
7
2295
4747
4408
15249
3370
14727
4848
14922
12523
4543
15561
9785
2310
6174
2208
2470
1292
11773
17469
4078
3331
11010
7546
3189
13200
15090
10498
15819
7896
9584
15956
9251
203
9412
10629
7909
12720
3192
13303
24
10631
13323
3253
17322
7725
11321
15874
15824
673
10345
14602
44
5502
11859
484
3138
2637
9591
5208
14888
3094
16210
5339
3577
4830
4461
15761
2639
12281
17241
14719
13093
16309
15085
14060
4009
13820
9580
5114
7394
7472
15479
7230
7289
11716
8545
1955
10991
10536
6117
8637
14310
274
7295
15641
17130
5761
12844
6500
13104
10805
17414
6988
10906
6828
8331
7258
1172
773
13717
2345
9510
5500
8475
10351
8913
4993
14005
13646
15283
6119
2439
10075
4637
7923
15880
3662
16129
607
11530
12165
2686
13756
2848
13292
1692
5484
16676
976
641
11054
14929
7094
10732
10510
8493
4738
8235
3105
17148
12267
9642
4048
8206
11553
14308
3335
16488
8069
8199
16870
16535
7022
14507
9241
13406
15805
13905
16850
11283
14679
3754
12639
2117
5963
16107
5376
13667
12537
7049
14898
10623
7503
4699
16451
7532
10355
7324
9689
8138
15646
14864
15200
16021
1161
8939
17669
11568
1634
16568
15891
5677
14935
7383
9938
13486
7153
15822
11975
2619
3412
3981
11052
4488
12090
2444
2339
7990
13584
11235
1938
3452
9627
1093
5419
8962
885
1453
713
11642
10022
9275
7521
2772
17059
681
4771
10312
15560
11412
14284
4593
12498
16440
146
14244
15255
9702
1925
11669
920
15515
15426
7371
13174
1001
4886
5932
9853
12196
12253
5285
2742
11023
16794
14461
396
2982
7872
7033
17407
10802
15950
12673
8088
11398
119
4320
13457
13543
9709
17367
6082
13633
5065
1598
3959
2946
11933
15119
16927
333
14386
2399
11870
7092
15328
8315
14016
6632
6981
12052
14522
9250
4226
7934
2270
1861
15074
11558
4127
6743
14329
124
15215
3561
7443
3865
15456
12455
13987
14230
1160
2445
16896
2738
4273
13954
7438
10297
12697
13469
1666
6359
17327
9502
11898
8847
11176
499
13414
16100
8630
5511
10157
15075
8781
4858
13156
11890
7225
1815
17508
16222
10472
4449
15758
2018
16295
3199
322
3270
15769
126
9937
10195
13392
5602
4212
9995
856
13799
10810
3523
5434
1367
15347
6639
9644
12674
2559
6583
14351
6419
1587
17638
17186
5879
5512
5693
12130
17585
10507
16297
8391
14104
4875
2608
6485
2131
9848
10787
9695
173
9145
7628
4813
6316
2363
8392
12194
12522
15759
10478
4582
7981
8231
12875
354
13040
359
2577
10543
1484
5556
14024
5748
9343
53
10879
6851
9476
13155
6970
16685
8654
7440
15938
7093
7762
6793
11551
7988
15796
1570
16402
12329
15770
2570
9531
1739
5495
15033
14855
10572
40
10900
7662
7833
16316
8682
5413
8814
5867
2052
10136
9252
6075
12001
2579
5359
12764
10467
8698
419
6709
13160
2766
604
1765
9312
1180
13424
13444
11626
7124
12994
15458
6290
6436
15756
7280
10571
10493
13381
6634
3292
4961
9186
3982
9603
9300
9802
15024
8575
15771
15045
11923
10148
10783
11383
5261
8989
446
8779
962
12352
13561
7174
2695
651
13877
3559
12119
1860
2615
628
29
4031
973
12548
5473
8055
5828
11224
8504
10585
7682
4870
13874
302
14143
6422
6472
13572
13648
17676
15955
17599
8931
16915
4150
14680
8202
9211
11922
16455
10812
5564
16383
9542
2148
14389
2769
11728
7335
5796
10588
14396
12722
7363
7055
11837
7217
14790
5274
6662
14121
11587
12765
16198
15183
16938
13731
12686
586
6531
5076
12101
7952
16557
15648
3391
11884
8071
13347
3501
3724
5402
9109
16476
9516
8309
6581
9639
4309
7551
7838
16540
17102
17330
13231
360
12958
5510
8248
11819
6193
10691
6915
1017
4314
9722
17169
231
16793
13178
5072
13742
1394
16859
10741
9095
4644
1088
14862
13789
15928
7509
12945
8213
6954
2164
4979
15908
11527
15165
1670
3162
17231
2773
7781
15714
420
15632
1487
15155
8760
2237
1352
2649
14100
474
6430
10518
16371
10754
102
4472
13727
8322
1998
9236
13629
7530
8941
6712
15069
12359
10248
16583
16187
10737
16350
13389
3844
10874
8285
1354
2969
5881
16902
15343
14610
6239
11853
13010
3216
17355
9255
6182
2389
15861
8547
10276
5630
16965
11442
5644
8641
12894
265
13531
17424
16087
13237
13687
2203
9473
1066
10232
3439
9605
13826
7581
10102
374
8810
11866
6220
5272
14622
5852
2500
16062
4221
16240
5684
9920
4008
2572
15364
17759
4325
2547
9205
1689
12884
1
5831
11556
8158
3974
2123
1953
1252
5268
7736
3656
15406
2558
7707
3641
4056
15121
12013
10924
17569
16981
6377
5724
5692
8100
4058
988
4806
5499
10162
854
8620
7268
13989
2630
5506
11766
6253
9360
2702
2132
863
2197
6544
9507
6337
15480
4641
4720
11787
13021
6305
4329
10876
3435
9563
14257
6503
10757
7025
5064
1319
2054
1164
407
17246
9676
14293
15257
10425
17252
12631
3282
2866
5948
11506
6370
16955
5762
13515
11775
2306
3245
3451
1460
10294
6697
5920
16193
5598
8341
5709
5086
17416
17035
883
11817
15996
15884
8280
9468
4175
13175
12436
6041
3564
3131
5862
9949
11244
10597
1063
2442
14691
6532
5652
15276
6934
8754
13480
3368
772
11608
15804
16178
3152
2719
4450
14209
12593
7175
17057
7464
15044
16128
3786
4599
13005
9290
4233
6039
16946
3848
7100
2510
2966
10856
14232
1989
991
8401
329
5664
10176
3298
235
17391
1133
5410
15176
3589
13235
8942
907
1774
6242
3608
8585
1751
4122
13708
12619
16276
4142
15190
7358
1260
13264
11804
17222
1438
3686
12295
15862
11888
17238
11749
8638
4575
7529
10864
7557
9647
5096
6219
11430
15133
9020
4561
320
247
2905
7001
2584
17049
2292
5523
1142
14786
12416
15334
12228
1491
1881
4096
1498
16655
9125
13362
15584
13257
12328
21
5731
6141
7648
11230
6810
2787
11769
10350
10683
6335
8895
1472
16130
11077
10960
753
2897
1647
2467
5174
4605
10434
15261
8546
15212
3006
15110
10298
2989
13880
15278
4622
13912
9488
8255
12562
9755
5513
14953
16632
12775
15583
2346
3499
8506
15540
9659
17600
13460
11416
15502
7203
3996
13358
10378
11796
9222
3964
13473
2511
15671
11032
15135
17393
17230
10577
6618
15913
12160
2684
6805
10640
10922
7649
2233
9539
16591
9399
6787
14908
1935
15614
6763
14324
4261
5356
8074
17338
15164
16473
10912
14303
17495
4065
994
9356
10375
11889
10573
14271
9565
7063
6990
10566
17358
15330
9292
13300
2038
12951
3906
11396
14443
6460
13035
7814
11454
1624
17093
6462
8896
12121
887
2903
15582
1585
7006
348
4214
10352
2097
1721
3434
16333
11136
15415
7782
3887
6633
4718
15265
7686
15607
6132
11293
519
7031
16534
17078
5885
7419
15596
13435
15145
15608
12447
7804
16393
5025
11174
4939
9797
7233
12166
12145
11445
16926
164
11069
3240
15536
5048
9024
10272
15432
3375
5192
54
16768
720
14859
9799
3796
10803
5661
13493
9828
8174
9038
12833
11687
1135
7578
1080
10308
768
8905
280
10128
8975
6808
7367
10197
15849
5233
1835
17191
6159
8521
11474
8671
11529
12468
17554
8272
8770
7785
9268
2434
8921
4968
12332
3998
2396
5153
9707
13029
12541
16745
14708
611
13227
4957
2991
9616
5860
925
14774
212
9606
9256
4667
16607
6251
55
10483
8974
15687
14460
7831
16973
2564
5380
11127
9403
3376
13512
14532
9086
10848
16053
6092
15125
381
8229
16205
934
13277
14619
13841
2257
8623
15311
6319
919
6619
16960
2939
8146
2033
10818
9812
5711
16987
11774
13204
9168
3000
11713
17555
2341
1055
5267
16742
15826
16022
1832
3053
2963
10056
15207
6607
10728
17448
16644
13170
11722
10255
3832
1103
11064
6999
4836
1602
4616
16063
3779
17342
13468
12964
12680
4337
1177
1793
5530
11253
16303
17293
5953
6172
8762
14740
3076
16985
8263
870
5102
10028
5238
7112
16157
16015
5218
7135
7176
6731
7034
7372
5908
13908
972
507
14274
7700
5299
6823
16596
1610
17704
13972
6756
202
14422
10965
15310
4971
13555
10544
5400
3570
5768
5775
4033
5390
8354
11433
6824
2360
10057
16741
2869
8462
15831
10995
5604
17486
9974
15313
17202
4897
7887
13328
13772
5982
15401
13000
8840
4284
12664
1640
16020
8184
2133
11798
14118
14079
3978
7038
13009
14182
16169
7095
11521
1529
1290
298
7617
5888
12855
2557
4379
11187
4187
12290
10463
16833
4171
13947
1384
12837
5429
5750
1684
3190
3947
13476
17439
13748
1923
16479
555
10060
17680
1155
15362
10440
7201
7235
91
2443
10630
12555
7711
13618
5636
2291
13884
3507
17461
12763
12755
16827
10235
5686
15797
15873
13495
4100
15689
4047
5973
14217
837
2384
14442
8632
10814
6772
92
3328
17255
3359
1987
11468
3172
3097
8742
8383
14357
79
15555
5547
16925
14618
2943
998
9961
3800
9803
8452
10018
14484
3875
15932
16386
11479
17072
10701
9311
2622
98
9446
7005
12008
583
99
13614
12026
15886
2012
9319
8297
2051
11377
2127
17574
4673
11049
8876
1697
16470
6610
16721
8830
5965
1113
16957
8859
15731
14539
4519
7213
10438
498
12544
17525
16952
2865
1421
8108
1711
5551
294
4510
12968
1576
13045
10608
9068
10559
13983
9044
12865
16515
3594
17624
7789
3876
13566
14714
17108
6250
13794
12198
5697
2899
11842
13641
3463
17705
1115
15620
12185
17586
1742
17098
13309
17472
8510
7597
8852
4254
14642
2632
10615
11458
17212
5525
606
1779
9984
12176
217
10824
95
7492
2337
6102
7612
387
10104
7169
15327
2094
9225
14891
13442
9523
8374
14975
13863
11166
7644
14670
16756
17215
8490
11590
3540
10880
5450
4863
3417
4106
10576
13999
14628
6125
1745
6557
14517
8899
15138
639
1521
6627
7264
15693
5308
9653
14750
9066
7983
14829
3870
6311
17541
17312
11147
4359
9866
8329
15318
12164
14455
10646
4753
2811
2001
5222
16821
16332
8818
15637
6680
15417
12029
13774
3644
4414
16269
8259
2049
13046
1784
16529
14190
6890
4672
16038
8967
11772
15921
16114
11942
2875
8217
6301
15661
10928
8590
245
11865
712
9340
10076
9733
12770
7338
12388
15871
6933
1527
10551
8421
4060
719
3114
2446
16753
6963
4302
3365
15221
15615
5987
2309
10918
16211
12706
9395
2551
1402
16454
10362
13135
3588
14175
3591
895
8827
13969
13957
16280
6491
10653
9713
10201
15468
1007
6573
3909
15340
15361
10858
11212
1760
1162
2239
9805
14666
695
17651
16409
4524
12435
6944
10934
2194
3466
1134
1508
478
2856
10001
7567
6630
6402
13621
8843
6795
4269
3852
15003
10833
11295
15570
1032
8541
9635
1933
11652
14406
14042
8352
12010
315
2126
6621
6407
14172
5378
3347
7047
13952
6003
9485
11013
5010
12037
12186
16199
2995
14799
10819
12365
9224
4588
1679
11255
5478
16646
6374
3977
13659
1391
13703
1333
12106
522
1232
17190
2732
7999
14347
8625
3141
12258
13836
6157
9694
5621
2958
4194
14581
17276
12224
17562
15197
8746
3355
2035
5093
8282
9370
2218
12974
15991
12360
17743
13055
122
7215
15736
12778
8355
432
4040
17484
10639
4785
16494
16579
8981
10548
6537
10628
10125
13006
11098
12061
3431
1325
6831
11248
669
4520
14340
16805
10150
15697
5062
1769
13071
10724
7054
15143
835
7957
1266
15806
5168
685
4460
1091
16292
4178
9956
4448
5795
13605
2712
17716
13563
16110
4139
10979
11280
5861
16155
7467
9221
11145
10370
15014
16375
13421
7980
195
7543
11100
6243
7807
7457
11400
13613
14374
4319
3755
11307
13206
12409
17428
13446
1435
2228
8692
11579
2863
11538
8674
7954
12116
15154
3534
8719
4459
509
8237
16491
3804
2640
12647
4256
6518
16755
2086
2478
5127
10090
9165
6928
10776
623
9323
5967
2912
2010
1900
6885
8936
17505
9277
8027
11489
1682
11261
5343
3225
16041
3437
3988
7435
10083
542
12571
5193
2245
12727
3063
9505
7515
1447
10673
10778
11840
6960
657
830
15525
8467
5790
16124
6681
14075
3956
9586
5068
5801
17070
17765
12838
15375
8132
15960
14178
7365
8783
16322
12582
8933
14601
2646
7510
8736
4098
8577
1694
12581
2273
3759
8222
9625
17506
14858
5094
15116
2986
2670
11851
2688
7090
4239
2286
9582
2575
2705
1184
10595
15007
17376
13893
14595
2112
439
4871
16684
7750
9239
14902
15097
12257
11101
5643
10667
454
12610
10948
11221
1031
1839
5363
17088
7161
5353
8151
8021
9482
2767
7687
5328
12393
16018
13707
13824
13066
3035
5666
11491
4169
1855
4645
3360
5325
3115
8592
8008
7171
3395
6084
13107
6348
14705
5375
16905
9295
3267
15462
13941
6803
110
6029
918
15733
2666
15134
147
3247
4003
1729
11455
8020
16991
10650
5567
5249
562
5337
17344
15056
7505
2081
6528
3699
10527
13246
2983
3853
14735
7392
1878
1414
2816
5756
5629
1571
14477
16039
17249
5995
5701
12178
12398
8022
15974
8419
11734
14872
7032
16497
13282
662
11463
12689
12502
862
11133
8554
11236
9078
7902
15149
10532
9267
7901
16035
8369
9017
2913
7753
15754
2653
17350
5207
3721
2067
11252
3590
1237
9194
1528
8139
15552
10949
7912
8207
12395
16600
4129
14251
5157
15448
6340
8655
8111
12358
14555
10330
8126
9711
877
5825
16351
8629
14348
14725
17389
12832
1473
8018
6079
5611
15662
7860
12993
15529
17524
15633
14749
11557
10437
1005
16761
10558
16003
13853
9921
8295
12618
13187
13028
14049
15288
15188
4558
9703
9127
11299
3037
10657
3378
4177
15690
10065
16763
1426
16825
12345
10443
2689
3954
15782
7676
11408
841
2821
7470
12019
4244
13635
6937
7600
16344
9317
3153
10529
15625
289
2937
13222
9677
11606
16680
13735
5217
16758
3279
525
5755
16290
5371
1686
458
5079
11765
4676
884
12972
2636
13239
4532
2626
9579
10073
8453
7905
11017
11577
3924
14634
8584
16556
12915
16864
13623
14657
17581
6368
9717
3065
12265
9905
1227
2886
10823
8107
13713
4465
13929
10002
8281
1476
14676
2827
1467
16477
3537
12961
7359
9479
4032
2806
9214
11126
9985
3682
1385
3958
9413
10040
3792
13289
7336
1700
4091
17001
12853
10579
2280
15854
8695
2992
2975
11738
11585
10562
14165
4192
1971
2667
5554
16916
6858
5479
14337
13411
7869
2526
5667
8901
7558
7555
11030
11480
1934
17027
15036
16972
834
11376
17618
7987
13022
644
12965
15355
11075
11896
7539
8748
8821
13672
17519
12141
17722
16980
14096
754
8666
11364
16334
1997
8241
12761
9876
8274
11770
15380
15853
8203
4713
11639
807
17557
8653
14486
8177
7036
9816
10423
5800
3479
12053
6031
3508
9607
15952
377
4548
4484
14177
13001
3941
13020
15365
3957
6161
8915
12396
13511
9790
10850
12015
1432
13345
10273
5045
4092
12024
7074
11906
2938
1051
9735
14729
15222
14662
14219
17161
6893
3535
7844
11563
10338
16482
3636
5771
9396
1541
6136
13781
3684
653
12796
977
7727
123
4741
7284
70
11496
7945
378
9897
7927
2395
16735
10052
12505
6817
15230
11264
15683
2815
8766
600
13883
2952
13165
9351
10181
8181
16959
41
8176
6372
10085
17032
14584
14589
7403
9648
15194
10986
11948
11781
17501
5003
1370
16657
9646
7868
10117
526
12919
5039
5647
716
13598
2647
15274
15167
4196
11832
2602
8162
3542
12527
196
10969
6759
5099
3219
5583
1872
4553
13343
8411
14197
5613
1481
16131
13472
6026
9610
16601
12695
5810
2650
4694
12912
4149
7342
17475
687
7088
2840
7378
7973
11554
899
14874
6494
7172
9052
13960
14920
3103
6574
1070
6564
1048
6880
6652
5980
5355
17262
8875
5539
7502
8685
6076
15559
1036
1820
8763
10624
12902
15745
4550
3857
14146
8350
14134
17337
15722
4947
1776
16500
4375
5278
5121
3398
12289
868
2657
3116
1250
5118
16523
5175
5485
2524
17341
15859
13365
16975
3433
2183
2542
9318
4980
2725
13995
16863
11821
5335
10044
9945
674
3221
8912
14471
5782
7122
153
4531
6599
2285
3740
9096
11924
11328
13233
4463
13153
9093
1932
17248
14218
14960
620
6894
4560
7481
14871
15972
399
3403
1076
2223
8957
5164
14981
3160
915
11623
281
463
9745
1678
9459
17496
15315
1879
15184
8597
1771
14997
6231
10139
15307
10499
2043
17359
17547
11596
7242
11332
4086
14144
2483
7898
8790
16453
3864
10702
7639
8701
904
1071
10386
9144
5456
1950
10043
7234
16789
4186
12737
3187
7061
15778
17315
11310
8273
4515
6293
5433
10092
9245
13185
9886
5505
3390
11795
12418
11794
14110
12113
11959
17114
1013
5044
6284
8269
233
861
8196
4946
14870
13595
5681
8299
15372
12442
4486
1308
13570
1248
5884
12213
14780
11152
14122
7668
11173
15864
13932
7059
10290
13851
10411
4351
4606
4311
4757
1537
3167
13900
16714
16781
1834
8364
4581
17711
12716
2009
9084
8508
14585
11747
15266
12315
15292
10936
11500
1171
8768
2317
1957
15883
16853
10882
3635
13087
15459
162
14475
1337
13014
8846
15453
14966
4662
11305
15605
10547
10091
10840
3976
6424
8756
10586
13738
5387
8878
6328
1960
14112
2785
9107
1361
6147
11371
10229
7465
15018
680
2582
1896
13736
16729
8089
4167
17298
12314
5615
13388
570
9602
9369
10611
9964
13193
17321
16365
9547
15679
1633
6055
4295
6108
4869
17256
6313
16408
8611
17264
9284
11684
2648
7928
11274
13992
6661
5073
7222
11710
16197
353
10323
10471
6941
8124
1181
5671
12848
15228
9928
13802
1488
6138
1464
1894
6850
9424
9793
1362
4152
11123
1446
625
15875
441
8693
6139
774
16856
5996
7646
2185
14763
9405
7834
8247
14149
16425
5342
12032
10837
1720
11567
15250
4767
15136
5698
8030
8943
10314
916
15843
12646
10832
10412
8079
12826
8643
2379
7068
2263
14527
6679
7710
11014
16506
12344
9517
9684
2195
12948
14593
1224
192
9490
11945
15628
17213
11470
3856
6538
15725
17086
13829
10188
12214
9668
594
3027
15893
16326
16347
8911
1516
6275
7166
585
15719
6588
17741
8332
17750
10046
12367
1395
17748
10664
16441
6815
8266
7759
637
9738
15013
13127
7473
9018
1819
16066
3345
10189
12180
7475
16671
11780
10601
12929
17385
9253
254
13977
6196
15735
13898
9132
6760
16360
338
15067
11699
3973
15356
16939
6417
10377
8443
4102
13033
14160
8120
4349
169
11788
12815
3430
6248
16047
7496
5156
8353
13669
276
9534
8201
14603
3083
10468
7126
9415
3081
17761
2936
11839
10501
17290
14086
7051
3760
11970
2531
5552
9390
9477
851
14636
5236
5642
996
2138
15977
198
7718
16396
7334
11483
12334
8569
15289
11345
7374
34
15186
5984
14277
17268
16068
17568
4455
2000
5054
4986
8938
7322
418
7024
8690
6835
8535
7688
13849
2739
7331
12140
2029
10735
11172
1397
11757
5832
13964
6868
11683
10417
2385
1317
3405
6534
17429
6421
1658
17422
13124
8549
8305
13042
13274
17606
739
1471
7108
17316
12930
14611
220
15317
12420
1902
15776
14972
6837
10616
14087
14222
8794
1280
2973
16076
3525
6527
15872
7743
363
11367
17509
9922
8945
13188
5653
15486
15948
8769
11488
4786
273
14120
12842
8154
6702
6651
11520
4267
5148
699
12203
14332
6965
12700
7756
7525
7960
14127
14438
4542
13755
15547
9913
17301
14077
3044
12028
11528
3764
2494
1307
2956
13670
15346
15386
7185
7653
4530
12825
11575
11711
8478
10147
1646
14822
11692
10253
15323
12264
8558
10944
1905
11424
4792
1605
16766
15809
8823
12629
13212
16907
5659
17512
11995
11632
7897
9863
7066
13459
4995
7977
2350
13985
3085
8414
8789
11588
5063
12984
7659
7387
9495
1289
6268
10487
4216
2797
3691
12201
811
14746
11688
2170
5675
11895
15803
15851
4820
9076
7849
8609
8619
14754
7113
2238
12082
3732
10142
16132
17076
8041
6832
691
4745
7871
1665
7645
15171
10208
12115
10825
16571
224
13813
11660
8834
6062
17725
9325
12830
823
14552
17510
5571
16998
11279
9322
8959
10384
2109
6183
10763
10041
3606
13745
13997
6958
16719
6020
14926
7747
2906
3201
14298
15987
2305
7791
2777
6935
17635
3692
13571
635
14133
4412
4020
3965
1583
16253
8389
7858
15251
16903
6686
2106
12828
10193
11905
12777
3289
16288
14018
4062
9845
3291
12110
6454
15443
4784
17013
13600
17683
8563
12841
11079
5319
13911
2926
1885
8557
12768
4285
14350
13195
4715
15535
271
3679
15789
5757
5979
11985
1750
15291
8656
291
2876
3367
14588
6176
7850
10311
12125
323
581
13377
7012
13283
14959
12732
13451
11451
14710
9032
16445
13671
679
11841
875
13690
12667
8101
3994
14068
14015
13542
7110
2354
11361
4609
13872
9989
5194
284
3712
13122
5016
10862
15610
4985
1069
5195
6477
7487
7219
3617
16951
11405
12373
4296
10049
16055
14770
6002
17269
17203
15059
1606
3597
10374
3135
12150
17463
627
3967
9022
6556
8002
6703
14311
740
8870
6784
1783
5792
10525
4854
13734
12671
10414
11882
365
10992
11373
14399
15738
6099
14542
5369
13919
14553
11495
9028
13744
4788
9393
5981
4983
1220
16948
13061
16831
17296
13367
14841
12956
11473
1165
10082
11344
9353
3362
13467
2456
2803
4043
17583
16914
6578
6227
9443
4679
8866
14906
12027
17556
16872
14498
15611
2893
15634
2631
17069
17139
7414
9347
13832
15083
12864
5304
3489
2851
7832
16040
14850
10722
2074
13585
13364
17184
9661
11778
7070
4437
9362
8064
4816
3859
16689
8627
13892
9743
1318
5654
12153
15799
9908
5811
11978
3652
13833
3358
4126
4686
933
15224
17332
3801
5467
5959
1121
2155
11039
5237
87
11686
17701
14125
4277
12065
243
7748
10399
13355
16678
5633
671
15906
9203
14791
8803
17415
10291
6700
13115
9462
7193
5101
2062
8631
15818
4019
2364
12538
12789
100
7214
6397
184
16321
14856
13141
6598
6765
9230
7894
5628
9692
7895
3961
778
1838
4628
7656
8635
12349
15299
11444
11155
16613
16740
11838
11350
16767
13632
12211
8976
16160
13895
4914
9823
9611
7140
12612
15281
11597
4182
13452
14942
552
12975
4990
1522
10450
10656
5522
12741
6195
5839
2139
9712
17295
14080
10831
11909
3611
6912
9865
7888
13592
16516
11061
17361
4904
16665
7377
2416
12866
14769
10151
9170
10335
17188
2836
9553
11397
9749
38
4247
8586
7588
5581
2750
4636
2455
14583
1122
1343
5438
2868
12232
15374
13984
14095
13924
5203
14194
6409
7146
16151
6022
16681
8009
1326
4220
14663
15896
14267
940
4970
16708
10718
3171
15848
730
16083
17685
2307
13330
12157
15038
1730
14449
15452
6546
5487
17101
8862
560
1390
14968
3491
11357
16323
8615
14163
15501
11194
8135
5200
15088
8481
2962
16352
14425
16581
6150
11726
13094
4537
6373
15705
3469
8902
3389
7486
15784
12018
5349
14624
17758
10619
12953
279
6155
13161
9011
12831
814
15899
6983
10332
9931
10390
461
8752
3648
1143
3808
8293
3436
7631
16900
17532
13373
10324
13366
13553
16519
3731
3811
16619
14692
4549
13462
2092
15065
8407
6768
11089
10797
15794
2609
15057
16771
11829
2509
3406
5601
2300
9147
8904
12331
16162
13875
14466
3293
15865
10023
12605
14961
1596
5517
16478
4927
9885
15240
8179
949
15105
7107
8378
15931
15538
15616
6606
6012
857
4727
13902
8800
10422
1701
14444
11957
6321
8799
5804
6488
9783
17153
10295
2294
8324
5702
10694
7549
14291
5129
2979
10271
2726
15711
17232
836
3838
11340
14269
1235
1558
15553
13464
9042
6210
3989
8284
786
13949
12783
14008
11386
13936
4803
11908
5288
6736
8889
14313
13363
10846
5
11121
537
15209
9003
4999
603
306
2633
5743
14784
16507
10870
3971
3944
17528
13649
181
17037
12444
9419
16993
6072
3778
3495
1442
1029
12056
10605
12071
3066
8220
17592
14815
7104
4294
12719
2491
9626
8436
12266
12569
11220
16374
1991
8492
18
574
9060
10788
8696
11372
15795
3553
8153
16398
1631
723
943
10453
10209
5975
2221
12805
135
14410
1849
7142
4902
9407
4034
5723
2921
8327
5184
9014
6689
1452
10570
4200
7848
6570
7127
3297
8253
1557
4132
5462
2722
12504
8839
8335
1028
4027
1698
11205
15986
12389
14987
6148
2492
11950
15497
15781
13858
14998
17593
3200
567
17177
7610
11177
8841
496
16683
15413
11830
11006
10758
3633
3923
10526
11211
16823
10607
8056
4591
1023
11936
7303
13105
4592
4429
10951
10490
17067
13860
14994
13403
10361
16561
4525
543
9918
13121
13017
10100
7540
11165
10834
769
227
5253
9971
4666
8511
8707
15841
6685
6996
14434
15256
7944
9210
16070
12404
1836
8681
17490
1535
12906
11164
668
1419
6420
3916
8114
2972
4494
15048
13097
16526
7996
4209
12532
7670
4935
168
15852
3598
6870
5923
1059
5682
547
6017
4595
12475
17552
3646
3179
12472
3867
10636
10218
12530
9130
2278
2825
9378
9882
7319
5336
11414
8432
7057
4041
9979
6320
1035
14317
15703
8773
13067
12725
10427
15642
13639
7780
1221
9166
1046
16024
8130
4037
11874
7211
8469
14554
6841
858
16929
6255
3132
11690
3927
6130
2242
7970
7340
17449
515
11777
10720
3500
12259
5970
610
11808
5440
4198
9232
10097
10835
7683
7811
6778
2260
10326
10731
3939
3382
13140
10695
16254
10985
2935
1917
5147
954
11070
5787
10614
5927
11601
4728
761
15748
4751
12280
13293
5173
283
13023
16514
3038
1148
1369
206
4161
2160
747
11034
2665
4181
11714
10853
17668
201
1916
13032
3397
15035
11703
9917
1462
2413
9334
7929
8096
8966
9957
3091
12350
2603
8882
17097
2518
7192
11635
3700
11689
13348
10921
13803
8792
14630
2272
11967
15006
81
16094
9409
3498
3351
7669
17162
11090
2799
15589
12080
7498
5902
10261
9273
16662
4445
191
14050
1480
2349
14834
17614
204
17178
13808
8556
11240
826
13207
12575
14759
139
15235
13077
9368
647
16610
4851
6849
1443
1996
7436
16812
8338
11265
1660
11041
2957
3218
15723
10451
15487
11325
6819
1538
10211
15367
14773
16830
1683
7096
3284
6590
13896
16654
16167
7462
1788
9546
843
791
4833
7745
15382
17474
328
10246
13372
9335
5255
3889
1342
11286
10660
7147
14933
16673
16204
5858
11419
5842
17217
5095
5130
12793
6799
10716
6364
9977
1597
10972
3211
4719
4109
1851
9279
17228
12031
16399
6925
16599
2202
10916
3145
12338
3825
15442
10457
16953
1837
1078
2457
6024
9049
6386
8505
14010
2747
11088
5166
15091
14094
5624
13119
14616
16284
17042
6379
5300
4873
5074
7585
8068
12057
1298
1117
13405
7619
11501
5071
10436
12979
3446
4317
3303
4523
6922
12925
2593
17193
3918
9091
2585
4640
13301
16307
6593
12676
10431
2594
10560
15892
9756
14097
12878
9909
14597
4383
2262
10561
1188
4487
1332
1964
16726
9595
16273
8552
4975
14665
7561
5396
6128
6550
4613
6093
12724
8257
9027
15889
16359
15517
4136
10014
4252
16770
9199
16361
6107
7430
17682
12075
913
15622
10717
6648
10599
12432
14531
10381
5384
7488
1478
14615
6327
1645
7495
2353
5716
17207
1291
4949
16884
13527
5330
3580
16772
1578
2882
7058
9450
12836
4521
17559
7640
3
5976
2486
11027
1254
6579
6019
1986
1549
9911
9365
3748
16099
3150
16450
5555
5964
5242
17119
13800
15976
5941
11202
8832
10379
13316
3997
16801
9770
15089
8718
1994
12231
6889
16404
16693
8530
10129
15750
15595
11873
17326
17117
5135
357
4344
14724
11291
12023
13864
4300
6042
13217
11018
5536
5746
16413
7541
7757
2016
483
6751
9321
804
8520
6223
17280
7321
3079
16728
9363
12453
13216
12456
15669
4168
3983
5183
2691
6205
16624
13650
12370
10890
11144
5250
11745
5270
8082
4335
4137
16869
14173
6675
2175
734
14314
16405
2454
16846
10932
9593
14826
15684
2696
14883
13263
9614
14362
6154
10815
11002
3338
253
16121
1518
13043
10967
3287
13757
15226
9030
2663
1738
10168
10520
12382
190
2627
8788
500
10131
6497
14865
13974
16256
9478
5612
5212
13948
17099
2118
1138
11216
10981
13378
523
14721
2079
1803
6109
13064
2405
12982
4597
9148
2919
8509
12890
9400
6943
2264
12392
5541
5216
6028
15061
14817
5703
14764
10430
13220
7721
8582
14801
14726
8302
3955
2200
10277
15321
9774
11502
11555
17219
2321
4044
15901
14263
14344
2474
15439
13569
5662
16106
9536
5763
12361
16123
5807
16436
11846
13132
9798
16686
10192
505
2607
13268
11940
8796
4051
9209
17458
15636
4287
14979
1511
9448
15554
11162
12461
4556
5844
5067
12816
14191
4615
16075
12699
14286
7917
10872
16341
17736
17665
1321
11886
1075
9366
15206
5949
7002
6349
10356
10435
14397
11067
3177
13393
12886
414
12058
17243
4633
5295
10826
13391
3019
3281
12817
8890
7504
16306
945
6878
422
16357
8091
16487
16937
3701
10680
15777
13909
15254
6530
16935
17390
14022
406
167
1848
16944
17686
15998
272
7933
7519
17279
7568
10038
13855
2014
15504
6653
14174
7399
14699
3073
9417
16603
10522
3798
7974
5126
11233
2080
10465
1259
6499
8034
1109
10087
12423
9645
8487
7375
9791
115
11814
15147
1887
6938
8977
5998
1195
8143
13816
1503
6352
5139
10618
16956
10621
13137
10172
13540
1412
12133
2880
11833
6237
7621
8077
7712
1025
1688
10393
672
9333
9085
2032
3581
12666
10460
15916
6009
17221
6629
8319
11607
15081
6930
1273
4231
1746
15114
5849
2220
7251
5889
8119
9414
35
5385
6008
12988
17545
5448
8450
8539
14568
6861
2672
14231
14371
130
6452
14957
8211
14849
9806
16245
3286
8296
4303
7615
6103
2951
57
13291
8301
10908
8218
17742
16242
6690
10777
1562
4255
9623
16331
10515
13270
2344
16785
17673
8070
176
6341
341
618
17343
14006
11218
2269
17073
1411
6997
16208
11617
17121
13396
15431
6483
3858
10781
5638
447
7404
3933
14738
17503
1225
9991
14976
13286
56
15223
17127
3762
6687
10942
5627
14394
10251
14481
405
5651
8953
11315
2999
3304
17607
4717
15454
5891
9388
10497
6746
5252
13173
1927
13213
8275
3738
16104
5813
5938
13791
7345
8094
9121
89
8059
10887
13225
13471
258
12250
3278
5572
5985
10745
7790
8633
5291
4905
11956
7614
10095
11354
3300
12692
16324
2814
11937
7937
16481
14432
2007
897
1907
8061
8178
16179
4818
2611
513
14667
4665
11355
3966
645
6045
16736
9881
3605
2091
11633
3568
3661
14376
1398
3042
15867
11326
5648
11697
1176
8844
4661
337
9650
7415
5108
8516
10760
15985
16977
8052
13668
17104
11611
11438
1081
1340
13382
16815
13144
6533
5838
11208
5471
12590
297
8437
14237
13532
1159
12705
12434
14497
13409
244
16836
1556
3130
3334
4071
9666
14768
8142
17753
7846
1649
7823
9634
6682
16079
12627
4777
5660
15304
14930
3631
11670
8518
16894
5540
6245
4942
9983
2987
3009
13454
14136
2206
9679
4482
7056
4346
8133
7642
15982
1041
1727
3657
14901
16282
15280
1504
12740
2860
6354
5047
388
2534
16843
12417
5021
2760
8102
11186
1203
8533
10442
3831
9617
2513
2948
10974
16239
17052
3168
3705
3912
9901
2084
13016
14607
5154
4230
10798
15157
5331
12383
13931
16026
6142
8946
16042
12554
16213
3348
10976
10911
10017
14297
6236
6953
572
16009
10792
17446
3813
10693
13827
11289
12478
1037
1555
15046
2282
15787
17180
6310
2090
3509
518
8996
8909
3911
2072
10828
4253
3090
8005
527
8634
11887
1202
15638
14211
4577
1564
16142
12928
13547
2706
17089
1401
6704
12321
14034
12044
12873
15219
8144
3050
5706
9301
11868
10250
3018
8527
15728
6742
14439
11614
9899
12251
2504
6266
8661
2859
1800
15556
14572
16674
17240
15773
16875
8326
12714
1662
5700
4742
9047
4248
10665
14235
4401
1151
6973
14863
15198
10910
12867
7245
17135
3086
11498
6950
3526
2894
10366
17003
15242
5722
9108
1409
6844
13982
7343
8891
3932
3549
1875
9747
8732
9887
9216
13109
7691
14931
8116
5776
4924
5951
7607
14393
17304
7536
2071
7875
5394
12588
14713
3683
8224
3716
172
10519
7958
16725
13038
151
9622
2355
612
6773
7681
11380
5882
1856
2960
456
6706
6209
16669
2103
10909
13537
2885
5607
11130
12012
344
13219
9364
12738
4716
16605
974
6453
17531
1112
13018
13699
14041
11329
2036
16181
9344
2567
15668
14472
9809
6585
3318
5161
2501
4356
8543
7134
1191
471
7566
9034
13332
12809
14418
4425
8898
16995
17310
12041
15895
1676
4856
12429
8057
12479
1866
8525
8080
1444
15973
6720
15424
14557
9947
1797
4881
11128
1825
7209
14917
701
17055
17691
16636
15408
9683
1040
232
10116
3919
6595
8688
12617
6814
13317
8881
13994
15964
510
9070
7364
17456
15563
8192
3917
3072
14412
6270
11514
17351
4156
14321
2516
3628
6932
9493
10164
11182
9007
10539
8283
10963
2152
7708
1876
3031
6903
10387
17103
5939
12439
8092
16286
7778
16666
4889
17468
16033
14487
13711
1083
9077
9867
6908
9753
963
3001
8971
9740
10031
5972
15383
2207
10513
11007
10817
6033
11250
1383
2366
7298
88
14613
10977
11869
16304
9215
3012
8951
11348
11290
6892
8159
14995
16878
9471
9367
16537
6862
17287
13128
8494
8066
2849
14395
13692
8601
4204
6396
1270
94
4552
8868
15246
2771
12197
6757
6737
15966
2552
5670
1898
4427
6565
16829
2401
7526
3763
4857
327
10380
17634
4441
5041
15918
14674
15391
10204
2743
6408
11949
7942
8155
16184
5366
9569
4133
6111
8246
5083
538
1021
4834
1382
10114
16073
13867
12785
6839
7701
1563
15039
290
9384
1047
12313
8579
11605
7480
16861
15472
8238
1794
15117
10617
848
10469
7232
117
10637
12411
6468
6562
9463
17284
8973
7353
13143
14808
17398
12687
8415
1299
3751
1079
8028
15707
15359
14982
8093
12824
8550
2372
5578
3898
11784
7229
13850
109
889
2311
7862
17579
929
9079
6992
16212
1630
15484
12362
1762
7105
3720
7265
4360
13489
13290
10568
12949
12849
15835
795
12611
5650
1470
3346
8722
15925
4729
16824
13050
3039
6568
7003
5276
12320
9944
6617
11112
14436
10666
7552
13955
17576
14184
12333
13413
1276
6495
706
13089
2668
1723
11675
1767
13479
12173
11449
11092
3371
9201
10676
17365
7294
1552
16675
12923
3504
13324
3341
14844
318
12598
1469
5595
12366
7162
485
13775
39
9943
1685
700
2328
732
7187
995
10050
9538
8333
7903
17454
1223
15127
2210
9151
13658
4506
9122
4404
1304
17267
15518
849
2808
16158
14354
3529
11441
8031
3882
665
14778
4289
9526
11559
13146
5145
9856
14252
4451
7125
14116
14600
5035
14268
12621
16420
1954
938
2744
9373
6936
15271
3822
10039
2817
6445
3942
401
2892
6692
622
6164
3995
14241
4266
6818
16792
13385
17714
6969
17394
624
7943
3777
7016
15897
8636
4823
2261
13423
3903
758
13766
5678
304
3350
4431
13053
11627
7674
502
3023
8403
16750
17712
14991
3690
11148
2107
4655
13765
15791
17762
13401
1728
11464
13150
13236
2669
2498
16252
10225
14482
13861
148
9575
14380
4965
16508
13320
8474
15096
4564
2855
14988
3159
2209
3674
12810
15216
12406
3349
11604
7773
7455
2453
8053
3575
6423
12668
3502
5575
7661
12311
17216
6276
15017
6801
6900
8058
17194
634
113
13915
8560
4562
4737
9658
16448
12219
11200
4409
7326
3203
9354
16013
11560
5764
9706
241
900
15179
3600
8825
726
15937
3210
16775
1242
11005
11929
14939
11188
13410
8869
4297
17084
17166
6451
8365
6171
6711
8990
6558
2844
2122
820
3900
5543
16348
8172
10106
7722
12428
8622
5395
8714
5802
15108
12470
11768
15780
12678
16778
9104
476
7299
14698
3816
12339
12887
4222
17437
15827
14954
6623
15830
11696
1654
8029
14519
7293
5333
14704
6170
5895
4623
14206
9843
4978
6198
13712
17546
17144
6433
2782
15999
14378
5969
2641
11849
2757
693
1309
16287
4090
6657
745
13145
3122
17333
14492
1754
17189
8596
7223
4483
15217
11620
1601
2888
15564
7916
12035
4385
16120
12769
4073
13835
4782
3789
25
13313
11974
5930
9465
10286
14369
382
8747
9113
7151
8168
2111
14226
10517
11685
8198
111
10582
448
13059
6548
13636
12702
11033
4470
8267
14081
684
17154
8764
13801
15163
11526
17261
7078
1764
13588
16078
15049
12405
14069
3791
8924
1806
3429
12243
11709
14944
262
5477
17175
4088
13065
4301
8473
17265
9469
2161
8254
8537
12549
16800
13325
7821
7116
8910
4208
9551
8616
13557
14810
5189
400
14496
15571
2144
9864
13052
5876
6318
16818
3584
1857
15273
4749
3511
3005
13590
12546
10929
6051
17595
1205
13925
2748
5924
13840
6098
11735
14551
14530
15663
658
13934
17567
14147
5066
4859
17462
421
11114
7478
14239
3885
13674
2749
1039
16617
2521
17134
9879
11402
3894
14162
5361
12508
13550
8310
4334
3399
4528
6199
12568
8360
17021
4997
5051
1798
8949
15727
14454
846
129
4621
11741
6517
8221
8288
9345
2065
5190
17445
12512
4937
5634
3453
3123
2495
8141
17082
8406
5799
17660
16658
13630
13509
7877
8679
14716
16551
3235
1286
15352
16271
7458
3823
343
11292
4916
5251
7483
11437
11764
10786
14029
5191
4057
17063
3107
4743
5423
8829
14673
16817
9826
14512
4066
16690
8461
9297
10123
9651
16873
5451
20
7968
4006
15178
3316
10484
7910
7845
6263
7221
12918
275
11094
11972
6571
15562
12712
632
6643
1699
14485
7951
1868
13172
10153
16691
13920
8455
3837
307
4723
14429
2764
3482
9090
2884
16901
1305
46
12488
1166
7911
366
8880
7553
17419
11583
15919
3883
14509
12270
15792
3480
12651
177
2120
3609
5360
6524
8430
16259
15104
14302
4205
8045
17187
15962
8390
15437
5741
4125
8123
2487
8464
14242
17578
5854
6230
12858
6535
9981
11237
860
8848
12452
1909
2173
3622
4811
7632
6101
15392
13275
11138
6058
16622
1715
13152
14558
7469
1380
2226
11167
5779
6625
15137
8425
13705
4281
10019
13497
3002
10813
14403
13723
17116
16458
11346
3366
15463
11226
2362
15094
14771
5373
8524
1671
12634
13870
10109
7633
5171
14677
342
12959
13696
10632
8519
9955
5197
1974
7409
8753
16056
12414
301
4024
5136
9807
911
17408
6218
13427
7418
12966
17740
10103
7922
8501
16754
8540
3766
8289
12885
5759
3428
4569
12381
6699
16865
3632
12233
5494
12701
7159
10655
17613
4283
16994
14126
16727
9910
799
1011
757
1826
10714
1768
13706
3744
14592
16574
3117
16550
16305
10184
7939
11938
2176
3146
608
4860
15844
4511
9140
6326
11504
1147
8307
12237
15475
8214
2232
7117
16446
15696
15817
2871
12256
16263
12635
3456
12466
16720
16010
17609
16814
7026
5904
3208
394
15879
15473
928
9394
6865
8127
3354
13970
961
6135
7992
2044
11676
12471
12780
13096
15314
6710
5524
4794
12753
4960
3195
7165
8903
13971
3993
676
11847
3088
2047
8937
16086
12829
8583
11110
7382
4800
7131
16866
4108
8085
9234
2796
15876
11392
2810
6505
3230
14842
10342
12260
7758
15295
9868
16888
13818
13179
3960
13923
3833
14170
3438
5958
12199
5574
11139
6338
4603
16860
17397
11447
9320
174
4128
8448
10899
579
1090
17511
14367
267
4362
9960
5788
1163
12492
11334
9437
14848
380
4219
3737
1168
4527
16513
11066
8129
15199
17745
12863
1089
4440
17064
9435
4392
3719
17488
10062
2917
1968
268
6366
15389
8757
16191
423
8893
10105
14895
11314
15341
14974
8150
10182
10648
12087
12092
15753
1842
4332
7237
3363
10455
14702
15070
10904
11413
14514
9466
17214
3096
15520
3621
11827
1759
15169
12698
15954
16722
5386
16918
6429
7080
13184
2918
6622
12696
8750
7021
15053
1086
10133
2165
5080
15549
9226
13683
13968
4610
3637
10410
8156
11580
7071
7542
3093
13761
16230
140
12033
9744
14328
16623
134
15270
1331
1231
3655
10953
6272
12997
14840
9754
426
17237
15569
2776
17553
17577
5417
3990
6260
8804
8727
16048
16552
1799
5061
11257
16803
4797
260
16262
2599
4271
1985
1049
15885
5160
16229
5338
6914
7590
6848
12500
15506
8075
14036
17596
12807
16577
5586
10488
14047
15066
10626
2714
4630
1891
4585
11189
6068
4442
10165
75
11203
11389
160
6233
427
8084
10849
9219
14046
9824
3468
3797
8323
9184
17626
15737
313
12628
2485
3835
13430
9769
14814
12620
5070
11698
3920
9741
5364
15076
13776
11217
9946
11074
3440
3999
9951
16788
1358
5283
6357
12533
4951
10982
17388
11391
5560
4229
15969
6776
15645
3082
12460
2741
1140
9854
5228
11516
8836
7139
7819
9330
4280
6469
1775
11016
12240
15546
6339
10581
15933
10383
8879
6358
7099
4639
8961
9088
11452
6584
10424
5029
3075
3669
12891
9978
17657
4497
4304
5957
17233
13684
209
9197
16909
6206
9778
5142
16585
14878
6887
8999
10682
1271
12363
17450
9116
1156
770
16913
2201
5550
3064
9494
15815
17697
5712
8205
4776
12539
4491
3364
9500
969
5177
11693
17286
8526
2514
1904
13787
16201
6317
17751
3325
6167
3418
5020
9416
6513
9609
12437
9385
12248
6604
16661
7416
2324
5198
16679
16330
12107
8817
5392
13546
5715
10692
14176
10282
3015
2179
6381
10304
9554
1722
14604
11349
6461
11497
17149
17014
12599
2464
3752
15284
941
11435
4631
1756
376
16074
9773
9968
14836
749
11324
9800
5988
10751
2348
17000
15182
506
10029
6972
975
5872
10072
13917
17737
968
10755
16101
11807
200
591
842
7254
238
6655
8152
3895
3951
8565
10061
10999
9402
13111
867
14658
6714
12143
7818
11154
10008
11763
15904
16270
9858
8471
13242
2920
3782
7930
17065
13498
12693
3423
8044
6774
9449
13793
14051
6755
6410
13159
16459
1413
831
16421
13634
8706
17667
12643
9071
13192
13539
1514
3173
16706
2488
2857
17206
13384
3207
14309
8115
6187
3165
13654
17209
17619
4547
7288
3985
17610
16004
13123
5357
7843
49
4663
3975
12016
5559
131
5081
9883
6492
16759
3770
11300
13326
6498
4485
11510
748
3127
9509
12004
16845
8767
1261
14157
4896
2061
1050
9567
14161
13519
16630
2019
14993
13092
15832
11892
9874
4250
2034
14072
7362
6197
10528
7774
12943
10054
5846
2583
3627
10134
13652
12600
4505
3671
215
3645
1897
11963
11826
10816
4418
13525
15845
12076
4467
2792
4338
12006
6333
11462
3516
5635
9671
7904
4768
17090
4798
12431
2990
17653
5307
5332
6967
3416
5906
13809
3421
12751
9581
12960
3623
9264
13579
6989
6192
1098
7625
13112
230
13548
7410
15568
14275
13312
5084
12040
9514
6881
2005
2618
7955
16832
13716
12485
5169
4950
16712
14115
1355
12601
4787
8512
1844
14196
5694
11239
13058
4029
9379
17717
5946
11122
17384
4474
13031
3555
12021
853
13478
7424
7312
2193
14088
7506
2751
743
11960
3953
9697
10930
1864
16302
13190
5043
14109
15195
8828
13740
16340
9613
17518
15975
3169
14131
3758
9540
15058
2798
3723
646
1371
8098
9067
17455
11343
3733
9564
6405
2536
9825
17170
11417
15087
1145
11317
13276
15939
5501
8395
8610
11852
11955
14885
12786
12795
6208
14686
8507
5596
5280
15551
14852
9272
6126
6226
5004
5455
9700
5287
16930
13079
3788
8724
10715
16664
15234
17095
4407
13631
7013
9499
8163
6350
15810
17122
5794
5679
15910
15961
7019
16688
4769
15617
13958
2102
1132
13768
1477
14742
10553
9612
2297
15741
7812
16388
10563
4866
9583
5887
2802
424
956
6178
12308
10448
17625
334
12660
4215
16797
8652
16439
7537
14076
13162
6822
8260
8173
17563
10009
16670
5244
8664
9598
847
15716
1200
8628
4705
1821
7595
77
7459
952
4103
11229
3653
11983
4434
15700
17173
1330
10287
931
9718
13054
2895
10244
1285
1696
14476
15922
15404
12713
17687
10698
3880
6577
12609
1420
9112
14846
14591
3781
7241
9444
11591
6840
1026
2370
16943
16243
7194
13662
2770
14573
17580
13186
15483
3209
12685
17387
6160
5751
11946
11540
2253
7816
14802
10118
13594
8402
17440
11863
9714
5149
17646
5030
8573
10347
553
11042
16842
6920
17192
11382
1936
7307
10415
12746
2167
9573
9836
15325
13722
14761
15519
16384
1590
15983
13249
8187
223
5754
17044
10913
13314
11672
1862
14101
16784
13340
6406
12306
12403
4173
13507
2026
12421
8782
2141
5377
12086
10685
1903
415
3084
9372
9953
872
12914
16023
9039
5898
12093
10564
11736
2565
14620
1990
15592
15496
8186
12171
16541
3234
12922
12225
10610
17023
17690
5493
486
165
11124
4910
16443
11461
16547
13310
13810
8689
12127
12561
4587
8673
5474
9993
1870
11097
13387
5214
2277
10296
7663
3905
14140
2022
5901
10047
16848
5999
15912
3514
4733
17441
891
17403
11789
187
10183
16945
3215
9062
4734
7613
1673
11247
3545
6014
6968
4814
11571
15062
11374
9124
13854
14703
14315
14843
2746
801
1534
17756
6446
4918
2398
9146
14689
4619
10785
5172
10990
908
6874
1959
6221
5476
13871
12553
15015
5806
16058
8445
14807
4702
9428
3888
11825
7452
8517
1734
15414
17602
6475
3396
287
11650
10328
5785
6179
11087
7098
15319
8249
2204
1983
10266
10869
15823
5273
15510
2333
15369
10752
16215
4146
15917
3578
5909
13375
9156
14488
12584
2508
12114
14627
871
4533
5037
10503
1883
17590
12446
12223
8854
4598
12935
11431
3929
5742
13783
2205
8482
11507
514
9349
10371
14921
3818
15012
10662
16244
10643
17348
3410
186
15322
2994
5590
12658
389
5689
10239
789
11910
9906
696
9056
17430
16849
384
8992
15037
11301
3558
8640
6540
3757
4382
15670
3566
3908
10364
5936
14107
8952
10336
16563
16434
2733
8658
8477
9544
2069
14124
2829
11231
11404
17028
6512
4629
11109
14675
829
9314
7128
8871
5024
7292
6913
10829
10228
11338
13196
5553
398
13281
6285
13961
7534
6718
17015
9891
2528
6393
3276
9543
17375
16176
10713
12293
4479
12400
15704
10687
15498
2838
9533
9420
5997
13784
6864
9898
8286
3878
15262
14312
9357
3776
13492
10004
11730
4384
14142
13307
4567
9982
2068
2601
10707
1423
5381
14788
11854
15730
1748
3386
7148
7511
13653
15763
3787
5098
10175
8377
16192
4259
12317
4692
2523
7035
2358
13680
16774
11410
1323
9787
588
13415
15428
16268
5915
8808
13496
1772
17527
2538
9831
8038
4438
4752
1222
9081
16006
12109
12998
10140
4210
6262
10217
13922
9772
711
9501
8614
14456
4394
5144
9519
9192
13357
4573
17317
4732
8728
765
7616
2671
17402
16560
12172
12022
16113
11146
10243
1095
4649
310
2568
17335
17466
73
6077
6238
2774
3851
13353
11509
6398
2296
10032
15709
4160
12002
12464
4852
14538
2837
2371
11809
2612
15706
4919
15071
10688
14653
16912
17652
4571
15196
12607
8639
14055
14164
11525
832
15768
14946
708
10941
10747
9758
11081
17420
15298
257
2135
8367
8458
4808
6748
15659
2136
13228
2216
16246
13376
3713
14236
13894
16090
3533
12059
6673
7493
4189
6642
15339
9316
6978
14091
11574
4810
987
16484
12946
9732
14462
14890
11276
14187
9046
8208
15141
17282
4466
3775
2532
7143
5298
10042
8929
4913
6439
16285
3156
13417
15682
6863
9286
2421
8209
13004
7763
13180
7009
4687
11914
9167
14816
16940
9276
14316
3070
6569
15531
8528
3454
17056
1475
5565
14899
180
13441
7545
13419
11157
6612
15331
9328
10686
12827
13120
8970
16422
13721
11594
2716
2580
8944
16566
8534
15122
17123
17324
5864
17220
4053
11572
890
11068
2476
17498
14154
1704
12937
12859
16911
10203
8965
15376
13549
9237
6923
11053
6750
12895
11533
15409
10521
12933
11209
17649
6587
16576
128
17160
10726
13644
12567
16891
11919
7925
12940
3455
7829
13945
4821
15512
12072
577
15211
2229
4035
6387
12122
8340
3552
12624
4166
7803
10491
3242
14866
7412
16881
2410
13980
5112
1517
9904
14999
5897
10756
7405
16489
16751
14453
16877
3586
16858
2643
6957
573
13762
8710
14818
16019
2780
2387
15947
11756
8795
6946
3730
12857
10954
4546
4704
3198
5306
827
4305
17128
2070
8731
14070
12210
1509
15282
2490
15814
677
11823
6345
6280
6802
12083
138
16999
7817
13051
6638
12496
13822
7279
9025
7407
10867
9460
11658
3022
11565
14697
14346
14752
3753
13828
16841
7608
443
1816
9023
14245
4030
2250
11267
3688
12433
4735
11883
6015
14701
6412
12547
14152
4184
4263
13582
5318
6677
6456
9927
6542
4539
10495
12426
17182
17642
12856
16342
7516
74
7190
16392
4278
9850
1867
16335
5747
17026
1310
17409
10180
16857
16430
9781
3843
16223
7084
9182
12941
15767
13856
14325
17033
1468
1495
3725
3061
13252
8806
5589
6985
2025
4312
3087
1982
4116
11181
14973
10470
15957
1733
3826
15239
590
6375
12046
17132
7695
6560
2830
8137
10301
16216
15181
14964
8097
5439
3790
10554
11952
559
2376
9558
12277
488
3557
2902
6444
14821
17735
10670
15798
9136
2451
17703
2961
3886
132
17770
11986
17659
10466
3462
16008
13342
6435
12650
16313
10550
7938
16536
13422
11646
11254
14656
9748
2430
11319
1659
17601
17771
14452
2241
9179
3128
6060
2731
6131
8564
10094
9795
16517
11269
1642
12068
2289
6312
1593
10868
11457
7454
9303
11232
13253
6797
15522
15505
9391
17662
3914
5052
9383
93
11925
12269
13030
15602
3312
5808
16188
15808
1034
7178
15210
1356
11989
4435
13298
14897
11655
16804
16200
7327
12852
11701
12039
2563
10081
15675
16444
2988
11024
9664
6315
11961
13280
9631
6490
12003
5665
11015
3727
16149
2548
16802
1965
12483
901
17396
1873
5720
979
9425
8227
1157
4458
6829
1999
2400
2930
9059
16005
3899
14334
17020
2163
8393
1853
14229
17675
780
14092
1629
8562
9687
6620
1822
4363
13975
1574
3546
5110
821
6897
13838
1735
575
392
16709
3970
8409
13675
1396
161
17594
14772
16185
12682
15436
13885
3057
3311
4237
6601
105
14785
15914
6010
12189
9784
705
1208
9306
9555
7015
6046
2980
10711
16180
1710
12531
6083
7043
9031
6385
17418
14723
9829
10533
15308
4353
2020
14288
11720
10035
9506
15542
16237
2562
15743
8984
15890
17306
11316
13088
7664
6594
15449
10542
14625
14285
6032
12188
8761
2059
14534
16532
16904
16358
12854
13603
6384
4642
15213
8210
2499
16248
9153
4901
7665
7744
13950
16776
4322
516
6733
13103
3615
16633
13812
9041
308
10791
1575
6332
1287
10132
2189
1372
1262
2058
11062
11767
16743
16786
4264
7913
7263
12652
9686
11962
3962
10322
14379
11631
8046
2976
17339
6106
16283
10852
12356
818
15816
1153
4293
15639
14795
2441
13657
5557
7715
10343
7879
2922
11241
1174
15175
386
7786
2347
14835
2031
15581
14565
10937
4962
12305
11272
12255
125
3126
5018
11163
14199
7836
16172
17048
11875
16590
4326
1494
85
12091
470
4764
16813
11810
2213
15708
11930
12097
5777
7854
12497
32
17399
14192
5115
2063
7188
2925
11771
14468
8864
9013
12247
9160
3651
4228
17611
8646
12111
1632
9483
11545
9690
5714
1880
1187
9849
15287
15481
2314
15717
10167
15742
8979
2030
2
12662
4994
3056
1296
8011
14480
3783
2571
1967
5046
10779
14803
10997
11341
4801
8591
15721
5176
16639
8647
6113
14896
8820
9451
14059
15332
3750
369
2852
6761
15368
12274
8529
15621
12094
3931
8004
9572
17582
1210
1717
10329
7257
12074
6418
7689
10719
14629
825
15152
12261
15783
3361
11115
2146
11707
1962
12050
2793
3402
4393
11724
12636
3016
13331
13078
15958
5150
13907
11038
9550
6691
14756
14307
14370
11603
9699
1217
12648
12230
16414
9939
15963
9998
12845
2529
1599
7167
14358
4513
3265
12860
8626
1387
1457
11759
7463
15751
15911
16840
3471
8003
12559
13327
16483
2252
8744
12445
6775
445
3610
13673
16717
16145
14685
9672
7102
5442
17710
17002
11460
7547
11004
487
4534
4958
17483
997
10511
5011
11811
13661
16828
6465
13218
16525
9491
5159
14612
1716
6811
11867
9786
4710
12271
10931
8373
771
3272
1439
1795
465
3477
15146
2326
569
12596
11169
5491
4646
5293
7975
14220
1828
14038
533
4878
17726
6608
17381
6800
8476
9223
2172
8316
13978
17645
13508
1833
11976
13928
15084
15441
2718
2911
9423
17174
11228
2096
13359
16401
8447
11731
4345
12683
14366
4342
3746
12245
15838
11523
16457
3133
3326
7431
13259
12534
12298
9559
9813
6991
7559
946
4347
1030
4110
10947
12784
12787
3310
7641
17605
7027
6168
12757
13760
13126
950
6037
1726
4838
8863
6727
2546
16739
710
10392
8833
4480
12089
15390
11860
13589
10418
4017
12952
4868
7852
9877
1993
14085
4783
10847
4508
4439
12711
4308
6007
4477
5348
8522
13879
14767
1691
17731
2073
6600
2472
11273
7856
15170
16059
5545
4377
3897
7982
4754
9196
13944
13002
6025
15850
10919
13596
14545
11197
1568
3054
17584
2677
17370
8598
4855
15539
17374
12934
5548
3930
7138
9972
9662
10939
13125
1533
8012
2843
7290
10649
6904
16522
3881
11656
6449
14739
1466
6745
12913
7101
8197
17451
5481
6105
9504
11877
13024
3223
13593
14420
8811
2174
11718
13558
13534
6726
3850
16798
14305
1016
15095
2085
6391
16095
15470
211
11681
910
6143
1455
17769
17061
17308
16638
14433
15847
4982
13070
10407
8555
15739
14039
4083
12340
17074
8204
2574
14744
13834
3963
16452
2877
3807
5239
9621
2418
2791
6771
2822
1229
13400
1579
15527
8739
13229
15732
11599
2046
970
12391
1082
5934
11031
2331
15855
7859
11260
5231
11637
5447
15303
13234
16587
15863
1651
6121
14779
16949
12808
5836
475
14515
7155
838
6367
4218
15516
16806
16016
9097
501
2839
6283
7638
16281
4696
10207
1353
252
12336
4827
6470
17022
11143
6302
15060
12932
11979
1068
16631
13660
13749
7771
1970
12872
13714
864
15989
5158
15236
9040
9833
13011
5132
1194
17318
2422
17051
803
5179
15544
4826
7635
15107
3728
12976
3572
2156
13265
6464
16407
2186
7173
9757
17356
1405
17115
17465
12440
11806
8397
7029
8603
6738
9729
10793
9212
16780
9164
14854
508
4682
4544
715
12843
10477
15086
158
15032
10859
7624
4105
16456
5049
11223
435
3642
4963
6508
7792
8423
6259
32
15868
16103
10115
4650
14962
90
16777
4967
4396
14435
9705
10111
1234
7618
10026
16963
9587
8853
2656
6286
1893
5424
5204
15828
6769
8777
2240
7297
4634
11802
5286
17038
16
2654
9914
3196
15920
12655
9433
5866
10604
1451
259
8191
12542
2388
10429
17372
1376
4
3241
2687
15465
8815
7
9304
250
8050
8574
2066
11880
11423
17
12042
412
15488
2411
13261
12791
16411
7451
1255
6425
11944
4313
1316
1589
6694
9562
13199
9
10413
11170
16645
12354
13710
14179
7672
10186
3447
6
9701
7224
14494
9837
466
11965
15
12175
11664
14932
5031
6322
12410
14571
6066
3773
13655
11387
15790
14266
7073
11737
5
10647
390
15203
8676
15185
13
13395
14909
4410
5845
14956
12427
12355
14385
8802
14465
7282
13284
13354
14
13433
1297
14405
6521
10678
534
881
10316
14195
806
12191
13336
6325
14000
27
3696
7091
7697
6918
1057
13876
10839
7993
10110
8062
6526
3926
6287
7163
6589
2134
14668
5301
2737
8073
14700
4369
4659
4832
2809
15894
293
3
1584
8775
11065
14
14363
11342
12564
171
4653
11881
6842
11436
7918
3890
7784
6993
2728
10851
7
15680
12742
8428
4835
19
6753
11897
1
5942
15
2259
13814
5248
12758
7317
9498
5992
14408
16007
5600
11287
10822
4570
13248
5989
3
8733
9376
10806
14
15373
7253
8567
4518
12038
3992
4620
2222
13380
8741
3246
2553
3626
13502
6
225
14879
9670
9453
6224
11485
9
8348
8042
4526
12043
12939
2862
11562
3640
5542
1
7250
1
7239
2
3603
4444
3
12580
371
10962
3
8559
2121
9884
