10
tourism=information
101
8990
27547
4898
31174
23272
10528
1128
32219
837
28013
11074
4117
48383
10089
1695
49514
18030
31544
19156
50478
16444
6653
7134
1454
18210
24414
28432
53479
44851
45579
26291
26222
29294
32325
29822
34921
43393
13737
45673
2411
37448
11843
43176
4466
12952
17154
31841
7716
35812
38999
37135
20045
44524
13215
51466
24847
2343
3119
32839
49404
18603
51831
16503
52305
30577
51100
34962
2564
17971
49127
30314
6786
44168
29378
14217
37465
26950
42499
13449
49998
18161
883
48199
18079
19531
47042
5518
52822
708
51160
34355
15902
9565
24709
42970
41020
5126
31807
45613
18821
32992
tourism=hotel
101
10663
26936
50807
17309
21684
13275
1208
40933
1443
34072
53220
29471
10001
4138
46495
22784
10983
47115
36780
48436
47390
35035
4294
48600
9053
49916
29011
40667
28958
30982
52751
6970
37771
31080
18940
28135
52213
17220
35164
17522
2401
40686
43601
27774
7213
26511
33492
22022
3913
52228
18278
47142
42891
44750
45120
12185
50574
52047
18034
52939
16624
44737
46533
52083
32347
31973
32784
26436
32586
24489
33319
42558
51297
44230
11485
29041
43260
20306
26454
9754
41995
35976
36697
5767
10470
27458
49598
29725
36601
48811
7188
39411
43758
7254
31130
7018
34127
14984
31671
1086
28129
tourism=attraction
101
39497
26313
18044
15462
6223
23709
23721
5012
20934
13645
43075
39357
29254
11252
18452
21997
22960
47225
16136
39502
42596
42035
26187
8406
28468
118
50552
24407
53365
22785
3605
41898
42104
40952
46522
2504
7969
41416
26399
35046
52145
31619
41443
27516
39565
53038
4915
7385
2823
38851
14988
2172
22283
28994
7121
29291
37345
6789
31649
31696
53528
43854
34427
815
39173
42372
33296
48272
32820
18473
37658
24885
41055
44564
47941
13504
16618
23614
30652
22149
49730
43417
20843
15648
5952
13527
37454
4762
31478
9978
13624
14359
954
38309
42433
10671
21916
2257
11078
25900
30767
tourism=viewpoint
101
52067
36357
36347
42929
14866
3794
1706
30316
2983
10959
36143
4296
36903
37185
16630
29113
30557
11693
45810
39105
4343
41901
11168
21587
12995
30617
198
13980
13356
12875
2805
19011
23133
2511
7057
42858
20510
51684
50162
39186
1689
33384
51882
23390
41238
32301
33902
21064
40828
33400
32791
19829
9200
33740
5141
17825
34712
43867
25848
2651
22881
14785
46056
7776
32369
8959
25436
16293
7738
21080
41362
19086
46914
23048
2819
13861
14379
37713
47937
15188
31675
27536
6594
17896
30816
4581
5817
53405
31465
12438
46694
15540
53040
7002
468
40249
3067
26504
39465
10691
38425
tourism=guest_house
101
36590
40438
48491
52122
836
18640
24345
19244
10999
50433
33037
5395
12492
50973
23764
24375
14611
50820
23400
34779
10039
48736
39934
51590
20188
20878
30881
32088
27205
50582
13500
17866
34380
41268
16198
39541
51885
513
22636
32999
11432
49440
24588
38859
38047
27937
39554
42338
25233
1520
32875
18093
8915
40470
28563
29918
15761
5002
40810
36188
19752
10648
8790
11320
45597
23318
25387
34836
14623
26480
43544
38176
52545
18824
40744
2093
48776
35719
5737
11920
1439
30939
3198
50247
8986
43874
17699
20517
8265
4198
41430
51835
23570
47131
40413
7337
5845
32067
14591
27895
46015
tourism=picnic_site
101
28493
3843
2791
49948
1274
11616
2312
39566
2497
39112
29222
33992
32364
2668
36533
47668
14966
29081
13451
47558
7161
24389
29776
13633
8204
48492
8336
10986
41800
45545
7742
30842
28536
1800
10087
15490
6777
33943
2825
49748
16949
14257
33113
24046
31491
52478
1947
41677
44262
39787
9841
5051
16586
12670
43973
43966
49806
50067
22182
17262
6664
979
22276
28767
33034
41707
25654
53532
5656
26688
37526
9286
26213
33972
30434
4253
16719
45179
53425
15774
75
34008
36953
49932
49142
48848
6417
46348
27719
33252
43870
8080
35507
13959
38298
5794
22730
33869
865
45821
579
tourism=artwork
101
23676
36988
40282
42481
34375
33441
13954
49347
7230
9326
49695
24039
1001
36105
32713
28577
8517
27157
1979
37587
3664
35157
8377
21705
26784
47706
45399
34565
4274
8419
27665
51170
15631
51584
22118
49049
46251
46120
25266
34070
26034
3305
9120
42985
25652
25844
31433
10848
32136
11659
21445
9735
6814
3320
48047
51556
38256
1851
41665
27227
45357
45963
30150
53600
8953
33562
14715
16865
1171
3313
16924
41547
38681
50285
26836
2974
26075
8469
20280
28000
962
21349
20788
22566
52272
25969
37212
52538
52807
10492
7299
13309
9257
12287
224
45996
651
13409
21253
20692
49
tourism=camp_site
101
40583
17070
31636
22349
22535
32396
408
47516
50678
39234
34996
24404
8020
42677
27573
40269
34053
29344
1537
32637
44194
42090
27630
21245
36211
32256
17473
37296
22372
12848
22975
27965
9855
30418
25322
40703
10810
49031
33440
37876
4575
19131
27361
1918
38581
9017
17490
38152
50904
15953
37081
48185
22083
21598
943
7387
37781
46040
52925
49518
52957
46458
32901
22523
12020
52259
3680
32302
6843
49459
46023
19895
48844
13807
50116
33078
10482
24581
16689
34589
47856
15292
26062
21996
48012
23348
19325
41751
5614
4919
5198
8605
43084
18129
53018
25954
10791
4331
6590
15574
16267
tourism=museum
101
16578
32697
28111
11793
16862
25964
49487
49833
29809
3021
23975
34350
48190
24899
47690
15559
2078
40344
37739
16262
35303
3711
14441
50564
20763
44615
22575
27956
17509
15276
13093
4037
37722
22701
38706
6668
53354
36180
26502
4112
19322
51198
51313
14028
48453
36138
48481
14339
34100
18863
41745
20772
43466
15544
28203
28259
38782
44384
3372
5167
7955
15430
25049
4939
17399
34004
33761
13498
6742
23909
20642
2923
23885
46702
43741
18554
3206
20434
21492
16565
39081
11811
5904
42410
47185
19534
34815
18111
602
19967
2330
24874
8296
31218
53536
24501
42100
31611
51274
19190
24502
tourism=*
101
301
30975
22806
36034
47229
18588
51044
10987
33432
22772
43332
38902
27252
17312
30864
563
52211
34248
20720
16349
41032
34787
34627
21323
26350
18927
22842
28854
39542
4868
30675
22217
4382
22050
47453
48566
25115
50475
30000
26325
13319
53240
13993
51557
5669
30690
2784
36272
30551
24402
43364
35425
42578
35571
53568
23188
39561
27449
23462
25804
1683
33649
8152
6341
27191
37284
2908
29857
820
5977
52514
29151
48245
2638
46835
17823
19880
53445
6931
49384
53107
32032
10788
13806
44507
6919
9295
577
25318
32058
212
1431
19959
32693
31371
35657
52227
21055
16157
31042
14913