9
cycleway=shared_lane
32
26020490
356802961
1110673554
26020372
1131574805
1272483354
1024974618
1110673700
1167473320
1152177578
464755884
26020019
464755892
1271574709
1271574712
1167473336
1330250170
410351548
403629120
336969921
402744130
503706187
428671577
1259871835
1173286498
1274939496
1131574891
100164334
1315892721
458580217
1330250234
390279550
share_taxi=*
32
391647750
403628169
1167473291
1272495248
26019988
1330250522
464755871
464755883
26020012
410364078
1167473326
391276860
458580412
391276866
458580424
1340357451
1131574735
1052277841
100166781
100167766
1052278361
503706331
1271614048
1030853220
1274911973
1167473381
392954599
100167784
100164336
384987376
336969969
403626877
cycleway=share_busway
32
503706242
1068433667
1131574793
336969876
100167189
888393497
1330250394
392953383
1103236649
464755882
1272143787
1131574699
336969642
410351544
26020028
1330637251
383981892
457547001
719013701
1330250184
330341455
1341967695
1232540753
392954090
1271600879
1232229617
457553780
687060342
100167801
404735100
392953854
392953855
route=share_taxi
32
1274939524
1272158093
402740877
1330646809
1330250140
1103236639
503706274
998240290
1272483364
464757284
1108247078
330341309
404737853
26020032
464755782
1272500935
456863180
336969936
1330250448
1271614545
1112967129
456854748
384987357
464755680
428671589
464755818
1330648427
1272466678
391649015
404735096
392954109
1315887613
amenity=boat_sharing
32
1242340738
1024974724
1315887624
1052276617
1330250248
1237293065
390067351
687060505
100168474
1103908514
464762406
701175083
1131574830
1173286451
1232540723
1052277823
1131574853
383981895
503706311
26058956
1330250317
1330250331
391276638
1131574756
26020326
457553773
1131574769
1330648436
410351733
1271600890
1272151550
100168447
amenity=car_sharing
32
1131574657
1330213770
719013643
1271616020
1110673689
506987290
1131574811
1284646428
503706269
1103908511
385014564
1108247078
503706156
26020346
392953908
385013706
403629525
1271613782
391276636
1131574878
687060322
392953955
1330250083
100174564
384987364
356802791
100167784
1052277738
392954602
100166774
1272495226
1103236606
amenity=car_rental
32
336969984
26020358
457547153
100167192
458580377
1284646426
390280988
1103236649
1103430954
100174633
410351789
384987437
503706161
410351796
330341308
998240447
1315892682
1110318544
1131574742
464755799
391276633
1131574748
1272498909
410351197
100167778
26020322
687060324
1274939491
687028331
1272495223
1330250234
402743291
amenity=car_pooling
32
1272158083
506299923
1024974618
1237293084
718791580
1103430947
464755878
464755881
1330250156
1341967283
410351797
464757307
503706301
503706175
1330651073
530789058
1315892673
482743762
1030913365
456854745
1315886938
1340357473
428671589
1272468968
1274939502
1330648433
1068433652
1110350199
1271612666
456863227
402749052
530710654
amenity=bicycle_rental
32
1330213763
1131574797
100167698
1272483354
1110673693
1052277156
503706277
1272483368
1103236648
1131574698
336969904
1110673723
390064891
1330250176
26018633
1232569161
1110318544
503706321
1024974804
457547477
1274939488
1330250081
100174564
503706213
100167784
100174570
689479789
1271600878
1274939507
457546997
100166776
404737659