9
amenity=waste_basket
32
404735493
1104600967
1272495246
1330651028
1110673434
1052276253
1030913309
464757286
404735527
392953383
1272143787
410351537
26018615
1103908535
404737858
456854729
624265161
383982411
336969932
336969805
1330250319
403629523
1272470997
100167766
100168405
1272146136
1131574885
1272499430
1330250215
701169135
457547386
1242340735
amenity=recycling
32
1272432640
404735107
1327589133
1024974480
1330213780
503706263
1272483351
719013787
503706269
403618722
1330646819
1131574698
385015087
1110673712
701134654
1131574849
1259871812
1131574854
534833610
1131574868
100166749
1340357470
356802781
391276637
1030913250
26020323
1131574759
392954088
399765481
457553770
1271611631
1280631295
amenity=waste_disposal
32
458580224
1110673667
1024974724
503706249
456863242
1271616015
1112966929
534823190
1131574681
391284761
1103236645
464757287
506297905
26020026
100166204
404737853
503706305
26020033
403629123
689479626
1112967246
1173286487
624293465
336969956
1103236585
100174571
410364012
1330250233
1131574897
352646772
718771576
1330213753
bin=*
32
336969728
1280631299
1274939524
534823167
391647750
1104600968
391648522
1271616018
1271616020
390280982
336969885
464755870
503706148
1330250279
356802857
404737852
402744124
1131574723
1167473359
558603989
1131574871
1315892696
392953689
1173286490
1340357470
888393441
1330250478
701169136
1315892720
100167797
404735098
1104600959
landuse=landfill
32
1315887616
534789255
403628171
1272462354
26020372
1272462356
1284646423
1330213784
403618076
1271616033
1103430949
410364071
100174633
506297908
1272483381
503706167
1272500924
998240447
1052277827
503706313
689479626
1330651098
391647836
456970728
1103236585
402746347
1274939502
701089653
26058744
26058745
100168445
390279550
recycling_type=container
32
26020482
534789257
1274939530
1024974735
1271588756
464757269
1272483356
100165916
410364066
534823202
403618724
464762408
1330250158
1110673713
701198772
689479604
404737853
1330637248
26018625
457555653
100168405
1030913242
687028325
392954598
1232229607
1103236587
1330250350
1271600879
392954109
26020476
1315887613
391276926
recycling_type=centre
32
1272150657
404735108
1232229636
534789258
456863242
1272462356
390064918
100167703
26019999
1271616032
503706153
336969904
1272140731
336970045
457546942
1330250178
464755779
336970052
530710610
1052276819
1052277463
1272498915
458580327
503706215
1330250091
402744302
1131574895
404737267
410351734
26020343
1232665852
1272151549
amenity=waste_transfer_station
32
100168448
336969993
534789259
26019979
100165909
404737176
1032260764
100165916
1330250269
1110354853
1271574695
1167473320
26020012
1330250412
1131574706
1237293498
1105969470
410351552
1330250311
1231315144
718791373
482743758
1271613782
1110673497
456854748
1030926687
385013604
428671589
402744299
1024974577
1330250483
356803188
waste=*
32
1131574793
1272158094
719013779
1330213784
689479578
1330651038
1327589151
464757307
464755773
1103908542
26058944
1052276547
1272500935
1024974670
26018639
339535444
457547477
1274939478
403629527
1274939484
1131574878
100166626
1330250341
1271610600
503706219
385008876
390067184
1330250352
349949425
390064888
1274939516
1271612669