10
tourism=information
32
1330213769
391647754
503706141
403618724
1110673448
26020010
503706288
482743731
1330250548
330341300
1315892664
1024974392
1131574853
1272500941
503706190
1131574862
1274939476
998240478
384987359
994137950
1110673636
1131574757
399764071
503706223
1030926704
404734193
385013747
1131574772
100166774
503706230
1272503549
404735102
tourism=hotel
32
1272150657
1272140552
356803090
814271641
1052276256
1103908516
1167473321
385009962
1272483370
624265133
458580276
503706294
701198775
1103430966
503706171
998240321
1271603160
339535452
1030926711
1074045151
1110673639
1272468968
410364012
814271597
1271600876
1068433659
410351731
402749046
391649015
100164344
464755835
100166781
tourism=attraction
32
1131574786
384987400
1103908499
1052277653
503706141
1103908509
1030913309
1330646813
1232569122
1103236642
1108247078
1272462375
464755757
1330250158
1330250548
392954442
1315886923
1272495228
1272500947
1131574869
1232662997
1167473367
558603991
1272146135
391647836
1131574880
1271614048
1330250086
385013744
503706233
503706235
336969980
tourism=viewpoint
32
534823168
1068433668
534823173
1271616011
1272495244
1131574671
26019990
1110673687
410364071
464755752
26020010
1103430961
410351794
1110354869
385015093
503706302
1052276547
1315886921
356802770
503706196
503706325
458580443
1167473371
1271614047
399765472
998195295
26058727
26058739
1068433654
457553785
1103236602
392953852
tourism=guest_house
32
1052276743
26020488
719013643
1103236619
1231360281
701002139
1330646815
464757286
1110673709
1271574703
482743730
482743732
100168759
1330637239
402747707
390067138
1315886917
1259871826
503706195
100166749
998240226
687028323
1330648420
403629927
1173286506
336969964
1274939504
390064498
1274939507
390279667
1068433654
1068433661
tourism=picnic_site
32
503706241
1232229634
534823171
1330250120
356802831
336969753
1271612669
464755869
1052277411
403618724
1330646822
391648551
392953383
1167473328
1315892670
402744127
403629118
410351551
994137675
1280629075
1131574870
1274939478
458580443
392953691
456863207
1131574889
994138090
1207551470
1131574769
1103236593
1237295860
1272151549
tourism=artwork
32
464755842
1103908487
1131574797
718791567
1330213779
1103908499
100174745
464755867
1052278300
1284646430
457547432
26020017
410351538
1272495223
1272466679
385011776
391276867
1131574723
1330651075
100168778
100167761
1136514773
392954326
1330250073
399764062
464755686
503706214
1271600876
336969964
457553773
390067184
392953847
tourism=camp_site
32
100168453
391647752
457547146
1330250124
1231360275
390064918
503706263
404737176
503706143
385010595
336969894
410364074
464762411
336970030
719013678
464755769
1052276665
336969657
1330651071
1330637249
1330250310
100168392
1052278089
1074045138
392953689
1271602269
1030913253
1131574761
624265200
1110673659
456863228
1024974463
tourism=museum
32
534823173
1131574795
534789260
1052277653
1330250523
1052278300
503706143
391648546
1330250275
1167473316
1284590501
464755757
404737850
1272500923
390067136
503706183
1330250057
1315892682
100168778
503706321
1330250328
100167768
428671578
1131574757
687028329
392954090
26058731
1330250356
1232229621
1242340724
26058750
1052276478
tourism=*
32
464758656
464758657
26058753
1104600961
687060480
390279552
1330213770
403626650
1330651042
1103236642
1103430948
1272483369
410351791
718791599
26020018
100168756
1024974392
1315892668
457516994
100168773
336969799
265801162
384987364
687028325
26058729
26058732
1330250224
1131574769
457553782
1274924406
1274924408
100164346