16
building=warehouse
32
26020482
404735107
464757258
385013521
503706257
1330213778
1271616019
1052277912
458580377
1340357530
1131574681
534823196
1271616031
994136619
457560240
1052276666
1108247104
998240321
1108247117
1280629075
1271614547
1272500947
26018648
1284648674
687028323
1330648420
399764071
1271610599
1330648436
392953847
534823160
503706236
industrial=warehouse
32
1104600965
456863241
506299915
1103908491
403618076
1271616028
1103430948
464762408
385009963
410364076
1024974638
336970038
1131574843
385011004
1330651072
404737856
456854729
1232569170
503706195
998240341
1330651098
1330651099
1110673631
701015399
1272499432
1271610601
402744302
1024974830
390064495
558604019
506296060
390279549
landuse=industrial
32
464755842
534823173
402740872
384987410
392954389
1237293080
1271574687
1330646819
1110673705
1327589163
1110673711
503706160
410351542
26020027
402747707
1052276542
1052277825
457516996
100166216
456854729
464757324
503706188
534789207
1330651099
1330638816
503706213
1272499430
1232229611
1232229613
26058738
456863222
1330250233
amenity=loading_dock
32
503706254
1340357527
26019992
1237293080
1167473316
503706149
1330250157
1131574833
503706164
998240570
26018620
330341310
1330637246
390067649
1330637251
1052277827
1330637254
998240337
1024974809
391276633
1274931548
1340357470
26020319
1237291488
1103236577
1131574880
100174569
1315892714
100174571
26018673
404735474
1272495223
shop=department_store
32
458580353
1112966917
391649015
1315891218
1052276627
1330646807
1110673571
1280624167
1330250158
330341306
1271574715
385011004
100168513
456863223
1330250572
1131574865
687060562
1112967251
329971158
1068433655
26020319
998194785
26020323
100174565
506348133
558604015
1110673519
998194419
390064887
404735096
100164346
1110673532
shop=variety_store
32
1131574657
1330250246
1068433670
1052278157
410351381
1340357533
336969639
503706154
1131574700
1131574832
1327589168
719014070
1280746550
1259871802
1330250554
1315892668
403629118
336969801
100168394
456863180
1271609167
392954323
1030913246
1274911973
1242340713
503706219
349946476
457553772
1330250483
1131574772
1068433653
399765494
shop=supermarket
32
1052276738
888393347
26020484
458580228
1131574795
998194828
687060501
336969879
1167473306
1272483356
1330651042
1272483362
1103236644
1103908523
1131574831
410351546
1074045115
391648192
1330250312
503706189
503706318
336969679
1315892685
1271614545
1110673490
687060563
392954323
1330651099
534789211
26058731
1274939502
1340357498
shop=doityourself
32
998240512
458580228
384987397
404735110
26020374
403626647
1231360281
410364067
1131574829
26018618
814271803
26058942
503706304
457547337
1330250442
457547090
558603989
1271603159
1232229592
1110673624
1052277595
1131574747
26020319
687060322
392953699
1340357477
558604019
100167797
336969973
534823160
464762365
1110673535
shop=convenience
32
534789259
392954389
26019991
687060505
503706265
403626649
403618722
391648549
1271574694
1272462386
26058941
998240577
336970052
404737860
1052278089
1131574730
1131574859
336970058
1330250317
1280629078
1271603160
1237291486
1330250086
1232540776
1103236587
1232229613
1052278388
1327589110
404735351
1274939514
100167805
534823167
shop=clothes
32
687060480
26020484
26019979
1330250124
503706257
1271616026
1131574811
1271616033
689479589
1330651052
1327589165
1271574702
1110354869
506297910
1259871802
1110673473
392954308
1032260679
1131574857
1315892685
1330250190
1131574735
998195415
687060569
458580443
392953955
457546981
1330250233
464755697
336969591
1271600889
687060478
shop=hardware
32
534823169
1242340738
404737171
336969876
1271616021
1232229628
1103908516
1330250276
1284590501
410351542
1330250166
1110673720
1330250174
339535423
1330651073
1315886917
383981895
336970064
503706323
100168408
1131574748
1330250083
506348131
457553766
403629928
1131574761
26058729
814271597
404735346
26020341
687060341
404735100
shop=furniture
32
1110673668
1232229636
392954253
1024974735
1330213775
1110673552
687060501
26019992
1271574686
385009959
506297895
1280624169
385009961
410364076
503706161
1110673586
1052276403
26020022
464757307
336970049
994137675
482743758
1074045138
1232665819
1131574881
503706211
1232229605
399764071
506296039
1131574771
404735094
100166781
shop=electronics
32
1112967171
1330250117
384987400
687028368
26019986
1052277398
403626649
1272495259
100168476
1330646819
391648548
410364067
404735527
457560238
1173286451
1340357557
1330250296
1271609164
392953848
26018648
1131574873
503706206
503706235
392953703
1103236585
1103236586
1315892721
1271611635
1242340724
100164344
1110673659
1315887613
shop=mobile_phone
32
1242340738
1330213766
1272140552
100167689
1104600972
1030913296
336969872
399762069
1110673557
719013787
503706148
1024974758
1330646823
385009960
1330250284
385009965
100174638
100168753
1131574710
410351549
1052277823
1330250313
391647836
464755810
26058728
1103236590
1271611633
1131574898
1103236598
718771576
1131574777
390064892
shop=shoes
32
464758657
1315887618
1280631300
1330213768
403626891
1052276621
392954255
100167700
26018452
1330250132
1284646427
534823201
503706273
26020002
1103236644
1110673702
457547435
464755757
464757307
1271574717
1330250564
1131574855
1272500939
503706329
1330250341
391277670
1330250219
457553771
701169135
689479794
1274939510
410351739
shop=alcohol
32
1112967171
100168457
1330250253
100168468
100174743
1272432539
391648544
1110354851
404735527
1330250414
1024974638
1271574703
1272462385
503706161
1280746551
403629113
503706298
391276861
410351552
26018629
100168392
1131574739
998195415
391647839
1103236576
392953955
402746348
1330648429
457553772
1271611631
402744302
1232540788