8
amenity=school
32
403628172
1272158093
457553806
701089656
1110673687
404737176
1271616029
1110673693
503706274
1271574693
719014070
1330250169
1271574715
458580283
100168767
503706176
464755779
1274924408
503706317
482743765
1280615257
689479800
1315892705
100174570
26058730
1330648429
390064495
385013745
1271611635
1052276600
1271612669
1280631294
building=school
32
998240512
503706240
26020356
534789258
26020490
1327589130
1052277264
624265235
1271616022
1237293081
464757289
1167473321
1330250414
410351793
100165429
1110673720
1131574723
624265161
100168394
100168779
998240218
1315892701
1330638819
391277672
457553771
384987373
1330648430
701169137
1131574900
1271612666
100168443
624265213
amenity=driving_school
32
392954112
1104600961
1330250116
1068433670
336969735
1330250120
1103100937
506299913
26020363
404735112
1167473294
1330213779
100167706
1103236649
26020012
391276720
503706290
994136501
503706169
1330637246
1271592766
1272146126
994137806
384987349
1330250328
26018648
1052276827
1284635486
1284648672
1068433650
687028342
457553786
school=*
32
1068433669
403628170
1110673419
464755867
402741788
1271616033
1030945314
1103236645
1330250540
1315892664
464757304
1052276665
1167473348
1330250567
1231315144
687060563
1232229588
1274931546
26018652
701143519
1103236580
503706213
100174566
1271610598
457553774
1103236593
1330250483
383981556
26058746
402743291
1242340733
534823166
amenity=music_school
32
26020352
1330250364
26020486
1274939529
1330213770
1272158091
390064918
1074045086
1272495264
1330646819
457547432
1272475184
1131574706
1131574710
410351543
410351545
403629122
1131574851
464755782
701048781
1131574862
457547090
1330250330
26020314
385013604
1131574760
1330250091
385008881
530710644
100167797
1330213753
1274939516
amenity=language_school
32
1327589130
410351379
1330646811
336969888
384987429
100167730
506297907
1074045116
1173241149
998240444
390067136
1242340730
1315892687
410363860
1167473367
1272146139
1052277595
1237291488
1330638818
534789222
1032260714
1330250219
464755691
1131574893
1110673644
1032260719
1330250480
1032260725
402749046
534823161
1271600890
503706237
amenity=dancing_school
32
1330250243
404735491
534789255
998194828
457553807
329971216
385013522
1131574804
1052276983
399766684
1330646819
1131574699
1330651052
1330250418
100165429
1173241149
356803009
1167473347
456863171
1103430984
503706314
1232540753
506348129
399764071
1272498920
506348141
1330250351
26058735
687060339
701089654
336969591
390064888
amenity=ski_school
32
1315887618
26020484
1237293063
1103236621
1330651028
457515544
403626649
1271574693
1272462373
1112966963
1272475188
1259871802
718771775
1173286475
689479630
336969936
994138456
1280629080
1274911962
1232665819
100166745
391276637
1272498911
26020326
1242340711
456854763
402746347
26018671
385013746
503706233
998195195
1052277374