4
healthcare=*
32
1103236608
404735107
26020484
404735497
336969743
814271646
814271775
1052276387
1110354855
464755757
336969777
1280618803
814271414
1330250554
404737855
1110673731
336970060
1274939475
998195415
1052277463
384987361
1274939496
464757240
1272432618
1232665838
687060335
352646771
456863223
718771576
1068433657
534823163
1315887614
healthcare:speciality=*
32
1280631297
100165890
1068433670
410351375
1330250129
403626648
689479578
1272483356
1167473316
392953383
1330250159
1330250292
457555650
100168771
1052277827
1131574853
503706183
26058955
1271609165
1272470997
998240342
534789207
384987351
1330250329
1167473376
1274939492
457553770
1112967276
404735342
1274911984
456863220
457553791
health_facility:type=*
32
1103236611
534823172
1272432647
1112967047
1104600972
100165906
506299924
1330213783
464755736
503706142
1272495267
1272462373
1110673576
1103908524
624265133
994136501
404737855
1108247104
1110673731
530789059
1330250311
100168779
1259871826
339535442
1280629079
1173286498
402746345
1271610602
1112967276
994138221
26058747
1280631295
healthcare=dentist
32
1131574657
1272140550
1330213769
385010072
1103908510
1271616032
503706274
503706149
464757287
1103908520
100168753
1103430966
464755897
1330250169
403629113
26058941
1131574847
336970050
1330250311
1074045138
26018648
1110673624
26020314
1136514783
457553766
503706216
687028329
1110673644
1271611631
464755697
1110673652
1271600887