9
amenity=bank
32
718771713
1052278157
534823183
336969876
503706262
1167473306
390280988
1024974620
100168478
384994723
689479589
1232540721
1052277043
1103430971
457516994
404737859
403627339
336970060
26018635
1315892687
1052276819
1232540756
1232229590
814271447
458580312
1272146138
1330638819
719013731
464755815
456854765
1272158064
1330213755
barrier=hedge_bank
32
1068433664
1330250244
1280631302
391648527
1110673552
100167185
403618078
464755743
1103236646
100174632
410364072
1131574698
1330250283
391648189
503706302
1271592766
336970050
26058950
1108247117
1131574735
503706193
1131574867
1272470998
1274924412
1232229594
1131574890
464755824
994135665
687060338
390064499
392953847
458580220
amenity=financial_advice
32
100168448
1232229636
1110673545
1110673548
534823183
1131574778
1330250136
1052277912
1167473305
385009959
410351784
1280624170
100174634
385015085
1110673731
1131574854
503706190
1032260694
1110673495
356802904
1030926685
1167473378
719013731
1103236579
1052277219
392954602
994138221
399777647
1068433652
1131574902
994137338
392953853
amenity=atm
32
356802820
457547146
1274939530
530710668
1271616021
458580377
1231360281
687060505
385010593
410364068
1271574693
1284590501
503706280
1110673705
464755752
1272500915
503706295
330341306
503706310
100168519
1315886920
1271594568
1103430990
1272498904
339535452
1271610594
1030945256
456854763
399764079
1272495217
26020338
530710644
office=tax_advisor
32
404735493
1232229639
1110673416
1340357527
1108247084
403629113
26058939
26020027
1173241149
998195262
1052277825
1330250184
1340357451
503706190
336970064
1272148945
336970066
558603989
1173286485
687060568
506348127
1030926711
26020327
1131574887
100167786
503706219
1207551470
410351730
383979511
100168443
457553789
1330250111
government=audit
32
1330250248
1103908488
1272140552
503706260
1340357527
403626648
1340357530
100168478
391284650
1074045111
410351545
718791482
1259871812
385013705
1131574860
1131574736
336969947
1284635483
503706209
1103236580
1330250345
385008876
534789229
1024974830
1032260719
1330250224
1274911984
998240501
1274924406
1272495228
392953853
1272150655
shop=money_lender
32
503706253
1271616016
1103908496
385013521
1167473299
1131574681
1284646428
26020004
966120869
1032260646
410351269
1131574829
1167473335
1330250175
456863173
1272500935
392954442
1110673484
503706190
503706321
1173286485
403629530
385008858
1103236576
1284648676
456970728
1271610602
26058731
392954092
1024974830
1274939506
1068433656
amenity=money_transfer
32
384987394
1330213765
100168457
534789259
457553808
814271386
1052278300
1271616028
100167198
1271616033
1112966823
1024974771
503706294
503706167
1315886917
385013704
1271609163
1272500941
403621204
1167473367
994138460
392953849
998194662
719013735
503706216
503706218
26018669
100174575
457547123
1271612664
1330250361
100167805
shop=moneylender
32
1315887616
1274939530
457553803
503706258
1237293076
457553812
1052277912
503706145
503706147
384987429
336969639
1272483369
1272143787
410364076
506297907
503706164
503706168
1167473343
356803009
265801161
1330250057
403627340
1131574861
1110673490
1271613782
1284648674
1232229605
1103236584
390067180
1131574893
1103236593
503706225