6
vending=parcel_mail_in
32
404735105
403628171
503706255
1103908498
1330213782
390280984
1271612669
402741788
100174629
410351269
1167473317
410351786
1167473332
391276856
998240447
399766336
404737860
100167625
1131574860
1110673490
998240478
503706208
506348133
530710630
1131574760
503706219
1330250352
1131574771
100167797
558604024
1030945276
1315887613
amenity=post_box
32
1340357505
26020359
1232229639
687060490
402740875
329971216
404737171
404737174
1330250272
1103908517
410364074
1272483371
1131574704
1271574704
385015089
1103908533
503706167
1272500923
336969660
100166204
356803009
1232540738
1272500932
1030913221
403627339
1110318544
456854745
457553762
1131574754
1330250227
385013751
464755839
amenity=post_office
32
464757254
1052277514
1103236620
888393497
1284646428
464757281
391648546
410351268
1030945318
1272483367
385014566
336969642
464755760
457560242
410351549
1173286475
1112967246
1136514773
687060566
339535448
1315892702
1315892705
558604003
1110673637
403629927
26058738
391649011
464757242
457547123
1340357498
456863228
1272150653
post_box:type=*
32
26020482
1232229634
26019973
1315887623
1103236624
384987410
1271616020
1131574805
1103908505
1131574823
464762408
1103236650
464755897
402744124
339535426
1271614545
336969938
503706197
1232229590
1030853205
356802910
1110673503
1110673631
888393441
1131574754
1330250211
506348130
392954598
1271600879
534823163
534789236
456863227
post_office=*
32
1104600961
403628168
457553811
1284646419
1103908502
687060502
503706145
1272462370
994136113
1330250554
1271574715
1330651068
100168388
26058955
994137296
1315886929
1131574737
403629524
456863189
534789207
339535448
1272146135
1112967129
701143517
391276638
1271614047
1330250207
1167473381
399777640
404734193
1052276981
1242340729
amenity=post_depot
32
1330213764
1330213768
403628169
506299915
1110673550
687028368
457553813
1030913301
404737175
814271259
503706268
1165384093
1103236644
1271598250
410364075
410351538
482743731
1330250419
339535423
457547327
1315892673
403629122
1032260685
356802770
457547477
456863191
506348137
410364012
26020335
457553781
410351734
352646777