12
building=construction
32
1103236608
1112967047
336969735
1237293065
26020361
391649015
390067729
464755869
503706142
503706273
1330646817
1103908515
1330250283
464762411
1272143788
1167473326
503706167
1330250168
1271592766
26020031
404737858
1103236599
1052278102
1330250198
1030926685
687060324
1112966890
1330250224
1315892721
457547123
1052278388
390064887
construction=*
32
1280621833
1030913290
1131574667
701005198
1330250129
26019988
1330213780
390280986
1110673692
689479583
385009963
1131574710
1110673723
458580283
403629119
410363860
534789205
687060566
391647835
1052277085
456854750
1131574882
428671587
1340357476
687060322
1272498922
391649012
1271611637
404735351
352646776
503706235
687060478
landuse=construction
32
392954113
26058754
1232229636
1032260741
994138118
26019986
457547156
100174743
1284646426
1110673435
1330250524
503706142
1110673705
1103236650
1167473324
1103908537
1131574843
403629115
1330250174
503706305
1272500932
503706313
687060562
503706325
503706199
392953691
1271610594
399764071
1242340711
26058729
1032260725
1274939511
highway=construction
32
534823169
1237293063
1052277640
1271616019
1052276628
1330250132
410351382
1272483354
1330250522
503706161
503706163
701134648
410351549
100168767
1232540738
399766339
1271594565
1131574854
1131574853
1131574856
1272146122
1274939478
1167473366
1052276827
1340357474
1330638818
1131574885
687060340
391649013
1280621814
998195195
1274924412
amenity=restaurant
32
390279553
1068433669
1232229639
534823182
457553810
1340357524
100174747
1330646812
385010589
1103908522
994136619
1341966128
390067634
1280618803
457547315
998240570
410351554
1131574861
482743759
1242340692
391277666
384987364
1103236606
719013735
1330250088
1271600877
1131574772
1340357494
1110673659
390064892
701002110
699260287
amenity=cafe
32
1103236616
100165898
392954253
336969872
503706262
404737179
100168476
464762365
624265125
1032260646
1103236647
1024974758
624265133
1167473326
1103908527
457560239
1103908537
404737850
1330637244
26058951
1274939484
410351197
1315892702
391276638
1274939488
1110673508
1131574756
391277671
1110673514
26020337
26058749
392954109
amenity=fast_food
32
391647750
26020367
356803090
26019989
399766684
1165384093
1131574685
391648548
503706157
464755890
391648189
1271592766
410351554
390067146
1030913228
336969805
1074045138
392954323
1330250068
530710613
1271613782
1232569171
399764051
385008858
26058746
464757228
356803182
1272432634
1272151547
464755708
464757245
1104600959
amenity=bank
32
457547144
1207551499
1327589141
687060504
1052277661
1271574693
410351793
410351797
1330250296
391276860
1173241149
391651518
1330250311
1280629575
100166216
482743755
1271614545
1232229588
391276631
403629530
457553764
1110673508
399765481
26058733
689479789
503706223
457553781
349975927
701089658
399765499
1242340733
1104600958
amenity=pharmacy
32
1110673668
404735111
391647752
687028368
1131574674
503706260
1330213782
1284646430
1330250274
503706146
1030945317
1131574826
701134642
1272462388
330341303
404737850
1167473348
1280749272
503706201
1330250459
1330250463
1232229607
530710631
1103236584
457553770
402746348
100165872
385008885
404735094
392953719
457553785
1110673533
amenity=bar
32
1272150657
1330250243
1330213767
1103908487
1103236619
1315891217
26020372
1131574677
1024974618
689479579
503706269
464757289
336970030
336969914
1272500923
26020028
26020031
1232540740
503706182
457547337
1315892683
701048781
1131574866
1136514773
26020313
1232663008
1330638816
1330250224
534823158
100164346
701191163
464762364
amenity=pub
32
26020486
404735098
457547146
457553808
1052277264
392954258
506299923
998195091
1167473317
503706157
1131574704
503706162
1272462387
336969657
1167473350
336969801
1167473361
457547347
719013724
1052277085
1131574885
26020326
384987367
530710632
1242340718
998240501
1274939511
534823161
1030945274
1274924411
402749052
503706238
landuse=commercial
32
26058753
1272495237
1103100937
404735113
1271600889
100167706
1074045091
100165425
1272483382
1024974783
814271426
26058948
1341967695
390280658
339535444
624293465
1259871835
339535452
399765472
1032260705
1272498914
26020323
503706213
385008870
998240232
392954603
390280427
558604015
1052276981
458580214
687028345
390064890