20
railway=subway
32
1330250370
998195336
1272432651
1272495248
1330250385
1231360275
1237293076
1284646427
1131574701
100168763
385011004
26018622
1052277823
403629121
998240577
1315892675
385008712
1315886922
1259871826
26018644
1330648415
1315892704
330341607
719013735
392954601
1330648427
26058732
998240237
456970732
1232229613
1030926708
1103236602
railway=subway_entrance
32
100165888
1242340738
26019975
356802831
392954389
1330646806
392954393
1271616028
1271616029
100167197
391648547
356803111
100167213
1340357551
458580275
718791489
1024974669
100167761
356802770
1052278367
384987364
687028329
392954090
1280613099
404735342
994137583
1272466678
457547001
687060474
392954109
403626878
392954111
subway=*
32
1052276738
336969863
26020361
1110673546
391648529
1231360277
100167703
1103908504
404737179
1110673435
1103236641
689479587
336969764
1103236645
1103236647
503706280
1103908522
1327589168
701134642
402744122
458580412
1330250174
503706182
1330637255
1271613782
428671576
1272498914
1272498915
100174564
1167473383
506348137
1274939507
station=subway
32
534823168
1024974724
336969990
404735110
503706254
1330646803
1327589141
503706147
410364078
1112966963
1131574841
814271354
390067649
391276867
503706185
482743757
1167473361
403629524
1232229588
457553750
336970069
1167473371
410351197
998240226
330341607
1330250352
404735349
534823158
1052276983
1340357496
1340357498
1110673533
public_transport=platform
32
391647753
1272432651
1330213772
392954254
503706255
994137873
100167700
1271616026
534823197
1110354851
410351269
410351270
385009959
464755754
26020020
1330250302
1167473347
1052278089
100168779
1167473358
558603987
1131574867
1330651098
1167473371
391647835
456970730
100174570
1330250225
1068433650
687028343
1242340733
534823166
railway=station
32
503706243
1272140551
402740872
1110673550
457553811
1272483349
1131574807
1330651033
100174630
1110354858
410351796
1330250167
1110673720
391276867
402744134
701048776
100168522
503706191
1074045138
399764051
1052278361
356802781
1274931550
1110673632
456854752
399764068
719013735
1112966890
402746347
1110673651
1110673532
391276926
building=train_station
32
1330250243
1280631299
1330250500
1272140552
718791567
26018452
404737174
1103908505
1103236636
503706140
1272483364
457547432
1103908524
1330250545
1112966842
1272500924
26020028
503706174
1330250179
336969801
719013708
689479630
1315886935
1232540764
1330250211
687060324
701169134
26020340
1052276981
392953846
464762363
457553791
highway=bus_stop
32
458580224
1280631300
1315887622
1068433670
1274939529
687060489
410351380
336969627
1330250278
384987432
100174633
336970026
410364076
26020345
1271574717
1315892670
1167473343
26018629
1330250054
1232540753
1271614547
1330651092
1110673497
1237291486
1131574882
506348133
1110673637
404735094
26020342
391649017
391276925
392953599
bus=*
32
1315887620
403628172
1167473302
1030913309
1032260646
1280624169
457547060
814271803
1272500924
391276864
26020033
456854726
336969799
458580424
1167473359
356803026
100168405
391276631
26020313
1167473369
100168410
1330250083
1110673508
1330638820
1131574889
26058731
457553772
457547116
1030945263
457553782
390279549
1052277374
route=bus
32
718771713
464755847
1330213778
1231360275
1131574804
1237293081
506987290
457547291
336969639
1110673586
1110673715
404737855
1330637249
391276866
1167473355
503706320
701048785
339535444
998194781
1284648672
464755812
26018663
399764071
506348137
399777640
1232229613
1274939504
1103236593
998194419
1330213754
356802811
1280631294
amenity=bus_station
32
336969728
1104600961
888393347
534823172
26020484
1052277640
1131574671
1271616022
814271641
100168476
26020002
356802857
336969772
1052276271
506297907
26020032
1272500930
1231315148
1103430989
998240337
1259871826
1232229594
356802910
998195295
1167473376
1103236582
1272144876
1274939502
391649013
1284629880
391276925
1280631295
train=*
32
1330250251
352646776
100165902
100167706
100165916
1052276253
1032260644
1280624167
1131574825
1103430971
998240444
410351549
1271574718
1330637248
457516993
503706306
403629123
100166213
1131574871
1315886935
1242340707
399764071
1232540776
1131574887
1103236585
1110673643
1131574898
687060342
1327589112
701089658
1131574780
1242340735
bicycle=*
32
356802820
534823173
534789255
336969993
503706251
1271616015
1052276628
1272483353
1110673448
464755883
26020012
1024974636
1131574704
336970034
503706294
390067648
410351553
402744130
482743760
1330250198
1274931543
384987354
1131574747
719013724
1330651101
503706211
385013092
1315892712
1110350195
687060342
1272495223
503706238
amenity=bicycle_parking
32
1104600965
1104600967
336969735
1103430932
1103236634
1110673434
403618078
385010590
1103430949
464762406
1024974758
385009969
503706163
404737850
26018622
26020034
1330250178
503706180
1330250312
1330638819
1271610597
998194662
1167473383
1131574889
503706218
1131574893
457553774
1330250224
391649012
392953848
100164221
534823166
bicycle_parking=*
32
404735105
1068433666
1232229636
994138118
100165899
384987410
1272495264
457547298
1272143788
624265133
1272500917
1271574710
330341305
26058946
26058952
26019656
100168522
1272500938
1272500941
26018637
701048788
814271447
1032260702
1074045151
1131574878
1271610596
402746348
1131574769
464755701
1272466678
1110673527
1110673533
amenity=bicycle_rental
32
399765504
1110673667
534789258
390067339
1272158093
701005198
1167473296
1271616020
1237293078
100165913
391648546
1110354855
998194997
814271803
1330250175
336970050
689479626
1272146123
336969676
1232665852
329971158
998195415
701143517
399765472
392954088
503706219
1112967276
100174576
383981554
1068433656
404735100
392953854
aeroway=taxiway
32
1330250116
1274939529
998194828
402740109
503706255
457553783
1024974735
410351380
1231360277
356802837
1272483351
1030945311
1330651039
1272483364
464755879
391284648
719013678
464757296
503706289
1272483381
1330250296
998240447
456854723
100168390
1271609167
503706321
1110673490
718791649
1173241186
384987364
26058729
1110350199
amenity=taxi
32
390279553
1271616022
998195484
1237293049
464757278
1052276387
1272483366
1327589163
410351789
1232540721
1167473333
1330213753
26020028
100168387
1271594567
1259871823
1315886929
392954323
403629523
534789206
1280749272
100168408
1110673626
100168410
1330651101
391276639
26020332
390064495
410351731
1131574900
391649017
26058750
taxi=*
32
1272150657
26020354
404735109
1330250375
1330250121
1330213770
457553807
403626649
464755743
1103908513
1052277411
1272462376
1272483370
100168747
1272475192
392954442
482743755
1271614545
1274939476
1110673622
1271613785
1272498912
1167473376
26020322
1024974440
1330250345
100168429
1330648433
1052278388
404735097
994137338
464755839
share_taxi=*
32
336969993
100165904
1271616022
1330250523
1030945311
26020007
410351794
1110673533
1110673720
26018620
1052276542
1052277823
1330250310
503706185
1330250570
383981899
457555657
1341967697
1131574868
1330250069
1280629078
385008870
330341607
399764071
457553770
457553771
100167786
392953846
26020472
384987387
100167805
534823166