291
3
1274592773
1274592728
1274592734
19
1274592730
1274575136
1274575117
1274575125
1274575144
1274575192
1274575115
1274575112
1274575172
1274575174
1274575193
1274575128
1274575182
1274575196
1274575132
1274575179
1274575181
1274575147
1274592755
11
1235787132
1235787235
1235787171
1235787138
1235787195
1235787220
1235787237
1235787218
1235787129
1235787229
1235787179
162
655308591
655308590
269562183
655308589
279101194
280202601
280202660
280202568
279101042
279101044
279101045
1334063740
1334063742
1334063741
899203246
500657479
899203264
899203248
500657435
500657430
500657423
500657418
500657470
500657398
500657390
500657359
500657347
500657332
279101046
279101047
279101048
279101049
899203236
1106228264
899203232
280202687
280202570
280202572
899203260
899203220
280202108
269562275
269562177
269562178
500157052
500157060
500157069
500157076
500157099
500157106
279907211
279907207
279907210
279907205
279907202
279907201
500424243
500424237
500424198
500424317
500424322
500424329
500424338
500424348
500424356
500424380
500424391
500424400
500424408
500424415
500424421
500424427
500424432
500424435
500424452
500157170
500157161
1106228255
500157142
500157136
500157130
500157124
500157118
1106138277
1106138292
500424017
500424027
500424036
500424052
500424063
500424068
500424072
500157114
500657859
500657866
1152888277
1152888268
1152888263
1152888246
1152888168
1152888185
1152888187
1152888189
1152888192
1152888195
1152888237
1152888231
1152888503
1152888495
1152888477
1152888443
1152888435
1152888430
1152888419
1152888408
1152888403
1152888398
1152888227
1152888225
1152888220
1152888372
1152888367
1152888363
1152888359
500657874
500657882
500657888
269562179
269562180
279101872
279101873
279101875
899203259
899203279
899203275
899203229
899203262
899203251
899203231
899203244
899203261
899203263
899203239
899203250
899203253
899203276
899203245
899203267
269562186
412318719
412318718
412318717
1235787120
1235787232
1235787202
1235787142
1235787157
1235787198
1235787162
1235787213
1235787130
1235787118
10
1235787111
1235787209
1235787146
1235787181
1235787230
1235787133
1235787211
1235787145
1235787187
1235787116
3
1235787226
1235787114
1235787161
6
1235787221
1235787164
1235787121
1235787210
1235787143
1235787168
6
1235787191
1235787185
1235787135
1235787153
1235787141
1235787156
3
1235787177
1235787127
1235787176
6
1235787166
1235787126
1235787178
1235787137
1235787158
1235787196
22
288239473
288239486
288239485
288239484
288239469
288239470
288239501
288239502
288239503
288239504
279102328
288239459
288239468
288239465
288239466
431178533
1235787160
431178532
1235787169
288239495
288239494
288239493
3147
792698583
792698592
792698627
792698577
792698569
792698523
292258133
1205022920
1205022751
1205022868
1205022812
1205022828
1205022869
1205022919
1205022821
1160030594
715629475
715629451
242027533
715629520
715629440
715629448
715629469
715629478
242027535
715629463
715629445
1131139601
1131139606
1205022766
1131139609
1205022722
1131139616
1129528135
1129528136
1129528137
1129528138
1129528134
1129528133
1129528128
1129528129
1129528130
1128697725
1205022904
1205022847
1205022798
1205022845
1205022853
1205022866
1205022905
1205022762
1205022746
1205022743
1205022907
1205022772
1182469155
1182469145
1182469149
1182469144
1182469137
1205022900
1205022797
1205022815
1205022764
1205022734
1182469148
1182469152
269533680
1182469151
1182469154
269533659
1182469146
269533673
1182469140
269533672
1182469141
269533671
1182469153
269533670
1182469147
242024323
242027558
242027557
242027555
242027553
1182469138
269533668
1182469139
269532993
269532992
269532991
269532989
269533667
269533666
269533665
242027551
242027549
242027547
1182469142
1182469143
1182469150
242027546
242027545
242027544
242027542
1205026068
242027540
242027539
242027538
242027536
1147948837
1205022747
1205022728
1205022748
1205026071
1147948838
1129572209
1182467574
1182467564
1182467572
1182467576
1182467555
1182467551
1182467552
1182467569
1129572205
1129572204
1182469156
1129572201
1129572198
1129572195
1129572192
1129572188
1129572184
1129572181
1129572179
1129572177
1129572176
1129572174
1129528142
1129876515
1129876517
1129528143
1128697749
1128697751
1128697752
1129478820
1128697753
1129478844
1129478843
1129478840
1129478838
1129478835
1129478833
1129478831
1129478829
1129477981
1129477982
1129477985
1129477986
1129477987
1129477988
1129477989
1128697781
1128697778
1128697763
1128697761
1128697759
1128697756
1128697755
1128697754
1129477983
1129478850
1129478849
1129478845
1129526076
1129526075
1129526074
1129526073
1129526072
1129478819
1128697745
1129478818
1128697743
1128697738
1128697736
1128697731
1129528148
1128697729
1129528131
1129528132
1129528139
1129528141
1129875849
1129875852
1129875854
1129875856
1129875861
1129875863
1131137252
1131137253
1131137254
1131137255
1160030681
1160030669
1160030684
1160030654
1160030687
1160030663
1160030689
1160030692
1160030661
1160030693
1160030665
1160030700
1160030656
1160030702
1160030667
1160030703
1160030659
1182467553
1182467594
1182467577
1182467570
1182467580
1182467590
1182467556
1182467581
1182467579
1182467589
1182467559
1182467567
1182467583
1182467566
1182467593
1182467568
1182467558
1182467565
1182467592
1131139632
1131139630
1131139627
1160030705
1131139626
1131139625
1131139622
1160030706
1160030591
1131139619
1160030583
1129572211
1129572213
1205022817
1205022745
1205022723
1205022725
1205022852
1205022775
1205022899
1205022876
1205022875
242027532
242027530
242027528
242027527
1204992447
1204992377
292258131
1204992367
292258134
1204992347
292258132
1204992366
1204992365
292258135
1204992369
792698580
792698591
293054348
293054340
293054336
293054332
293054328
293054325
293054321
293054316
293054314
293054312
293054311
293054309
293054308
293054306
292715951
1205005782
1205005784
1205005849
1205005860
1205005796
1205005847
1205005916
1205005939
1205005841
1205005787
1205005832
292970242
1205005927
1205005785
292970134
292970130
292716139
1205005858
1205005865
1205005889
1205005768
1205005873
1205005790
1205005807
1205005904
1205005863
1205005843
1205005893
1205005872
1205005868
1205005767
1205005923
292963546
292963555
292963565
292963567
292963569
292963578
292963579
292963580
292963581
292963582
292963583
292963585
292963619
292963623
292716197
1158183943
1158183940
1205005804
1205005913
1205005806
1205005816
1204997171
292716063
292716110
292716047
292716041
292716040
292716039
292716038
292716037
292716036
292716035
292716107
1204997141
292716103
1204997137
292716093
1204997164
1204997145
292716067
1204997175
292716077
292716086
1204997182
292716135
292716134
292716133
292716132
292716131
292716130
292716129
1205005925
292716222
292716210
292716200
292716175
292716191
292716172
1207065526
1207065531
1207065535
1207065551
1207065524
1207065529
1207065510
1207065543
1207065502
1207065514
1207065518
1207065537
1207065530
1207065522
1207065539
1207065505
1207065541
1207065503
1207065512
292963852
292963822
292963765
292963758
292963738
292963730
292963722
1207065516
292963629
292716169
292716179
292716184
292716188
292716203
292716205
292716217
1205005811
292716117
292716116
292716115
292716114
292716113
292716112
1204997173
1204997195
292716064
292716065
292716066
1204997168
1204997179
1204997149
1204997132
1204997144
1204997130
1204997199
1204997189
1204997183
1204997140
1204997178
292716027
1204997161
1209742525
292716024
292716021
292716018
292716015
292716012
292716007
292716004
431367955
431367953
431367948
431367947
431367945
431367957
431367958
431367944
292716000
292715995
293054400
293054397
293054395
293054394
293054392
293054391
293054389
293054386
293054382
293054379
293054375
293054373
293054367
293054362
293054358
293054355
293054351
1129574622
1129574620
1129574619
1209742517
1129574617
1129574615
1209742510
1129574613
1129574612
1129574609
1209742520
1129574606
292715974
292715979
292715980
292715981
292715983
292715994
292715992
292715990
292715989
292715987
292715985
293054430
293054428
293054427
293054422
293054413
293054406
293054404
293054403
293054401
251059197
251059196
251059195
242027517
242027520
242027521
242027523
792698639
792698652
792698562
792698633
792698645
792698552
292258122
1204992336
1204992410
292258137
1204992402
292258130
1204992351
1204992341
792698599
792698590
792698547
792698539
792698625
1204992451
1204992409
1204992390
1204992419
1204992407
1204992337
1204992411
1204992364
1204992412
1204992404
1204992461
1204992362
1204992368
1204992445
1204992426
1204992339
1204992384
1204992446
792698525
792698571
792698579
792698615
792698651
792698607
792698597
792698559
792698545
792698637
792698621
792698589
792698603
792698565
792698549
792698643
792698629
792698593
792698585
792698541
792698529
792698616
292258118
292258119
792698564
792698609
792698543
792698557
792698631
792698536
792698618
792698587
792698531
792698494
792698611
792698601
1204992403
1204992414
1204992389
1204992346
1204992443
1204992425
1204992462
1204992354
1204992352
1204992424
1204992421
1204992428
1204992385
1204992394
1204992344
1204992430
1204992383
1204992388
1204992378
1204992381
1204992405
1204992453
1204992370
1204992442
1204992465
1204992395
1204992432
1204992423
1204992349
1204992357
1207065533
1204992399
1204992355
1204992391
1204992387
1204992408
1204992380
1204992435
1204992332
292963500
1207060885
1207060888
1207060889
292963504
293561798
293561797
293561796
293561795
293561794
293561793
293561792
293561791
293561790
293561789
293561788
293561786
293561785
293561784
293561783
293561782
293561781
293561780
293561778
293561777
293561776
293561775
293561774
293561773
293561772
292959106
292959109
292959147
292959149
292959150
292959153
292959156
130219255
130219256
130219257
419749132
416364575
416364667
419274241
419274240
419274239
419274236
419274235
419274234
419274233
419274232
419274226
419274231
419274230
419274229
419274228
292622820
292622821
292622658
292622657
292622656
292622761
292622760
292622759
292622751
292622738
292622732
292622730
292622729
292622727
292622726
292622725
292622724
292622722
292622720
292622714
292622703
292622700
292622697
292622694
292622692
292622818
292622816
292622685
292622815
292622814
292622652
292622845
292622844
292622454
292622485
292622490
292622579
292622581
292622583
292622584
292622591
292622592
292622593
293057171
293057172
293057173
293057174
293057175
292622594
292622608
742656815
742656722
420782057
278725745
419846263
742656637
742656923
742656702
742656789
742656598
742656866
742657054
742657036
742656803
742656919
742656630
742656881
742656824
742657004
742656755
742656960
742656694
742656974
742656797
742656770
742657017
742656809
742656878
742656619
742656914
742656686
742656777
742657023
742656834
742657065
742656663
742656940
742656728
742656979
742657050
742657009
419846317
742656863
419846300
419846297
419846292
419846282
742656838
419846280
419846272
420782050
420782049
420782056
420782055
420782054
292622612
292622614
292622492
292622494
292622496
292622498
292622500
292622503
292622502
292622327
292622333
742656658
292622338
742656935
292622340
292622341
292622343
292622345
292622351
292622367
292622370
292622456
292622466
292622464
292622462
292782864
292782865
292782866
292782867
292782868
292782869
292782872
292782873
292782874
292782875
292782876
292782847
292782848
292782849
292782850
292782851
292782852
292782886
292782853
292782854
292782855
292782906
292782904
292782856
292782857
292782858
292782859
292782860
292782861
295232752
295232753
295232754
295232756
292355485
1129574572
1129574575
1129574577
708249384
292782774
1306612663
1306612671
1306612664
1306612668
1306612670
293449818
293449816
292622860
295232542
295232541
295232540
295232539
295232538
295232537
292622858
292622267
292622266
292622262
292622258
292622374
292622388
292622404
295232572
295232569
292622413
292622411
292622409
292622407
292622405
292622257
292622256
292622255
292622254
292622253
292622415
292622419
292622427
292622431
1219138413
1219138398
292622856
292622857
292622846
292588883
292622852
292622251
292622252
292622129
292622119
292622118
292622116
292622114
292622113
292622112
292622111
292622198
292622199
292622201
292622203
292622197
292622239
292622238
292622233
292622230
292622223
292622216
292622215
292622211
292622212
292622213
292622214
292622066
292622063
292622065
292622091
292622102
292622101
292622098
292622096
292622095
292622089
292622182
292622153
292622149
292622142
292622141
292622243
292622132
292622128
292622110
292622105
292622072
292622068
292621925
292621964
292621962
292622030
292622026
292622019
292622014
292622010
292622061
292622060
292622059
292622056
292621967
292621928
292621931
292621934
292621942
292621988
292622034
292622044
292622045
292622046
292622047
292622052
292622053
292622054
292622055
292621892
280205469
280205470
280205471
280205420
292599287
292599313
292599335
292621722
292621723
292621729
292621739
292621741
292621747
292621749
292621754
292621765
292621769
292621770
292621789
292621790
292621791
292621792
292621793
292621794
292621795
292621798
292621856
292621799
292621855
292621773
292621854
292621720
292621719
292621716
292621715
292621714
292621713
292621712
292621711
292588681
292588673
292621857
292621818
292621819
292621821
292621823
292621825
292621829
292621831
292621832
292621833
292621834
292621835
292621858
292621859
292621860
292621861
292621862
292621863
292621864
292621865
292621870
292621871
292621872
292621873
292621875
292621876
292621877
292621878
292621880
292621881
292621837
292621849
292621853
292621817
292621816
292621815
292621814
292621813
292621812
292621811
292621810
292621809
292621808
292621807
292621806
292621805
292621804
292621803
292621721
292621788
292621787
292621778
292621777
292621776
292621775
292621774
292588688
292599433
292599454
292599350
292599569
292588711
292782625
292782623
292782621
292782613
292782609
293057246
292782590
292782591
1219138404
292782596
292782598
292782584
292782582
292782579
292782577
292782570
292782536
292782532
292782529
292782526
292782525
292782524
292782684
292782696
292782697
292782698
292782699
292782700
292782701
292782702
292782703
292782704
292782706
292782707
292782519
1219138396
1219138416
292782481
292782484
1219138418
292782488
292782489
292782491
1219138405
292782494
292782495
292782500
1219138399
292782501
1219138402
292782502
1219138415
292782503
1219138417
292782504
292782505
292782506
292782507
292782508
292782509
292782510
292782511
292782512
1219138408
292782513
292782518
292275563
292275561
292275560
292275559
292275558
251059208
292583291
292583285
292583268
292583254
292583223
292583216
292583188
292583150
292275564
411821051
292279456
292587054
292587055
292587056
292587058
292587066
292587090
292587106
292587117
292598938
292598962
292598978
292598995
292599011
292599027
292599038
292599047
292599059
292599075
292599090
292599109
292599121
292599128
292599135
292599144
292599161
292599172
292599198
292599226
292599246
292599264
280205616
280205473
280205423
280205424
280205425
280205426
280205427
280206141
280205429
280205618
1207060395
280205477
1207060384
292782635
292782676
292782677
292782678
292782631
1207060387
1207060372
1207060375
1207060407
1207060406
1207060404
1207060367
1207060362
1207060382
1207060378
1207060376
1207060368
1207060388
1207060409
1207060399
1207060412
1207060410
1207060393
1207060403
1207060377
1207060405
292782664
292782660
292782656
292782647
1207060408
419275322
292782637
280205476
1207060400
292782629
1295095784
1295095780
1295095778
1295095785
1295095791
292355610
292355479
292355483
1006031520
1295095796
1295095782
1295095794
1295095786
1006031528
292358191
292358192
292782939
292782940
292782941
292782942
292782943
292782944
292782945
292782946
292782947
292782948
292358193
292358194
292358195
292358197
292358196
292782724
292782723
292782722
292782721
292782720
292782719
292782713
292782714
292782715
292782716
292782718
292782550
292782552
292782554
292782555
292782557
292782559
292782568
292782670
292782708
292782731
292782712
1306612662
1306612666
1306612667
1306612669
1306612672
292715889
292715888
292715880
292715859
292715837
430855153
419275336
419275335
419275334
419275333
419275332
419275331
419275330
1207060397
1207060383
1209742512
1158183932
264119284
264119283
264119282
264119281
264119280
264119279
264119278
264119277
269523885
269523886
269523887
269523888
269523889
269523890
269523891
269523893
269523894
269523895
269523896
269523964
269523961
269523960
269523959
269523958
269523956
269523955
269523954
269523952
264119218
264119220
264119221
264119224
264119235
264119233
264119232
264119231
264119230
264119229
264119226
264119225
264119237
264119238
264119250
264119249
264119248
264119247
264119246
264119245
264119244
264119243
269522288
269522289
269522291
269522292
269522293
269522295
269522296
269522297
269522298
269522301
269522302
269522303
269522304
269522188
269522187
264117408
1209742529
264117410
264117411
264117412
264117413
264117414
1207060370
1207060374
1207060380
264117415
264117416
264117417
264117418
419725480
264117419
419725486
419725485
264117421
264117422
264117423
264117424
269524270
269524269
269524268
269524265
269524264
269524262
269524261
269524259
269524258
269524256
269524255
264117429
264117431
264117432
264117433
269524226
269524227
269524211
269524212
269524213
269524214
269524216
269524217
269524218
269524219
269524221
269524222
269524223
269524225
264117434
269522185
269522184
293054239
293054287
293054288
293054290
293054275
293054291
1204988057
1204988019
1204988010
1204987908
501757274
501757271
500069107
500069119
500774693
500774699
500774661
500774657
500774646
500774639
500774635
500774628
500774622
500774616
500774609
500774601
1187956627
1187957746
1187958721
279101023
279101022
1187958561
1187958194
279101021
1187956999
1187956564
1187957677
279101020
1187957374
1187958352
279101019
279101018
1187958025
279101017
1187958042
269533852
492383625
1187957209
1187958389
1187957227
493571745
493571774
492334158
492334149
492333353
492658851
492394679
1187957501
492394676
492394672
492394661
492394658
492394654
493571790
493571758
492394684
493571760
493571761
493571762
496415910
496416113
492383712
1187956819
496415925
496415928
496415931
1187958746
1187957562
1187957244
496415906
496416104
1187958235
496416101
492381870
492381881
492381892
492387754
1187957028
492335436
492335458
492335548
492815913
493571773
500143865
1152870625
1152870626
1152870628
1152870630
1152902629
1152902630
1152902633
1152902636
1152902642
1152902647
1152902651
1152902654
1152902656
1152902605
1152902604
1152902603
1152902602
1152902600
1152902596
1152902586
1152902582
493571779
493571778
493571777
493571776
1187958593
493571768
496415710
496415716
496415722
1187958612
493571782
493571738
1187957070
1187956668
493571737
493571736
493571735
493571734
493571733
1187956630
492816025
493571783
493571784
493571785
493571775
1187957405
1187957046
1187958063
493571731
1187958722
1187957748
493571786
493571730
493571772
493571732
1187957410
493571771
1187957760
493571770
493571740
493571739
493571769
496415702
496415684
1187958265
496415643
496415632
496415464
496415478
496415522
496415533
496415548
1187957152
493571763
493571764
493571767
496415561
496415624
496415615
496415861
496415854
496415849
496415829
496415819
496415885
496415881
496415878
496415876
496415872
496415608
496415602
493571781
493571780
500143962
500143955
500143950
279101027
279101028
500774691
500774685
500774680
500069051
500069048
279101029
130216293
130216294
130216295
130216296
130216297
130216298
130216299
130216300
130216301
130216302
130216303
130216304
130216305
130216306
492329905
492329895
279101030
279101031
279101032
279101033
279101034
279101035
279101036
279101037
279101038
279101039
279101040
1152870634
1152870632
1152902666
1152902671
1152902676
1152902679
1152902681
1152902683
1152902685
1152902688
1152902706
1152902707
500143861
500143846
500143840
500143834
500143825
500143815
500143808
500143799
500143786
500143774
500143764
500143761
500143758
492329942
492329954
492816108
492816102
492816098
492816092
492816085
492816063
492329966
1187958242
1187957245
493571727
493571754
1187956772
492333340
492816000
1187957875
1187957534
492816011
492815952
493571756
493571726
493571744
493571743
493571742
493571741
493571701
1187957391
493571702
1187957728
493571705
493571704
493571703
493571707
493571747
493571746
492334170
493571748
493571729
493571728
492381859
493571706
492381849
492381837
492383723
493571709
1187958414
493571708
493571711
493571710
493571787
493571788
1187956804
493571789
492383732
492383774
1187958573
492383788
492383794
1187956578
492383798
1187957714
492383616
269533851
501766588
501766584
501766581
501766578
501766575
501766572
1187958655
501766568
1187957472
501766565
493571765
493571766
279101024
279101025
279101026
500069053
500069056
500069058
500069064
500069066
500069100
500069098
500069095
500069093
500069082
500069080
500069078
500069075
500069073
501757249
500069121
500069124
500069127
500069131
269533017
292970787
1205022884
1205022729
1205022732
615999814
615999842
615999838
615999834
615999830
615999826
615999822
1204958134
1204958135
615999817
1204958149
1204958131
1204958137
292970789
1160030581
1204958156
1160030578
1204958152
1204958158
1205005901
1205005902
1205005920
1205005896
1205005819
1205005792
1205005936
1205005898
1205005809
1205005891
293561808
293561809
293561810
293561812
293561813
293561814
293561815
293561816
293561817
293561818
293561819
293561820
293561821
293561822
293561823
293561827
292970731
292970711
292970703
292970689
292970682
292970276
292970862
292970883
292970904
292970910
292970955
292970293
292970137
292970636
292970250
293561828
293561829
292970201
292970222
1205005836
292716146
292970616
292970581
292970528
1204992345
1204992376
1204992400
1204992415
1204992393
1204992449
292970453
292970414
292970401
1205005918
292970356
292970326
292970211
292970237
292970188
292970152
292970263
1205022833
1205022889
1205022888
729859453
729859456
715629522
715629472
805702116
715629458
715629461
715629456
729859455
729859450
729859448
729859449
729859451
729859454
729859452
1205022870
1205022903
1205022856
1205022731
1205022737
1205022933
1205022917
1205022860
269532994
1205022719
1205022787
1205022901
1205022932
1205022818
1205022710
1205022890
1205022711
1205022765
1205022883
1205022862
1205022840
1205022759
1205022793
269533015
269533014
269533013
269533012
269533011
269533010
269533009
269533008
269533006
269533005
269533002
269533001
269532999
269532998
269532995
1205022825
1205022736
1205022750
1205022761
1205022851
1205022916
1205022727
1205022805
1205022810
1205022873
1205022855
1205022773
1205022763
1205022791
1205022885
1205022779
1205022826
1205022796
1205022835
1205022918
1205022760
1205022838
1205022720
1205022794
1205022782
1205022715
715629466
1160030532
1160030534
1160030535
1160030538
1160030539
1160030540
1160030552
1160030554
1160030556
1160030559
1160030563
1160030562
1160030560
1160030571
1204958126
1160030573
1160030574
1160030576
1160030577
1160030513
1160030512
1160030510
1160030507
1160030509
1160030506
1160030504
1160030491
1160030505
269533016
1204958155
1204958153
1204958159
1204958122
1204958168
1204958130
269533018
1031684638
1031697596
614870878
614870877
614870876
614870880
614870879
1031684685
1031697602
1031697558
1031684688
1031684626
1031684681
1031684644
1031684649
1031684692
1031684634
1031684646
1031684695
614870875
614871254
1160030526
269533019
269533021
1204960502
269533022
269533023
1204960532
1204960555
1204960535
1204960526
1204960522
1204960530
1204960525
1204960528
1204964427
1204960527
1204960505
295526675
293561760
293561759
293561758
293561757
293561756
293561755
293561753
293561751
293561750
293561749
293561748
293561747
293561746
293561745
293561744
293561743
293561742
293561741
293561739
293561737
293561735
293561732
1204987942
1204987857
292958188
292958221
292958277
292958364
1204988062
1204987892
1204987858
1204987977
1204987834
1204988011
1204987900
1204988080
1204987986
1204988002
1204987924
1204987837
1204988045
292958410
292958431
1204987981
1204988017
1204987973
1204987956
1204987996
1204988029
1204987831
1204988043
1204987972
1204988021
1204988026
1204987872
1204987926
1204987993
1204988023
1204987914
1204987953
1204988046
1204987955
1204988084
1204987974
1204987916
1204987975
1204987919
1204988051
1204988053
1204988025
292958453
292958487
292958795
292958780
292958778
292958768
292958744
292958734
292958722
292958709
292958702
292958684
292958658
292958643
292958623
292958603
292958579
1204988005
1204987850
1204987871
1204988087
1204988015
1204987898
1204987978
1204987997
1204987994
1204988039
1204987851
1204987992
1204988060
1204987970
1204987838
1204987932
1204987868
1204987959
1204987922
1204988067
1204987842
1204987930
1204988003
1204987903
1204987949
1204987954
1204987963
1204987950
1204987958
293561730
293561728
293561726
293561723
293561719
293561805
293561804
293561710
293561707
293561705
293561703
293561700
293561698
293561696
293561694
293561692
293561689
293561687
293561684
1204964420
1204964394
1204964416
1204964423
1204964422
1204964424
1204964453
1204968731
500918688
500918687
500918686
1204968743
1204968766
1204968744
1204968739
1204968753
1204968742
1204968760
1204968755
1204968757
1204968733
1204968765
1204987964
1204988081
1204987869
1204988027
1204987960
1204987939
1204987937
1204987933
1204987855
1204987999
1204988032
1204988056
1204987987
1204987929
1204987962
1204987849
500918667
500918668
500918670
500918671
500918672
500918673
500918674
500918676
500918677
500918678
500918679
500918680
500918681
500918682
500918684
501766589
501766592
501766597
501766601
501766604
1204964418
501766607
501766616
501766618
501766621
1205022836
1205022809
1205022886
1205022915
1205022780
1205022830
1205022803
1205022832
1205022717
1205022844
1205022744
1205022923
1205022858
1205022842
1205022777
1205022789
1205022887
269528912
269533024
1204968762
1204968728
1204968716
1205022921
1205022823
501766632
501766638
1204964425
501766624
501766644
501766647
501766649
501766651
501766654
501766656
501766658
501766661
501766663
501766670
501766673
501766677
501766680
501766682
501766685
501766687
1204988036
1204988085
1204987917
1204987906
1204987965
1204988099
1204987938
1204988059
1204988086
1204987927
1204987984
1204987920
1204987890
1204988041
1204987879
1204988052
1204988102
1204988090
1204988054
1204988100
1204987940
1204988031
1204987943
1204987952
500918666
500918665
269528913
269525085
1204987995
1204987944
1204988058
1204988018
1204987836
1204987876
1204987989
269525086
1204988006
269525090
269525089
269525088
269525087
269525092
269524795
269522179
269522180
269562296
293054296
293054297
293054299
293054300
293054284
293054282
293054281
293054279
293054305
293054278
293054285
293054276
269522182
269522183
269524516
269524517
269524518
269524519
269524520
269524521
269524522
269524523
269524524
269524525
269524526
264117456
264117455
264117454
264117453
264117452
264117451
264117445
264117446
264117447
264117448
264117449
264117450
264117444
264117443
264117442
264117440
264117439
264117438
264117435
269524143
269524144
269524145
269524146
269524147
269524148
269524149
269524150
269524153
269524154
269522186
269524078
269524066
269524067
269524068
269524069
269524070
269524072
269524074
269524075
269524076
269524079
269524080
269524081
269524082
269524083
264119251
264119252
264119253
264119258
264119259
264119261
264119263
264119264
264119265
264119266
419725483
419725484
264119271
264119276
419275316
419275317
419275318
419275319
419275320
1158183944
1158183935
1158183907
1158183949
1158183921
1158183927
419275321
419275323
419275325
419275327
430855186
430855190
293054433
293054434
293054436
293054437
293054442
293054445
293054446
293054448
293054449
293054451
293054452
293054454
293054456
264119305
264119304
264119303
264119302
264119301
264119300
264119299
264119298
264119285
264119286
264119288
264119289
264119290
264119291
264119292
264119293
1209742527
293054462
293054460
430855199
430855204
430855208
430855212
430855215
430855219
430855223
430855226
430855231
430855234
430855238
251059202
251059201
412237906
264117399
264117402
264117404
264117407
412237921
264117405
293054466
293054468
293054474
293054475
293054477
293054478
293054480
293054481
251059200
292782982
292782969
292782970
292782977
1001197946
1001197949
1001197951
292715810
292358203
412251687
412251686
292358202
292358201
292782743
292782747
292782749
292782750
292782755
292782763
292782765
708249451
708249469
708249344
708249454
708249473
708249308
708249326
708249299
708249424
708249406
708249390
708249433
708249296
708249414
708279179
708249430
708249360
708249358
708249340
708249322
703267129
703267126
708249302
708249429
708249393
708249374
708249355
708249338
708249445
708249335
708249311
708249457
708249292
708249350
708249464
708249345
703267121
708249438
708249459
708249294
708249313
708249398
708249316
708249336
708249317
708249425
708249468
708249321
708249403
708249339
708249389
708249428
708249439
703267116
703267111
708249361
708249397
708249376
708249467
708249449
708249415
708249332
708249388
708249369
292782775
292782776
292782925
292782926
295232694
295232695
295232696
295232697
295232698
295232757
295232758
295232759
295232760
295232761
295232762
295232763
295232764
295232765
295232766
295232720
295232718
295232717
295232716
295232715
295232714
295232713
295232712
295232711
295232710
295232709
295232708
295232707
295232706
295232705
295232704
295232703
295232701
295232700
295232699
295232767
295232768
295232769
295232770
295232771
295232772
295232774
295232676
1295087867
1295087865
292782818
292782815
292782814
292782813
292782833
295232604
295232606
295232609
295232614
295232582
295232581
295232591
295232590
295232589
295232588
295232580
295232648
295232651
295232653
295232579
295232578
295232575
295232576
295232646
295232639
295232577
295232619
295232623
295232625
295232626
295232627
295232628
295232630
295232631
295232632
295232633
295232634
295232592
295232593
295232594
295232595
295232596
295232597
295232598
295232599
295232600
295232601
295232602
295232603
295232635
295232636
295232637
801924146
801924131
292782897
292782898
292782899
292782900
292782915
292782916
295232638
292782917
292782918
292782919
292782920
292782921
292782823
292782822
292782821
292782820
292782819
292782834
292782835
292782836
292782837
292782812
292782838
292782839
292782840
292782802
292782801
292782841
292782843
292782844
292782830
292782832
292782824
295232583
295232584
295232586
801924157
292782800
292782799
292782795
292782794
292782793
292782792
292782791
292782790
292782787
292782786
292782784
292782783
292782779
292782778
292782777
292782927
292782928
292782929
292782930
292355608
292355590
292355514
292782931
292782934
292782935
292782936
292782937
292782922
292782923
292355512
292355502
292355501
292355500
292355499
292355498
292355497
292355496
292355495
292355494
292355490
292355489
292355488
292355487
295232688
295232689
295232690
295232691
295232692
295232693
295232727
295232728
295232729
295232730
295232731
295232732
295232733
295232734
295232735
295232736
295232737
295232738
295232739
295232740
295232741
295232742
295232743
295232744
295232745
295232746
295232747
295232748
295232749
295232750
295232751
295232721
295232722
295232723
295232724
295232668
295232660
295232543
295232547
295232548
295232549
295232550
295232551
295232574
295232552
295232553
295232554
295232555
295232556
295232557
295232558
295232559
295232560
295232561
295232562
295232563
295232564
295232565
295232566
295232567
292782895
292782894
292782893
292782892
292782891
295232568
292782862
292782863
292782845
292782846
292782885
292782884
292782883
292782882
292782881
292782880
292782879
292782878
292782877
292622468
292622470
292622476
292622473
292622277
292622278
292622280
292622285
292622286
292622290
292622292
292622296
292622300
292622308
292622311
292622210
292622314
292622316
292622324
292622505
292622507
292622090
292622481
292622483
292622513
292622516
251059209
292622641
292622639
292622638
292622635
292622634
292622631
292622629
292622628
292622627
292622626
292622625
292622623
292622622
292622617
292622616
292622615
292622556
292622558
292622560
292622562
292622564
292622565
292622568
292622570
292622651
292622572
292622574
292622576
292622843
292622840
292622832
292622659
292622662
292622663
292622664
292622667
292622669
292622672
292622676
292622677
292622678
292622679
292622682
292622684
292622819
295366036
295366034
295366032
295366030
295366028
295366026
295366025
295366023
295366020
295366019
295366017
295366014
295366013
295366010
295366008
295366007
295366005
295366001
295365999
295365997
295365995
293560541
293560542
293560543
293560544
293560545
293560546
1306995228
1306995151
1306995147
1306995125
1306995152
1306995230
1306995203
1306995169
1306995178
1306995145
1306995172
1306995209
1306995237
1306995225
1306995181
1306995227
1306995208
1306995211
1306995232
1306995121
1306995179
1306995128
1306995199
1306995149
1306995143
1306995183
1306995123
1306995119
1306995156
1306995201
293560540
293560539
293560538
1306995234
1306995120
293560537
293560535
293560534
293560532
293560531
293560530
419277417
251059207
1219138414
1219138410
251059206
251059205
419277419
1306995175
1306995205
1306995126
1306995223
1306995197
292959194
292959199
292959222
292959225
292959258
292782682
292782683
292782681
292782680
293560529
293560526
293560525
293560524
293560523
293560522
293560521
293560520
293560519
293560518
292279032
292279031
420023308
420023307
292279030
1182743204
1182743200
1182743207
1182743206
1182743203
1182743198
1182743199
1182743196
1182743192
1182743205
419274242
292584396
292584395
292584378
292584373
292584371
292584366
292584364
292584361
292279034
292279036
292279037
292279045
292622813
292622796
292622797
292622798
292622800
292622811
292622805
292622806
292622809
292279047
292279048
292279023
292279026
292279027
292279028
292279029
292622793
292622792
292622788
292622785
292622776
292622794
292622775
292622773
292622768
292622767
292622766
292622765
292622763
292622762
295366037
419274227
130219258
130219259
130219260
130219261
130219262
130219263
130219266
130219265
130219264
1306995154
1306995207
292959187
292959181
292963509
292963486
292963480
292963464
292959179
292959173
292959166
292959104
292959102
292959099
292959095
292959075
292959072
292959070
292959060
292959059
292959055
292959027
292959023
292959019
292959014
292959007
292959001
292958995
292958975
292958961
292958948
292958940
292958916
292958881
292958871
292958845
292958812
292958803
295526638
295526639
295526644
295526645
295526646
295526647
295526648
295526649
295526651
295526652
295526657
295526658
295526660
295526661
295526662
295526663
295526664
295526665
295526666
295526667
295526668
295526669
295526670
295526671
295526672
295526673
295526674
293561771
293561770
293561769
1204992356
293561768
293561767
293561766
293561761
293561765
293561764
293561763
293561762
1207065504
1207065520
2
1205005770
1205005825
15
1204987841
1204988009
1204987988
1204987896
1204988028
1204988030
1204987854
1204987833
1204988037
1204988063
1204987966
1204987983
1204988022
1204987886
1204988064
0
10
130216325
278580147
130216324
130216323
130216322
1110303473
280078858
130216318
130216319
130216320
95
500335417
500335415
500666266
500666259
500666253
500666238
500666231
500157048
500157040
500157036
1110303474
500157031
500157028
500335483
500335487
500335489
500335491
500335493
500335459
500335460
500335461
500335465
500335479
500335481
269522190
334355887
501747416
334355889
334355891
500147204
500147201
500147196
500147179
500156965
500335534
500156990
500156987
500156978
500156981
500156984
500335571
500335569
500335566
500335551
500369181
500369190
500369195
497200054
497200057
500069168
500369163
500369160
500369156
500369149
500369145
500369141
500369137
500369133
500369111
500369103
334355898
500335376
500335381
500335384
500335386
500335388
500335413
500657817
500335409
500335405
500335403
500335401
500335399
500335397
500156993
500335458
500156998
500657795
500657799
500657805
500657542
500657526
500657520
500657511
500157008
1110299160
1110299159
500157011
500157015
500157019
500157023
500666207
1110303471
500666192
500666199
30
269560562
269560561
269560817
269560816
269560815
269560814
269560813
269560812
269560810
269560809
269560808
269560807
1106228234
269561036
90376960
269559169
269559168
269560879
269559167
90376958
90376956
279907133
279907128
279907127
279907126
279907125
279907124
279915425
269559164
90376957
0
8
269562271
501754583
501754569
501754587
501754591
501754594
501754597
501754600
0
0
2
130216309
130216311
0
1
500369209
3
500335428
500335432
500335435
0
0
0
0
4
280202598
345292495
345292496
345292498
0
4
288239492
288239487
288239488
288239489
16
130219295
1209742502
130219294
1209742508
130219293
130219292
130219291
130219289
280206014
130219287
130219286
280205670
280205669
280205842
280205667
280205666
108
279907375
279907374
279907373
279907372
279907369
279907368
279907367
279907192
279907191
279907189
279907188
279907187
279907186
279907407
279907391
279907389
279907366
279907365
279907364
279907314
279907316
279907317
279907318
279907319
279907320
279907416
279907418
279907419
279907421
279907423
279907425
279907426
279907428
279907429
279907430
279907433
279907434
279907437
279907439
264117471
264117468
279907139
279907144
279907149
279907155
279907065
279907064
279907062
279907056
279907050
279907044
279907041
279907040
279907037
279907171
279907164
279907163
279907160
279906839
279906838
279906837
279906836
279906835
279906834
279906833
1106138254
264117467
279915902
279906898
279906902
279906908
279906909
279906910
279906911
279906912
279906914
279906916
279906917
279906921
279906922
279906923
279906927
279906926
279906925
279907353
279907354
279907356
279907358
279907359
279907360
279907361
279907323
279907325
279907328
279907363
279907362
279907387
279907386
279907385
279907343
279907341
279907340
279907339
279907338
279907337
279907335
279907334
279907332
1
1106138282
4
279907093
279907094
279907095
279907097
332
278486595
278486594
278486593
278486592
278486591
278486590
278486589
278486588
278486587
278486586
278486585
278486583
278486582
278486581
278486580
278486579
278486577
278486576
278486575
278486574
278486573
278486572
278486571
278486570
278486569
278486567
278486566
278486565
278486564
278486562
278486559
278486558
278486557
278486556
278486555
278486553
278486552
278486551
278486550
278486549
278486548
278486547
278486546
278486545
278486544
278486543
278486542
278486541
278486540
278486539
278486538
278486536
278486535
278486534
278486533
278486532
278485803
278485802
278485801
278485800
278485799
278485798
278485797
278485796
278485795
278485794
278485793
278485792
278485791
278485790
278485789
278485788
278485787
278485786
278485785
278485784
278485783
278485782
278485781
278485780
278485779
278485778
278485777
278485776
278485775
278485774
278485773
278485772
278485771
278485770
278485769
278485768
278485767
278485766
278485765
278485764
278485763
278485762
278485761
278485760
278484335
278484336
278484337
278484338
278484339
278484340
278484341
277374225
277374226
277374228
277374229
277374230
277374231
277374232
277374233
277374234
277374235
277374236
277374237
277374238
277374239
277374241
277374242
277374243
277374244
277374245
277374246
277374247
277374248
277374249
277374250
277374251
277374252
277374253
277374254
277374255
277374256
277374257
277374258
277374259
277374260
277374261
277374262
277374263
277374264
277374265
277374266
277374267
277374268
277374269
277374270
277374271
277374272
277374274
277374275
277374276
277374281
277374282
277374283
277374284
277374285
277374286
277374287
277374288
277374289
277374290
277374291
277374292
277374293
277374294
277374295
277374296
277374297
277374298
277374299
277374300
277374301
277374302
277374303
277374304
277374305
277374306
277374307
277374308
277374309
277374311
277374313
277374314
277374315
277374316
277374317
277374318
277374320
277374321
277374325
277374326
277374327
277374350
277374357
277374358
277374359
277374360
277374361
277374362
277374363
277374364
277374370
277374371
277374372
277374373
277374375
277374376
277374378
277374379
277374380
277374381
277374540
277374547
277374548
277374558
277374561
277374572
277374579
277374602
278582564
420785300
269522193
420785308
420785301
1225463844
420785294
420785293
420785307
420785292
420785304
420785303
420785295
420785299
420785297
420785296
278724761
278724760
278724801
420785302
1225463430
1225463560
420785306
278724799
278724798
278724797
278724796
278724794
278724793
278724792
278724791
278724790
278724789
278724788
401573880
278724800
419274222
419274220
419274223
419274224
419274225
419274218
269522195
269522207
269522205
269522201
269522199
269522198
269522197
269522196
278724787
419274219
278724786
278724785
278724784
278724783
278724782
278724781
278724780
278724779
278724778
278724777
278724776
278724775
278724774
278724773
278724772
278724771
278724770
278724769
278724768
278724767
278724766
278724765
278724764
278724763
278724762
277374603
277374604
277374607
277374608
277374609
277374610
277374611
277374612
277374613
277374682
277374681
277374680
277374668
277374667
277374661
277374660
277374652
277374651
277374650
277374649
277374647
277374646
277374645
277374642
277374641
277374640
277374638
277374614
278582565
278582567
278582568
19
278580782
278580781
278580779
278580778
278580777
278580776
278580775
278580774
278580773
278580772
278580770
278580769
278580768
278580767
278580766
278580765
278580764
278580763
278580762
1
269560945
10
90376961
90376962
269561096
269561097
269561168
269561098
279101198
279101211
269561173
269561174
4
269528906
269528907
269528908
1187957021
1
264119216
5
264119214
264119213
264119212
264119207
264119210
2
264119204
264119206
3
264119194
264119193
264119191
1
264117460
0
0
0
1
242024325
10
634130406
1274592775
288228951
1274592732
96490135
96490438
96490439
96490441
96490440
1274592726
2
1235787144
1235787159
3
1187956776
1187958703
1187957544
7
1187956922
1187957317
1187958498
1187956492
1187957723
1187958641
1187957622
2
734659812
734659846
0
0
0
0
0
12
493571712
493571713
493571714
493571715
493571716
493571717
493571718
493571719
493571720
493571721
493571722
493571723
3
492712277
492712281
492712286
4
492712247
492712240
492712235
492712228
0
22
288228943
288193953
288193950
288193949
288193947
288193944
288193943
288193940
288193938
288193935
288193934
288193911
288193916
288193918
288193921
288193923
288193924
288193927
288193930
288228944
288228947
288228949
7
130216284
130216285
130216286
130216287
130216288
130216289
130216290
0
22
128684941
128684944
128684945
128684946
128684947
128684948
128684949
128684952
128684954
128684955
128684956
128684983
128684985
128684986
128684987
128684988
128684989
128684990
128684991
128684992
128684993
128684996
3
96493063
96493064
96493065
4
96491413
96492896
96492897
96492895
1207
447565469
447565470
447565471
447565472
447565473
447565474
447565475
447565476
447565477
447565478
447565479
447565480
447565481
447565482
1235217627
1235226286
1235226247
1235226249
1235226328
1235226313
1235226279
1235226316
1235226293
1235213752
1235213687
1235213726
1235213820
1235213729
1235213745
1235213794
1235213705
1235213675
1235213678
1235213724
1235213683
1235213747
1235213783
1235213828
701338577
701338542
701338549
701338557
701338560
701338462
701338452
701338453
701338531
701338533
701338472
701338515
701338516
701338519
525406148
701339588
525406122
525405072
525405075
525405078
1103513123
1103513125
1235213779
1103523796
875811228
1103523809
1194804896
1194804880
1103523852
1103523826
1103523856
1103523806
525405096
1194804888
1103523782
1103523791
525405098
1103523825
875811071
525405097
1103523829
1235226321
1235226350
1235226243
1235226274
1235226295
1235207661
1235207657
1235207656
1235207660
1235207658
1235207659
1235207655
1235207654
1235206316
1235206301
1235206325
1235206278
1235206286
1235206308
1300611774
1300611777
1300611775
1300611772
1300611771
1300611770
269567682
269567683
1103651754
1235206328
1235206281
1235206299
1235206309
1235206319
1235206311
1235206315
1235206284
1235206307
1235206310
1235206317
1235206266
1235206285
1235206305
1235206262
1235206277
1235206324
1235206300
1235202041
1235201991
525405114
525405124
525405123
278974123
278974129
278974130
1103651827
278974134
1103651762
278974140
1103651748
525405120
525405121
278974146
278974148
525405122
1235202032
1235202038
1235201998
1235202022
1235201992
1235202024
1235201996
1235202116
1235202078
1235202120
1235201994
1235202068
1235201989
1235201993
1235202034
1235202081
1235202027
1235202073
1235202083
1235202119
1235202114
1235202071
1235202019
1235202082
1235202075
1235202111
1235206313
1235206303
1235202029
1235226298
1235226231
1235226357
1235226348
1235226225
1235226228
1235226272
1235226346
1235226284
1235206320
1235206265
1235206271
1235206267
1235206296
1235206297
1235206294
1235206314
1235206270
1235206321
1235206263
1235206269
1235206282
1235206287
1235206264
1235206280
1235206276
1235206274
1235206273
1235206302
1235206298
1235206295
1235206322
1235206327
1235206318
1235206272
447565509
447565517
447565518
447565522
447565521
447565520
447565519
447565503
447565488
446319987
446319986
446319985
446319984
446319976
446319974
446319972
446319957
446319959
446319961
446319962
446319964
446319966
446319968
446319970
446319948
446319950
446319952
446319954
446319955
443981013
443981015
443981017
443981019
443981021
446319939
446319938
446319934
446319933
446319930
446319929
446319926
446319928
446319924
446319922
446319921
446319920
446319918
446319917
446319916
446319914
446319913
446319912
446319910
446319944
446319942
446319940
446319908
446319907
446319906
446319905
446319903
446319902
446319901
446319900
446319898
446319897
446319896
446319894
446319893
446317221
446319867
446319866
446319864
446319863
446319861
446319859
446319858
446319856
446319855
446317219
446319869
446319870
446319872
446319873
446319875
446319876
446319878
446319879
446319881
446319883
446319884
446319885
446319886
446319887
446319889
446319890
447549150
447549149
447549148
447549147
447549051
447549055
447549058
447549042
447549044
447549046
447549048
447549060
447549077
447549079
447549082
447549062
447549063
447549065
447549068
447549072
447549073
447549037
447549036
447549020
447549034
447549032
447549030
447549027
447549024
447549022
447548999
447549004
447549006
447549008
447549146
447549075
447549145
447549144
447549143
447549142
447549141
447549140
447549139
447549098
447549099
447549100
447549101
447549103
447549104
447549105
447549128
447549127
447549126
447549125
447549124
447549123
447549122
447549089
447549091
447549092
447549093
447549094
447549095
447549096
447549154
447549153
447549152
447549151
447549097
447549156
447549157
447549158
447549159
447549160
447549161
447549113
447549114
447549115
447549116
447549117
447549155
447549118
447549119
447549120
447549121
447549138
447549137
447549136
447549135
447549134
447549133
447549132
447549131
447549130
447549129
447549106
447549107
447549108
447549109
447549110
447549111
447549040
447549112
445067433
446319892
445067434
445067435
445067436
445067438
445067439
445067442
445067443
445067445
445067446
445067448
445067449
445067451
445053768
446320793
445053774
445053773
445053772
445053771
445053770
445053769
446317212
446317213
446317214
446320781
446317242
446317238
446317222
446317224
446317216
445082197
444063145
444063142
444063139
444063137
444063135
130213011
130213012
130213013
130213014
130213015
130213016
446317268
446317267
446317266
446317265
446317264
446317262
446317261
446317260
446317258
446317255
446317253
445053808
445053814
444063158
130212607
130212606
130212604
130212603
130212602
444063156
444063154
444063152
444063150
445082188
445082182
445082181
445082180
445082179
444063147
444063132
445082189
269567449
269567450
445082367
445082365
445082363
445082338
445082344
445082342
445082340
445082348
445082350
445082352
445082353
445082355
445082357
445082359
445082361
445082346
445082389
445082391
445082388
445082386
445082392
445082393
445082394
445099468
445099465
445099464
269567460
269567461
269567462
445086072
445086073
445086076
269567463
269567464
1155459347
1155459315
445099459
445099457
445099454
445099452
445099450
1155459103
1155459294
1187134874
1187134895
1187134873
1155459107
1155459222
1155459280
1155459284
1187134876
1187134894
1187134867
1187134896
1187130572
269567681
269567680
269567679
1187134877
1187134884
1187134868
1187134898
1187134871
1187134889
1187134887
1187134870
269567677
269567473
269567472
269567471
269567470
447565560
447565559
447565558
447565557
447565556
447565555
447565551
447565552
447565553
447565554
269567469
269567467
269567466
445067487
445067488
445067489
445067490
445067491
445067492
445067494
445067495
445067496
445067497
445067499
445067500
445067501
445067502
445067503
445067506
269567465
445099415
445067509
445088857
445099441
445099440
445099439
445099437
445099436
445099471
445099470
445099432
445099555
1316566987
1316567023
1316566975
1316566973
1316567012
1316566977
1316566985
1316566998
1316566993
1316566956
1316567014
1316566934
445099554
445099553
445099552
445099551
445099549
445099548
445099547
1316566971
445099545
445099543
1316540052
1316540016
1283848117
1283848111
1283848114
1316539997
445099542
445099541
445099539
445099538
445099536
445099533
445099530
445099529
1316579884
1316579797
1316579835
445108016
445108015
1316579936
1316579788
1316579971
1316579946
1316579915
1316579876
1316579960
1316579943
1316579892
1316579931
1316579791
1316579963
1316579883
1316579882
1316579928
1316579911
1316579945
1316579923
1316579973
1316579838
1316579790
1316579912
1316579868
1316579941
1316579833
1316579794
1316579811
1316579825
1316579894
1316579840
1316579812
1316579827
1316585731
1316576229
1316576235
1316576223
1316585728
1316585750
1316585733
1316585725
1316585753
1316585740
1316585756
1316576245
1316576237
1316576232
1316576244
1316576226
1316576242
1316579822
1316576227
1316576236
1316540059
1316540013
1316540015
1316540029
1316540009
1316540054
1316540071
1316540020
1316540061
1316540012
1316540040
445108013
445108014
1316540072
1316540065
1316540042
1316539999
1316540045
1316540035
445099528
445099524
445099521
445099518
445099516
445099569
445099570
445099571
445099573
445099575
445099576
445099577
445099579
1192545821
1192545806
1192545805
1192545813
445099580
445099581
445099583
445099585
445099586
445099587
445099589
445101998
445088867
445088868
445088870
1189471609
445099501
445099509
445099512
445082448
445082446
445082444
445099476
445099484
445099486
445099489
445099479
445099498
445082439
445082435
445082433
445082432
445099594
445099592
445099591
445082429
445099590
445082430
445082431
445099430
445099429
445099428
445099434
445099433
445088866
445088865
445088862
445088861
445099416
445099417
445099419
445099422
445099421
445099420
445082427
445082425
445082395
445082419
445082421
445086077
445086079
445086081
445086069
445086068
445086067
445082417
445082415
445082413
445082411
445082409
445082407
445082405
445082403
445082401
445082398
1316579920
1316579860
1316579972
445082308
445082315
445082319
445082313
445082310
445082321
445082306
269567454
269567455
445086063
269567456
269567457
269567458
269567459
445082324
445082383
445082377
445082376
445082375
445082372
445082373
445082374
445082326
445082327
445082328
445082329
445082330
445082332
445082336
445082334
445082242
445082241
445082240
445082239
445082238
445082237
445082236
445082234
445082232
445082230
445082228
445082283
445082285
445082284
445082281
445082286
445082287
445082288
445082290
445082292
445082294
445082296
445082298
445082300
445082302
445082304
445082279
445082278
445082195
445082251
445082255
445082276
445082270
445082257
445082266
445082264
445082261
445082259
445082268
445082227
445082225
445082224
445082221
445082216
445082218
445082244
445082246
445082247
445082249
445082213
445082210
269567453
269567452
269567451
445082208
445082206
445082205
445082190
445082194
445082191
445082196
445082192
445082204
445082203
445082202
445082201
445082200
445082199
445082193
446317288
446317287
446317286
446317270
446317271
446317272
446317273
446317225
446317274
446317275
446317278
446317279
446317282
447565439
447565440
447565441
447565442
447565443
445067455
445067459
445067460
445067461
445067462
445067463
445067465
445067466
445067467
445067468
445067469
445067470
445067471
445067473
445067476
445067478
447565604
447565603
447565602
447565601
447565600
445067480
445067481
445067482
445067483
445067484
445067485
445067486
447565444
447565445
447565446
447565447
447565483
447565448
447565449
447565450
447565451
447565452
447565453
447565468
447565467
447565466
447565465
447565464
447565463
447565462
447565461
447565460
447565459
447565458
447565457
447565456
447565455
447565454
447565489
447565490
447565501
447565496
447565495
447565494
447565493
447565492
447565491
447565511
447565512
447565484
447565485
447565487
447565513
447565502
447565499
447565508
447565498
447565504
447565505
447565523
447565524
447565525
1235206418
447565526
1235206326
1235206290
1235206289
1235206288
1235206323
1235206312
1235206304
1235206275
1235206293
1235206279
1235206291
1235206306
1235206283
447565527
447565528
447565529
447565530
447565531
447565532
447565533
447565534
447565535
447565537
447565538
447565539
447565540
447565541
447565542
447565543
447565544
1235207651
875811197
1235226290
1235226255
1235226311
1235226342
1235226367
1235226239
1235226253
1235226354
1235226269
1235226275
1235226276
1235226288
1235226344
1235226324
1235226273
1235226309
1235226277
1235226338
1235226297
1235206842
1235206844
1235206840
1235206855
1235206856
1235206843
1235206839
1235206852
1235206858
1235206847
1235206860
1235206848
1235206859
1235206845
1235206851
1235206849
1235206841
278974155
525405125
1103651602
278973431
278973430
278973429
278974470
278974462
278974467
278974471
278973635
1103523834
1103523780
278973623
278973622
278973131
278973129
1103523850
1103523785
278973231
278974469
278974468
278974473
278974461
278974872
278974465
278974464
278974463
278974856
278974855
278974871
278974935
278975203
278975447
278975446
278975445
278976087
278976085
1103523794
1103523804
1103523800
1103523820
1103523831
525405095
1103523823
1235213691
1235213837
1235213722
1235213791
1235213658
1235213662
1235213861
1235213677
1235213742
1235213768
1235213815
1235213738
1235213686
1235213860
1235213880
1235213800
1235213876
1235213680
1235213732
1235213763
1235213838
1235213864
1235213896
1235213840
1235213833
875811099
1235207653
1235226250
1235207650
875810731
1235207652
875810931
875810853
875811059
875810826
875811013
875810923
875811148
1235213719
875811119
875810799
1235213842
1235213660
1235213811
1235213786
1235213812
1235213789
1235213700
1235213818
1235213739
1235213869
1235213856
1235213681
1235213844
1235213798
1235213843
1235213714
1235213825
1235213831
1235213796
1235213884
1235213754
1235213735
1235213770
1235213814
1235213757
1235213858
1235213823
1235213711
1235213765
1235213760
1235213835
1235213767
1235213708
1235217599
1235217636
1235217629
1235217608
1235217565
1235217562
1235217593
1235217611
1235217606
1235217652
1235217649
1235217582
1235217584
1235217617
1235217631
1235217596
1235217587
1235217610
1235217638
1235217639
1235217616
1235217632
1235217613
1235217597
1235217590
18
702048284
702048283
702048281
702048278
702048276
702048273
702048232
702048234
702048240
702048243
702048247
702048250
702048252
702048255
702048260
702048264
702048265
702048267
7
242024332
242024336
242024340
242024345
242024343
242024341
1103102830
4
263575930
135769017
135768334
263575932
29
293564291
293564288
293564285
293564281
293564277
293564274
293564271
293564268
293564265
293564262
293564258
293564255
293564252
293564248
293564245
293564241
293564237
293564234
293564231
293564227
293564386
293564369
293564351
293564333
293564320
293564317
293564310
293564307
293564304
27
525405102
525405103
525405104
702048287
702048291
702048293
702048296
702048298
701338497
701338494
701338491
701338487
702048336
702048335
702048333
702048331
702048329
702048326
702048324
702048321
702048319
702048317
702048315
702048314
702048303
702048302
702048300
330
445028239
445028240
433469187
433469176
433469178
433469179
445439324
445032819
445032812
445032810
445032816
445032820
445032821
1207565722
1207565719
1207565720
433469205
433469204
445032809
433469201
433469200
433469199
433469196
420776893
112651993
26122783
26122782
26122781
26057801
26057803
26057804
26057805
26057813
112651992
112651991
26057846
112651988
112651987
112651985
112664333
112664325
112664327
445028226
433469218
433469216
433469213
433469211
433469209
433469208
445028139
445028140
445028152
445028148
445028149
445028150
445028151
445028147
445028146
445028145
445028144
445028142
444060356
444060334
444060335
444060337
444060338
436639219
433469148
433469149
436639235
436639151
433469166
433469165
433469164
433469163
436639165
433469168
1260748502
1260748527
1260748515
1260748519
1260748524
436639176
436639175
1260748530
433469161
433469160
433469158
433469157
445028117
445028130
445028129
445028128
445028127
445028126
445028125
445028124
445028116
445028115
445028114
445028119
445028120
445028121
445028122
445028123
445028113
445028112
445028111
433469156
433469151
433469152
433469153
433469167
445028110
445028131
445028132
445028133
445028109
445028108
445028107
445028106
445028105
445028104
445028103
445028102
445028101
445028100
445028099
445028098
445028097
445028096
445028135
445028134
431947969
1103134723
1244598170
1244598153
429205596
435206314
429200553
431947954
1221776698
1221776354
1221776650
1221776760
1221776675
1221776660
1221776427
1221776379
1221776488
431947952
1103134724
435206312
431947950
431947948
431947960
431947945
431947942
431947940
431947938
431947936
431947934
431947965
431947932
431947967
431947979
431947977
431947975
431947973
433469155
433469154
436639240
436639239
436639238
436639237
436639236
433469150
436639221
436639220
436639233
436639232
436639230
436639229
436639227
436639226
436639224
436639222
436639174
436639173
436639172
436639171
436639170
436639169
433469170
436639202
436639208
436639207
436639206
436639205
436639204
436639203
436639209
433469171
433469172
433469173
433469174
433469175
436639210
436639217
436639212
436639213
436639214
436639215
436639216
433469146
436639201
433469147
444060342
444060340
444060344
444060346
444058666
433469272
444060352
444060350
444060348
444060354
433469280
433469274
433469276
445028242
445028246
445028245
445028244
445028243
445028183
445028184
445028186
445028187
445028188
445028189
445028190
445028191
445028182
445028181
445028180
445028179
433469278
433469220
433469222
433469225
433469229
433469234
433469236
433469237
433469238
433469239
433469240
433469241
433469243
433469246
433469248
433469250
1207561936
433469258
445028157
433469262
433469264
433469266
433469268
445028178
433469180
433469181
433469186
433469185
433469184
433469183
433469182
445028172
445028171
445028170
445028169
445028168
445028167
445028166
445028165
445028164
445028163
445028162
445028209
445028208
445028207
445028206
445028205
445028204
445028203
445028202
445028201
445028200
445028160
445028158
445028155
445028154
445028153
445028241
445028211
445028212
445028213
445028214
445028215
445028216
445028217
445028218
445028219
445028220
445028221
445028222
445028210
445028223
445028225
112664310
112664312
112664314
112664315
112664316
112664317
112664318
112664320
445041896
445041895
12
702048200
702048201
702048202
702048204
702048206
702048209
702048212
702048215
702048217
702048220
702048221
702048226
4
525405059
525405060
525405062
525405065
351
1179868643
1179868639
1179868646
1179868647
1179868648
1179868649
1179868650
1179868651
1179868655
1179868652
1179868656
1179868665
1179868657
1179868659
1179868660
1179868668
1179868662
1179868726
1179868687
1182454618
1182454629
1182454637
1182454607
1182454633
1182454631
1182454620
1182454634
1182454632
1182454612
1182454609
1182454624
1182454611
1182454635
1182454623
1182454617
1182454604
1182454627
1182454619
1182454621
1182454630
1182454615
1182454608
1182454610
1179868692
1179868706
1179868711
1194803523
1194803478
1194803339
1194803418
1194803414
1194803382
1194803352
1194803476
1194803485
1194803343
1194803337
1194803402
1194803335
1194803357
1194803399
1194803521
1194803509
1194803387
1194803404
1194803342
1194803361
1194803505
1194803345
1194803363
1194803364
1194803360
1194803358
1194803397
1194803426
1194803400
1194803428
1194803433
1194803519
1194803346
1194803489
1194803351
1194803511
1194803495
1194803481
1194803491
1194803528
1194803354
1194803503
1194803449
1194803350
1194803338
1194803420
1194803370
1194803514
1194803336
1194803439
1194803417
1194803440
1194803395
1194803380
1194803442
1194803384
1194803493
1194803419
1194803435
1194803369
1194803424
1194803362
1194803403
1194803482
1194803466
1214153204
702048379
702048376
702048374
702048371
702048365
702048361
702048359
702048356
702048354
1214153433
1214153207
1214153532
1214153353
1214152643
1214153693
1214153338
1214153082
1214153687
1214153528
1214153775
1214153586
1214152907
1214153569
1214152602
1214153641
1214152953
1214152751
1214153637
1214152748
1214152601
1214152884
1214152682
1214153280
1214153064
1214153790
1214153612
1214152933
1214152714
1214153023
1214152846
1214153440
1214152996
1182454625
1182454606
1182454626
1182454628
1182454613
1182454605
1182454603
1182454622
1182454614
1182454616
1182454636
1179868729
1179868766
1179868750
1179868732
1179868599
1147943053
1159972927
1147943056
1147943057
1147943059
1147943062
1147943065
1147943080
1147943099
1147943103
1147943106
1147943108
1147943110
1159972972
1159972941
1159972970
1159972938
1159972946
1159972975
1159972933
1159972936
1159972835
1159972863
1159972867
1159972871
1159972877
1159972874
1159972880
1159972885
1159972888
1159972892
1159972919
1159958578
1159958588
1159958468
1159958368
1159958378
1159958327
1159958364
1159958428
1159958465
1159958348
1159958573
1159958567
1159958473
1159958515
1159958591
1194803470
1159958584
1159958524
1159958482
1194803451
1182455892
1182455891
1179868610
1179868614
1179868626
1179868603
1179868632
1179868624
1179868558
1179868622
1179868607
269567858
1104540783
1104540613
1104541079
648996198
648996205
648996213
648996224
648996232
648996250
648996242
649002357
649002360
649002382
649002362
649002344
649002232
649002224
649002210
649002202
649002179
648996264
648999023
648999019
648999018
1103986908
1103986599
1103986906
1103987024
1103987451
1103987476
1103986698
1103986709
1103987145
1103987260
1103986448
648998174
648998182
648998190
648998199
648998209
648998271
1104540419
1104540468
1104540319
1104540474
1104541074
1104540301
1104540860
1104541045
1104540651
1104540574
1104541048
1104540864
1104540311
1104540997
1104540141
1104540780
1104540874
1104540747
1104540223
1104540823
1104540984
1104540619
269567854
1194775629
1194775560
269567857
1104541266
1194769830
1194769857
269567855
1194769849
1194769882
1194769859
1194769855
1104540367
269567856
1194769878
269567853
1159958441
1159958443
1159958432
269567741
269567850
269567851
269567852
698801315
698801329
1159958342
1159958363
1159958518
1159958384
1159958367
1159958345
1159958471
1159958335
1159958480
1159958513
1159958421
1159958581
1159958522
1159958525
1159958426
1179868597
1179868609
1179868623
1179868620
1179868612
1179868619
1179868611
1179868618
1179868708
1179868712
1182450115
1179868602
1179868627
328
278726971
278726970
278726969
278726968
278726967
278726965
278726964
278726963
278726962
278726961
446361589
278726960
278726959
278726958
278726957
278726995
278726994
278726993
278726992
278726991
278726990
278726989
278726988
278726986
278726985
278726984
278726983
278726982
278726981
278726980
278726979
278726978
278726977
278726976
278726974
278726973
278726972
446361621
446361624
446361625
446361631
446361633
446361634
446361636
446361638
446361640
446361652
446361645
446361643
446361641
446361666
446361653
446361650
446361655
446361657
446361658
446361660
446361661
446361663
446361665
446361646
446361648
702048082
702048077
702048068
702048061
702048051
702048049
702048048
702048046
702048043
702048039
702048035
702048033
702048032
446361531
446361529
446361528
446361526
446361524
446361523
1298385121
1298385108
1298385018
1298385113
1298385041
1298385062
1298385117
446361521
446361519
446361518
446361516
446361510
446361509
446361507
446361533
446361534
446361536
446361538
446361540
446361541
446361543
446361544
446361546
446361548
446361549
446361550
446361551
446361552
446361553
446361554
446361592
446361587
446361586
446361583
446361581
446361579
446361577
446361565
450323951
450323952
450323954
450323955
450323957
450323958
450323960
450323961
450323963
450323964
450323966
450323967
450323969
450323970
450323972
450323973
450323979
450323980
450323982
450323983
450323985
450323986
450323988
446361570
450324017
450324016
450324015
450323989
450324014
450324013
450324012
450324011
450324010
450324009
450324066
450324067
450324050
450324057
450324065
450324062
450324048
450324054
450324056
450324060
450324047
450324045
450324059
450324053
450324069
450324051
292783596
292783595
292783594
292783593
292783591
801924137
770666391
770666493
770666368
770666473
770666327
770666383
770666424
770666454
770666455
770666393
770666350
770666478
770666477
770666447
770666418
770666444
770666324
770666436
770666407
770666472
770666442
770666405
770666360
770666390
770666486
770666325
770666381
770666422
770666452
770666487
770666362
770666408
770666431
770666460
770666495
770666369
770666415
770666329
770666385
770666426
770666468
770666502
770666490
770666377
770666421
770666501
770666321
770666376
770666419
770666489
770666397
770666435
770666463
770666498
770666373
770666475
770666333
770666388
770666363
450324080
450324078
450324090
450324092
450324093
450324180
770666379
770666481
770666353
770666398
450324071
450324072
450324074
450324075
450324077
770666359
770666403
770666441
770666470
770666411
450324081
450324083
450324084
450324086
450324087
450324089
450324063
450324044
450324042
450324041
450324039
450324034
450324033
450324031
450324030
450324029
450324028
450324027
450324026
450324025
450324024
450324023
450324022
450324021
450324020
450324019
450324018
450323991
450323992
450323994
450323995
450323996
450323997
450323999
450324000
450324001
450324008
450324005
450324006
446361575
446361566
446361555
450324007
450324004
450324003
450324002
450324160
450324161
450324162
450324163
450324164
450324165
450324166
446361593
446361595
450324179
450324178
450324177
450324176
450324173
450324172
450324171
450324170
450324169
450324168
450324167
446361598
446361613
446361611
446361609
446361608
446361605
446361603
446361601
4
263571726
263571742
263571746
263571748
9
708249337
708249318
708249301
708249466
708249408
708249392
708249373
708249298
708249461
4
263571708
263571706
263571684
263571691
9
263571680
263571673
263571670
449815791
445108006
445108007
263571647
263571661
445101994
11
445108004
135775394
445101997
135765197
135774885
135774884
135765196
135772223
135772225
135765195
135774119
1
1209742505
5
135770922
135765193
135765192
135770273
135770916
6
444058675
444058674
444058673
444058668
444058669
444058671
8
130213010
130213009
130213008
130213006
130213005
130213004
130213003
130213001
13
130212986
130212987
130212988
130212989
130212990
130212991
130212992
130212993
130212995
130212996
130212997
130212998
130212999
6
130212550
130212551
130212552
130212554
130212556
130212557
14
419846205
292782890
292783512
292783513
292783514
292783516
292783517
292783518
292783519
292783520
801924163
292783527
292783526
292783523
2
26122840
26122842
76
263571786
263571780
263571766
263571772
263571777
354963962
354963964
354963966
354963967
354963969
354963971
1214152929
1214152708
1214153692
1214152749
1214153036
1214153262
1214152670
26122800
26122801
26122802
26122803
26122740
1214153060
1214153277
1214153558
1214153718
1214153129
1214153364
1214153029
1214153250
1214152659
1214152848
1214153266
1214153460
1214152736
26122739
26122738
1214152740
297364690
297364691
297364692
297364740
297364741
297364742
297364743
297364744
297364699
297364746
297364748
263576231
263576230
263576229
263576227
263576220
263576221
263576222
263576223
263576224
263576225
263576226
1214153456
1214153244
1214153620
1214153209
1214153018
1214153588
1214153435
1214153694
1214153536
1214152832
1214152646
1214153624
1214153458
1214152660
319309729
23
26122810
26122811
26122812
26122813
319309722
26122814
26122816
26122817
26122820
26122821
26122822
26122823
26122824
26122825
319309712
319309707
26122826
26122827
26122828
26122830
26122831
26122837
26122836
327
26123016
26123014
26123012
26123008
319309647
26123006
26123004
26123002
26123000
26122998
26122996
26122994
26122992
26058120
26122780
26122982
26122984
319309697
26122988
26122990
1214152893
26058104
26058105
1214153564
1214152876
1214152676
1214152950
1214152747
1214153391
1214153133
26121335
1214152986
1214153407
1214153181
26121319
26121320
26121321
26121322
26121323
26121324
26121325
1214153287
1214152956
1214153142
1214152621
1214152780
1214153349
1214153529
1214152931
1214153787
293055541
264119314
264119313
264119312
264119311
264119310
264119309
264119306
1107376043
1107376047
293055520
293055521
293055523
293055527
293055528
293055654
293055650
293055647
293055645
293055644
293055642
293055638
293055637
293055595
293055626
293055584
293055593
293055594
293055624
293055623
293055622
293055621
293055620
293055619
293055613
293055611
293055610
293055609
293055608
293055607
293055606
293055605
293055604
293055602
293055599
293055598
293055597
293055596
293055588
293055583
293055578
293055577
293055576
293055574
293055573
293055555
293055554
293055567
293055553
293055552
293055551
293055530
293055550
293055548
293055547
264117397
264117389
264117390
264117391
264117392
264117393
264117394
1107376039
293055540
293055539
293055538
293055537
293055536
293055535
293055534
293055532
293055531
293055545
293055544
293055543
293055566
293055542
293055565
293055564
293055563
264117386
264117385
264117354
264118520
264117355
26121327
26121328
26121329
26121330
26121331
26121332
26121333
264117357
264117358
264117363
264117365
264117366
264117368
264117370
264117371
264117372
264117373
264117374
264117375
264117376
264117378
264117379
264117380
264117381
295231962
295231987
295231988
295231989
295231990
293055561
1107376044
293055560
293055559
293055558
293055557
293055556
264119315
264119316
264119317
264119318
264119319
264119320
264119321
264119322
264119323
264119324
264119325
264119326
264119327
264119328
264119329
264119330
264119331
264119332
264119333
264119334
264119335
264119336
264119337
264119338
264119339
264119340
264119341
264119342
264119343
264119344
264119345
264119350
264119351
264119352
264119353
264119354
264119356
264119358
264119359
264119360
264119362
264119364
264119365
1214152760
1214153067
1214152955
1214152755
1214153744
1214153574
1214152899
1214152700
1214152989
1214152803
1214153408
1214153190
1214152786
1214152626
1214153145
1214152975
1214153293
1214153073
1214153668
1214153493
1214153078
1214153322
1214153681
1214152641
1214153328
1214153516
1214153193
1214153412
1214152806
1214152990
1214153284
1214153485
1214152894
1214153334
1214153081
1214153429
1214153758
1214153578
1214152829
288193848
288193851
288193853
288193855
288193858
288193860
288193861
288193864
288193865
288193867
1113023287
1113023285
288193871
288193872
288193875
288193877
288193880
288193884
288193888
288193891
288193893
288193896
288193899
288193901
288193903
26121336
26121337
26121338
26121339
26121340
26121343
264117353
1214153645
264117352
264117350
264117349
1214153663
1214152605
1214152983
1214153176
1214152630
1214152793
1214153738
1214152695
1214153405
1214153573
1214152836
1214153021
1214153713
1214153608
1214152711
1214153201
1214152993
1214153576
1214153420
1214153122
1214152941
1214153539
1214153359
1214153621
1214153452
1214153794
1214153439
1214153213
221
130213175
130213707
130213706
130213705
130213704
130213703
130213702
130213701
130213700
130213699
130213698
130213697
130213696
130213695
130213694
130213693
130213692
130213691
130213690
130213689
130213688
130213687
130213686
445353657
445353653
445353654
445353655
444058740
444058738
444058736
444058734
444058732
444058730
444058726
444058724
444058720
445061042
445061052
444058685
444058684
444058683
444058682
444058681
444060332
444058676
444060331
444060329
444058677
444058678
444060328
444058679
444058680
444058712
444058716
445061057
444058718
444058710
444058706
444058704
444058686
444058728
444058691
444058690
445353648
444058687
445053784
445053785
445053786
445053787
445053788
445053789
445053790
445053792
445053793
445053713
445053715
445053719
445053723
445053721
445053799
445053794
445053783
445053782
445053779
445053777
445053775
445053712
445053711
445053710
445053707
445053706
445053705
445053704
445053703
445053702
445053701
445053700
445053699
445053698
445053697
445053696
445053695
445053694
445053742
445053741
445053740
445053737
445053736
445053734
445053730
445053756
445053755
445053754
445053752
445053750
445053749
1234721338
1234721288
1234721264
1234721227
1234721164
1234721261
1234721271
1234721228
1234721284
443981023
443981025
443981027
443981029
443981031
443981033
1234721380
443981035
1234721180
443981006
443981004
443981002
443981000
1234721306
1234721387
443980942
443980940
443980938
443980937
443980936
443980970
443980972
443980979
443980977
443980974
1233599748
1233599746
1233599757
1233599749
1233599750
1233599755
1233599766
443980943
443980945
443980947
443980949
443980951
443980953
443980955
443980958
443980962
443980966
1234721205
1234721353
1234721222
1234721202
1234721179
443981037
443981039
443981040
443981043
443981045
1234721181
1234721218
1234721388
443980996
443980994
443980992
443980990
443980988
1234721346
443980986
443980983
443980981
1221776341
436639183
1221776499
436639182
436639181
436639180
436639157
436639156
436639155
436639179
436639184
436639185
436639186
445053680
1234721381
445053682
445053685
445053687
445053689
445053748
445053690
445053691
445053692
445053693
445053725
445053726
445053727
130213685
130213684
130213682
130213681
130213680
32
278728291
278728290
278728289
278728288
278728287
278728286
278728285
278728284
278728283
278728282
278728281
278728313
278728312
278728311
278728310
278728309
278728308
278728307
278728306
278728305
278728304
278728303
278728302
278728301
278728300
278728299
278728298
278728297
278728296
278728295
278728294
278728293
8
447565550
447565549
447565548
447565561
447565545
447565546
447565547
447565581
23
447565562
447565563
447565564
447565565
447565586
447565585
447565587
447565584
447565583
447565566
447565567
447565568
447565569
447565575
447565574
447565573
447565572
447565576
447565571
447565578
447565577
447565579
447565570
0
42
1131147928
1160030650
702048383
702048385
702048388
702048389
702048390
702048392
702048395
1147943019
1147943022
1159972923
1147943025
1147943033
1147943037
1147943041
1159972979
1147943018
1147942938
1131147944
1131147941
1160030596
1131147937
1160030615
1160030613
1160030603
1160030648
1160030640
1160030637
1160030601
1160030634
1160030644
1160030599
1160030623
1160030621
1160030620
1160030619
1160030597
1160030618
1160030616
1131147934
1160030646
0
0
30
292302545
1214153479
1214152628
1214152788
1214153503
1214153669
1214153403
1214153571
1214152981
1214153151
1214153197
1214153416
1214152809
1214152992
292302542
292302539
1214153470
292302533
1214153253
292302523
292302521
1214153033
1214152657
292302519
292302517
292302515
292302513
319309725
26122741
26122742
15
1316575980
1316575978
1316575948
1316575962
1316575995
1316575972
1316575975
1316575985
1316575974
1316575991
1316575981
1316575968
1316575990
1316575967
1316575993
29
278727513
278727512
278727511
278727510
278727509
278727508
278727507
278727506
278727505
278727504
278727503
278727502
278727501
278727500
278727499
278727498
278727497
278727496
278727495
278727494
278727493
278727492
278727491
278727490
278727489
278727488
278727487
278727516
278727515
7
702048337
702048340
702048353
1214152843
702048350
702048347
702048345
5
1182447861
1182447870
1182447866
1182447893
1182447899
19
1179868583
1179868587
1179868584
1179868582
1179868576
1179868560
1179868585
1179868728
1179868577
1179868725
1179868562
1179868588
1179868581
1179868572
1179868744
1179868734
1179868754
1179868745
1179868757
0
2
1179868727
1179868746
14
278727529
278727533
278727531
278727535
278727539
278727541
278727543
278727545
278727547
278727549
278727551
278727552
278727553
278727554
2
1179868570
1179868567
5
445028231
445028232
445028233
445028236
445028235
5
26122991
26122989
26122844
26122983
26122985
13
130219285
130219272
130219273
130219274
130219275
130219276
130219277
130219278
130219279
130219280
130219281
130219282
130219283
7
648999025
648999028
648999032
648999036
648999039
648999040
648999043
19
26122799
26122797
26122798
292319815
263576217
263576219
292319803
292319804
292319806
1214153683
1214152596
1214152744
292319807
1214153726
1214152672
1214153370
292319809
292319810
292319812
21
1295083218
1295083238
1295083223
1295083221
1295083220
1295083212
1295083239
1295083228
1295083224
1295083225
1295081295
292782806
1295083214
1295083231
1295083222
1295083241
1295083213
1295083237
1295083226
1295083215
1295083217
6
648996112
648996119
648996125
648996144
648996155
648996176
2
278977728
278977730
9
264119370
264119371
264119372
264119373
264119374
264119375
264119376
264119377
1104530836
10
264117331
1104530928
264117335
264117337
264117348
264117346
264117345
264117343
264117342
264117341
2
445028199
445028195
0
20
1214153031
26058110
26058112
26058125
1214153131
1214152946
1214153271
1214153039
1214153626
1214153462
26122993
26122995
26122997
26122999
26123001
26123003
26123005
26123007
319309651
26123013
2
1193634960
1193634988
55
1298385076
1298385054
1298385058
1298385092
1298385086
1298385084
1298385110
1298385002
1298385000
1298385119
1298385013
1298385003
1298385115
1298385080
1298385104
1298385106
430262161
430262162
430262163
430262164
738950972
738950980
738950978
738950965
738950974
738950976
738950969
738950982
738950984
445067415
445067417
445067418
445067420
445067421
447548988
447548987
447548986
447548985
447548984
447548983
447548982
447548981
447548980
445067422
445067432
447548996
445067429
445067428
445067427
447548995
445067426
447548994
445067424
447548991
447548992
3
288239476
288239477
288239480
13
269522222
416364576
269522218
269522216
269522212
419722311
407081173
407081183
407081179
407081181
407081189
407081187
419722309
3
1187957302
1187957898
1187956486
3
1214153282
26122807
26122808
6
26122790
26122791
26122792
26122793
26122794
26122795
1
525405110
3
319309680
319309657
319309665
4
26122771
26122772
26122773
26122774
0
6
319309718
319309702
26122762
26122763
26122764
26122766
1
445028193
10
319309724
26122750
26122751
26122752
26122753
26122756
26122757
26122758
26122759
26122761
5
26122748
446317211
26122744
26122745
26122746
6
26122734
26122727
26122728
26122729
26122730
26122731
0
25
1298385082
1298385070
1298385096
1298385035
1298385021
1298385063
1298385024
1298385046
1298385044
1298385023
1298385112
1298385102
1298385060
1298385022
1298385045
1298385065
1298385038
1298385056
1298385019
1298385015
1298385114
1298385020
1298385090
1298385094
1298385078
10
1298384999
1298385001
1298385049
1298385047
1298385072
1298385123
1298385088
1298385068
1298385073
1298385075
5
1179868635
1179868573
1179868636
1179868637
1179868714
13
297525964
297525950
297525951
297525952
297525953
297525954
297525956
297525957
297525958
297525959
297525960
297525961
297525962
35
297525945
297525944
297525943
297525942
297525941
297525940
297525939
297525938
297525937
297525936
297525935
297525934
297525933
297525932
297525931
297525929
297525928
297525925
297525923
297525921
297525920
297525918
297525917
297525915
297525913
297525912
297525911
297525910
297525909
297525908
297525907
297525906
297525949
297525948
297525947
19
1221776527
1221776717
1221776804
1221776404
1221776576
1221776695
1221776797
1221776493
1221776324
1221776336
1221776345
1221776749
1221776801
1244605734
1244605730
1244605735
1244605733
1244605738
1244605748
6
446317209
446317188
446317191
446317194
446317202
446317204
4
278725131
278725132
278725133
278725134
5
792698595
792698635
792698647
792698554
792698567
0
15
420160718
420160716
420160713
420160711
420160709
420160707
420160706
420160705
420160703
420160726
420160725
420160724
420160723
420160721
420160720
5
1234721292
1234721378
1234721289
1234721161
1234721347
4
1221776450
433073105
433073106
1221776573
1
1214153628
18
278973331
278974159
278973333
1103651764
278973334
278973335
278973336
278973337
278973338
278973339
278973340
278973341
278973342
278973343
278973344
278973345
278973348
278973349
3
1214152679
1214153730
1214153567
9
278728453
278728452
278728451
278728461
278728460
278728458
278728457
278728456
278728455
0
0
1
445353661
7
445061067
445061071
445061073
445061076
445061077
445061081
445061085
10
445032807
445028136
433469145
445032806
445032805
445032800
445032804
445032803
445032802
445032799
0
0
7
26122723
319309730
26057847
26057848
26057849
26057850
26057852
0
0
1
130216315
1
443981008
1
598176598
4
702048616
702048618
702048622
702048620
15
430262147
430262149
434134921
430262155
430262154
430262153
430262152
430262151
430262150
446319925
430262160
430262159
430262158
446361505
430262157
1
25449279
7
1129572269
1129574551
1129574555
1129574556
1129574559
1129574560
1129574561
12
297525880
297525879
297525878
297525890
297525889
297525888
297525887
297525886
297525885
297525884
297525883
297525882
1
428672190
0
8
292715891
292715940
292715936
292715927
292715916
292715913
292715904
292715897
1
436639177
14
130219251
130219252
130219253
280205258
280205615
280205260
280205252
280205253
280205254
280205255
280205256
280205246
280205245
130219254
9
436639193
436639192
436639191
436639190
436639189
436639198
436639162
436639152
436639188
1
420785312
10
297525891
297525892
297525893
297525894
297525895
297525898
297525899
297525900
297525901
297525902
0
2
445053759
445053758
0
5
1194800318
1194800312
1194800308
1194800315
1194800309
8
1001197945
1001203369
1001203366
1001203362
1001203358
1001203355
1129574564
1129574567
11
278583177
278583178
420785283
278583179
278583168
278583169
278583170
278583171
278583172
278583174
278583175
0
0
0
3
263571790
263571795
263571798
3
447565594
447565598
447565599
9
520161938
292782908
292782909
520161935
520161941
520161943
520161946
520161951
520160370
0
3
708249351
708249370
708249426
0
0
9
1295082365
1295082362
1295082359
1295082364
1295082368
1295082363
1295082367
1295082361
1295082360
0
1
263571713
14
1204997142
1204997138
1204997159
1204997166
1204997190
1204997196
1204997192
1204997156
1204997153
1204997154
1204997155
1204997203
1204997163
1204997174
0
0
0
3
598177746
598177747
598177744
3
130219304
130219303
130219302
1
447565592
3
1235206853
1235206854
1235206850
0
0
9
401573876
419728334
419728329
419728327
401573867
401573872
417995844
431368216
420785284
0
6
278728726
278728728
278728729
278728730
278728731
278728733
1
292279459
0
0
0
0
0
4
419728346
419728344
419728341
419728339
1
292279458
0
9
278728648
278728649
278728650
278728651
278728652
278728653
278728654
278728655
278728646
1
1295087868
4
130219271
130219270
130219269
130219268
0
0
0
13
278725122
278725121
278725139
278725138
278725137
278725136
278725135
278725129
278725128
419720604
419720603
419720602
419720601
10
702048139
702048137
702048133
702048131
702048107
702048115
702048116
702048118
702048122
702048125
11
702048141
702048143
702048146
702048149
702048167
702048163
702048160
702048158
702048156
702048154
702048152
1
702048053
0
0
0
1
445053806
0
0
3
1207060392
1207060385
1207060396
5
433469143
433469140
433469141
433469135
433469137
0
4
278728086
278728085
278728084
278728082
0
0
0
0
0
1
445108009
1
445108012
0
0
0
4
1316575958
1316575984
1316575965
1316575955
13
1316575971
1316575973
1316575992
1316575986
1316575966
1316575989
1316575983
1316575976
1316575970
1316575979
1316575987
1316575952
1316575982
0
5
1192545818
1192545804
1192545815
1192545817
1160057036
0
0
1
130219298
1
1283848110
12
418194545
418194546
418194547
418194548
418194549
418194550
418194551
418194553
418194554
418194555
418194556
418194557
0
0
0
0
0
2
1316583896
1316583923
0
0
2
292622206
292622208
0
0
0
10
292782966
292782965
292782964
292782963
292782962
292782961
292782960
292782959
292782949
292782950
6
292622650
292622649
292622648
292622647
292622646
292622645
0
0
0
0
0
0
2
446361619
446361618
0
