128
2293
1167369715
1149027138
1149027134
1149027137
1149027141
1149039189
1161020692
1161020690
1161020688
1161020685
1185825984
1185825985
1185825983
1185825963
1161020683
1185825965
1161020680
1173497313
1173497305
1173497322
1149057855
1149057854
1160107528
1159931440
1159931482
1174116449
1173487091
1173486942
1173486706
1173486577
1173487007
1173486695
1173486834
1173486742
1166036857
1185825692
1185825694
1185825682
1185825690
1185825676
1185825675
1185825683
1185825689
1185825667
1185825668
1185825693
1185825678
1185825679
1185825688
1185825686
1185825698
1185825671
1185825685
1185825663
1185825666
1185825672
1185825680
1185825669
1166036842
1166036879
1166052442
1166052465
1166052453
1166052491
1113220458
1113220427
1113220298
1160057012
1160057011
1113220341
1183652026
1031684701
1160057010
1160057039
1160057029
1160057042
1160057045
1160057046
1149057852
1149057850
1031684698
1183641872
1183684044
1183684094
1183684147
1183684055
1183684206
1183684185
1183684012
1183684157
1174124535
1174124505
1174124538
1174124502
1183630427
1183630387
1183630363
1183630324
1183623238
1183623225
1183623229
1186440398
1183630343
1183630442
1183630336
1183621582
1183621590
1183621568
1183621574
1183621556
1183621564
1183621561
1183621583
1186438614
1183621581
1183621572
1183641861
1183641807
1183641804
1183641769
1183641835
1183641844
1183641795
449822812
449822816
449822818
449822820
1183641775
1183641843
1183641846
449822822
449822826
1183630423
1183630348
1183630403
1183630430
1183630392
1183630433
449822830
449822828
1183621566
1183621584
1183621571
1183621555
1183630393
1183621585
1183621573
1183623240
1183621578
1183621559
1183621591
1183621560
1183621570
1183623239
1183623242
1183623224
1183623241
1183630426
1183630352
1183630407
1183630327
1183684000
1183630451
1183630412
1183630439
1183630463
1183630421
1183630338
1183630351
1183630329
1183630458
1183630374
1183630457
1183630460
1183630384
1183630449
1183630346
1183630409
1183630470
1183630349
1187549365
1183630360
1188414093
1188414080
1188414085
1188414083
1188414092
1188414094
1173487019
1173486968
1173486807
1173486653
1173486660
1173486871
1173486798
1173487010
1173487048
1173486915
1173486987
1173486863
1173486567
1173486843
1173486689
1173486614
1173486739
1173486693
1173486610
1173486765
1173487005
1191478775
1191478781
1191478916
1158156590
1158156499
1158156624
1158156453
1158156529
1158156455
1158156604
1158156606
1158156597
1158156574
1187070134
1188185975
1188391406
1188185986
1188185991
1188393879
1186519697
1186519695
1186519690
1186519694
1186519700
1186511143
1186511115
1186511120
1186511112
1186511145
1174120952
1186519692
1174120948
1174120949
1174120935
1188185969
1188185990
1186511121
1186511138
1174120913
1186511128
1186511141
1186511130
1186511137
1186511109
1186511131
1186511107
1188391390
1188391371
1188391384
1188391456
1188391439
1188391367
1188391438
1188391430
1186511102
1188391455
1188391441
1188391444
1188391457
1188391931
1174117332
1174116441
1174117264
1188391930
1174117165
1174116776
1174116790
1174116840
1174116521
1174116496
1174117303
1174116564
1174116610
1174117039
1174116972
1174117170
1186511113
1186511103
1174116787
1174117271
1174117210
1187070122
1187070131
1187070132
1187070116
1188198843
1187070125
1174116975
1174116479
1174116905
1187070113
1187070120
1187070128
1191478776
1191478922
1191478778
1191478783
1191478925
1173452814
1173452768
1173452843
1173452774
1173452726
1173452905
1173452931
1173452953
1173452880
1174116615
1174116717
1174116753
1174117293
1174116751
1174116407
1174116682
1173444034
1173444093
1173444005
1173444030
1174116627
1174116630
1174117086
1174117257
1174116863
1174116648
1174116879
1174116911
1190301017
1190301011
1193130401
1193130448
1193130384
1193130424
1193130386
1193130432
1193130396
1193130453
1193130427
1193130446
1193130412
1187131623
1187131625
1187131622
1187131624
1103651643
1103651653
1235202077
269567685
1103651721
269567684
1187131626
1103651784
1187131627
1103651675
1190311179
1187130577
1187136566
1187136624
1187136613
1187136634
1187136617
1187136627
1187136620
1187136633
1187136609
1187139206
1187136580
1187136621
1187136618
445099449
445099442
445099443
445099446
1187139238
1187139221
1187139257
1187139216
1187139240
1187139211
1187139215
1187139223
1187139260
1187139235
1187139220
1187134886
1187134897
1187134891
445099447
1187134879
1187134872
1187136579
1187136582
1187134892
1187134866
1187134881
1187134878
1187134883
1187134875
1187134899
1187134893
1187134865
1187134888
1187134885
1187134890
1149043701
1189469438
1189469437
1160057037
1160056996
1160057049
1160057004
1160056995
1160056992
1160057003
1160057031
1160057006
445088886
445088881
445088880
445088878
1167369710
1149024623
1188241520
1188241525
1149024610
1149024614
1159066077
1159066073
1188232494
1159066069
1159066079
1159066065
1159066074
1159066067
1149024621
1165960706
1188236823
1188233970
1188233972
1149039199
1149039197
1149039193
1149039183
1149039187
1149039186
1149039188
1149039198
1149024616
445088876
615304347
445088873
1189469436
1149021657
1188236822
1188236846
1149024603
1149041921
1149041894
1149041893
1188236839
1188236821
1188236817
1188236819
1188236844
1159066062
1159066081
1159066086
1159066064
1159066084
1159066058
1159066061
1188232550
1188232547
1188232561
1188225849
1188225845
1178253257
1178253241
1188232533
1188232514
1188232515
1188232517
1167369752
1167369755
1167369769
1167369765
1149024600
1178253286
1321544219
1321544280
1321544321
1321544382
1321544380
1321544597
1321544285
1321544070
1186482362
1186482388
1186482359
1186482366
1167369717
1186482384
1167369726
1167369731
1167369727
1167369729
1167369744
1167369732
1167369738
1174116545
1178253293
1173494125
1174116431
1174116447
1174116842
1174116541
1174116575
1174116798
1173494093
1173494107
1178253287
1174117262
1174116581
1174116585
1178253299
1178253277
1178253280
1178253296
1178253262
1173440074
1173440044
1173440063
1173440080
1183721316
1173452854
1173452830
1173444062
1173444069
1173444008
1173444003
1173444073
1173444094
1173452732
1173452745
1173452772
1173440093
1173439997
1173440030
1183701881
1173457679
1173457701
1173457703
1173457680
1173452834
1173452940
1173452761
1173452923
1173452863
1173452948
1173452858
1173452728
1155513050
1173425001
1173425086
1173425172
1173425143
1173425180
1173425204
1173425139
1183701890
1183701895
1183701904
1155513031
1173440016
1173440023
1173439981
1173440026
1173440014
1173452913
1173440082
1183701897
1173440076
1173452747
1173452966
1173452971
1173452927
1173452837
1173452818
1173452991
1173452976
1173457683
1173457705
1173452819
1173452968
1173452878
1173452882
1173452989
1173452954
1173452942
1173452896
1173452821
1173452763
1173452749
1173452743
1173452786
1173452902
1173444099
1173444068
1173444037
1173444098
1173440065
1173440058
1173439996
1173439977
1173440097
1173439983
1173440075
1173440084
1173440049
1173440011
1173440050
1173440045
1173439995
1173440083
1173440100
1173440101
1155513047
1193124746
1155513023
1173440060
1173440009
1173440028
1173440039
1173440017
1173440015
1174116673
1193124738
1193124745
1173444060
1173444089
1173444039
1173444006
1173444029
1173444063
1173444072
1173444024
1173452907
1173452973
1173452792
1173452945
1173452924
1173452910
1155513039
1155513029
1183721318
1183721298
1183721293
1183721296
1183721294
1183721300
1183721285
1183721305
1183721324
1183721322
1183721287
1183721317
1183721302
1183721319
1183721303
1183721333
1155459162
1155459316
1173439992
1155459100
1155459344
1155459187
1155459105
1155459167
1155459230
1155459154
1173424969
1173424965
1173424983
1173424932
1173425011
1178835891
1178835892
1167369713
1173425177
1173425178
1173424898
1173425104
1173425208
1173425174
1187136578
1191411620
1191411619
1191411624
1191411617
1191411618
1191411622
1188232516
1188232543
1188232528
1188232546
1188232549
1188232499
1188232530
1188232531
1188232505
1187136564
1187136563
1187136630
1187136593
1187136631
1187136632
1187136635
1187136616
1187136626
1187136573
1187130554
1187130570
1187130573
1190311156
1190311175
1190311170
1190311176
1190311172
1187130578
1187130566
1155459233
1155459178
1155459309
1149024601
1188232532
1149024618
1149024605
1173425058
1183721321
1155459304
1173425101
1173425176
1174117027
1155459234
1155459238
1173425061
1173425099
1173425152
1173424961
1173440022
1173439982
1173440099
1173440033
1155513067
1155513046
1173425131
1173424934
1173425005
1173424999
1173425049
1173425096
1173424924
1173425014
1178253247
1178253261
1178253266
1178253289
1155513024
1178253256
1155513008
1155513006
1155513053
1173424921
1173425020
1173425045
1173424981
1173424941
1173425044
1173425055
1173424893
1173425051
1173425135
1173425017
1173425182
1173424938
1173425092
1167369708
1173425185
1173424975
1173424923
1167373126
1173425089
1173425053
1173424928
1173424978
1188232557
1149024611
1188232562
1188232507
1188232545
1149024625
1167373127
1149024615
1173425064
1173425083
1173425129
1167369733
1167369736
1167369746
1178253281
1167369754
1167369750
1167369751
1174117193
1149024602
1149024617
1174116651
1188232526
1174117218
1167369763
1174116945
1178253270
1178253253
1178253246
1178253264
1178253267
1178253260
1187136589
1178253243
1187136608
1187139218
1187136565
1187136625
1187136586
1187136638
1187136594
1187136562
1187136595
1187136623
1187136622
1189052408
1187136636
1187136596
1187136607
1187136576
1189056706
1189056711
1187136629
1187136628
1187139236
1187139213
1187139252
1187139259
1187139242
1187139255
1187136637
1187136606
1155459098
1155459157
1155459155
1187134869
1187134880
1187130583
1187130571
1187130547
1187130569
1187130581
1187130538
1187130568
1187134882
1187130545
1155459251
1155459318
1187130536
1187130555
1187130580
1187130551
1187130589
1187130546
1187130542
1187130556
1187130563
1187130579
1187130587
1187130575
1187130584
1187130537
1103651659
1187130590
1103651724
1190301013
1190301007
1190301009
1187130535
1103651843
1103651666
1103651857
1103651834
1103651789
1103651793
1103651757
1189510569
1189510572
1189510581
1189510574
1189510578
1103651727
1103651620
1103651672
1187130541
1187130558
1187130533
1187130539
1187130534
1187130543
1187130561
1187130549
1187130559
1187130582
1187130564
1187130588
1187130552
1187130574
1187130585
1187130550
1187130586
1187130562
1187130553
1187130567
1187130565
1187130560
1183721314
1103651751
1103651787
1190311158
1103651830
1103651646
1103651847
1103651870
1103651759
1187130557
1187130576
1187130548
1187130544
1187130540
1103651735
1103651760
1103651804
1103651670
1103651733
269567686
269567687
278971117
278973433
1103651717
278970274
278970386
278970270
278970281
278970272
278970273
278970276
1103651839
278970280
278970278
278970275
278970287
269567688
1103651609
1103651596
1103651797
1103651715
278973843
278973620
278973619
278973618
278973135
278973137
1103651615
278970283
278970282
278970284
278970906
269567665
269567666
269567667
269567668
1187086162
1187086326
1187086140
1187086122
1187086266
1187086119
1187086143
1187086182
1187086281
1158156648
1158156671
1158156668
1187086215
1187086152
1187086192
1187086265
1187086360
1193302920
1193302923
1193302916
1193302744
1193302794
1193302822
1193302750
1193302811
1193302813
1193302730
1193302839
1193302783
1193302858
1158164521
1158164519
1158164518
1158164550
1158164534
1158156610
1187070117
1158156584
1159931448
1193302735
1193302874
1193302780
1193302867
1193302846
1193302877
1193302832
1193302788
1193302918
1193302894
1193302900
1193302885
1193302843
1193302797
1193302741
1193302905
1193302775
1187086257
1187086295
1187086270
1187086232
1187086308
1158156678
1158156646
1158156559
1158156470
1158156527
1159931475
1159931525
1159931529
1159931549
1159931410
1159931552
1159931558
1159931563
1159931414
1159931587
1159931329
1159931437
1159931405
1159931468
1159931451
1159931515
1159931517
1159931520
1159931367
1187086231
1187086217
1187086127
1187086228
1187086136
1159931396
1187070114
1158164538
1158164546
1187086290
1187086237
1158164548
1187087936
1187087937
1187087915
1187087904
1187087917
1187087922
1193302760
1158164515
1193302791
1193317610
1159958247
1194769896
1104540564
1104540420
1194769884
1104541049
1104540143
1197696386
1197696385
1197696383
1187088699
1187088700
1187088702
1187088693
1104540465
1187088701
1104540602
1104540218
1104540818
1104540981
1194769846
1194769874
1104540617
1194760981
1194760992
1194760983
1194760985
1194760979
1194760976
1194760991
1194760986
1194766751
1159958460
1159958251
1194769898
1193624366
1193624354
1193624355
1193624364
1193624365
1194766770
1194766764
1194766761
1194766767
1193624353
1193624352
1159958291
1159958274
1159958298
1194766758
1159958253
1159958285
1194769831
1194769880
1194769894
1159958240
1159958318
1159958272
1159958279
1159958245
1159958294
1159958339
1159958412
1104540771
1158164549
1158164530
1158164532
1158164526
1158164529
1158164537
1193317611
1158164517
1187087927
1187087907
1187087924
1193302756
1187087935
1193302917
1187087914
1187087912
1187087920
1187086175
1187086316
1187086158
1187086319
1187086156
1187086353
1187086141
1187086138
1187086310
1187086120
1187086304
1187086321
1187086288
1187086302
1187086124
1187086212
1187086336
1187086343
1187086255
1187086184
1187086195
1187086320
1187086180
1187086241
1187086209
1187086334
1187086213
1187086248
1187086189
1187086253
1187086199
1187086306
1187086235
1193318586
1193318580
1193318583
1187086216
1187086260
1187086135
1187086137
1187086107
1182447910
1187086210
1194800324
1194800317
1194800331
1194800323
269567740
269567739
1193320878
1194803349
1194803355
1194803401
1194803366
1194803353
1194803456
1194803359
1194804892
1194804903
1194804873
1194804891
1194804894
1194804901
1194804905
1194804872
1194804878
1194804884
1194804877
1194804904
1194804867
1194804885
1194804876
1194804887
1194804902
1194804875
1194803487
1194803367
1194803526
1194803525
1194803430
1194803434
1194803410
1194803446
1194803474
1194803432
1187086355
1194803513
1194803365
269567736
269567737
269567738
1193324396
1193324421
1193624363
1193320895
1193320886
1193320882
1193320892
1193320899
1193320918
1193320926
1194766757
1193320904
1193320915
1194803507
1193320922
1193320920
1182447913
1182447907
1182447872
1182447896
1182447879
1187086323
1187086163
1187086193
1187086114
1187086340
1187086252
1187086291
1187086287
1194803385
1187086298
1187086263
269567735
269567734
269567733
1182447874
269567732
269567731
1187121677
1187119126
1191507728
1191507722
1191507726
1191507762
1191507768
1174116678
1174116476
1174117036
1174116910
1191494005
1191494003
1187119130
1187119133
1187119112
1187119128
1187119131
1187119125
1174117013
1187119114
1187119105
1187119127
1187119100
1187119118
1187119123
1187119116
1187119139
1191507764
1191507730
1191507720
1191507775
1191507724
1191507717
1191507771
1187119122
1187119101
1187119137
1187119102
1187119138
1187119121
1187119099
1187119106
1187119110
1187119113
1187119115
1187121671
1187121675
1187121687
1187121700
1187121689
1187121692
1187121697
1187121682
1187119103
1187121679
1187121672
1187121674
1187121694
1187121680
1187121690
1187121669
1187121699
269567675
269567674
269567673
269567672
269567671
1187121668
1187121681
1187121698
1187121676
1187121673
269567670
269567669
1187121703
1187121696
1187121685
1187121683
1187121695
1187121678
1187121693
1187119132
1187119109
1187119111
1187119107
1187119104
1187119119
1187119124
1187119135
1187119129
1187119134
1190301005
1190301010
1190301014
1190301015
1190301006
1193130444
1190301008
1193130456
1193130406
1193130413
1193130416
1190301012
1193130426
1193130423
1193130390
1193130431
1193130429
1193130441
1193130404
1193130399
1193130402
1193130450
1193130408
1193130393
1193130410
1189513989
1189513997
1189513994
1189513985
1155459352
1155459245
1155503724
1155503716
1155503701
1155503704
1155503714
1174116881
1174116991
1174116761
1174116613
1174116617
1174116690
1174117007
1191444665
1191444660
1191444652
1174116872
1174116634
1174116653
1174117056
1174116984
1174116517
1174116969
1174116436
1174116692
1173444096
1173444086
1173444027
1173444041
1173444058
1173444091
1173444067
1191482476
1191482482
1174116936
1174116757
1174116785
1158156555
1158156481
1173452769
1173452796
1173452710
1173452950
1173452856
1173452929
1174116982
1173452752
1173452741
1173452901
1173452808
1173452876
1173452812
1173452809
1173452861
1173452766
1173452805
1173452881
1173452978
1173452839
1173452717
1173452869
1173452776
1173452723
1173452972
1173452715
1173452851
1173452925
1173452795
1173452841
1173452833
1173452951
1173452885
1173452725
1173452922
1173452898
1173452720
1173452794
1173452887
1173452789
1173452790
1173452750
1174116724
1174116472
1174116639
1174117162
1174116844
1174116949
1174117097
1188198835
1188198864
1187070118
1188198868
1187070126
1187070115
1187070130
1187070129
1187070119
1187070112
1187070133
1187070121
1174116802
1174116913
1174116743
1174116710
1174116590
1174116742
1174117048
1174117156
1158156474
1158156572
1158156496
1158156473
1158156650
1158156658
1158156580
1158156578
1158156577
1158156483
1173457693
1173457690
1173457698
1173457697
1173457691
1174116684
1174116445
1174116712
1174116688
1193210443
1193210438
1187542812
1187542810
1187542809
1173486770
1173487047
1173487022
1174116708
1174117214
1174116487
1174116833
1174116836
1174117251
1174116527
1174116896
1174116867
1174116588
1174117117
1174116931
1174117196
1174117114
1174117243
1174117147
1174116482
1174117267
1174117205
1174117298
1174116562
1174117091
1174117307
1159931430
1159931511
1159931506
1159931485
1159931477
1173486875
1173486847
1173487020
1173486801
1173486777
1173486533
1174116994
1174117150
1174117200
1174116601
1174116410
1173486685
1173487052
1173486998
1173486861
1173487049
1158156636
1158156643
1158156467
1173487036
1158156660
1158156667
1158156619
1158156524
1158156651
1158156684
1158156680
1155513027
1155513048
1155513068
1158156663
1158156665
1158156677
1158156669
1158156518
1160107526
1160057027
1160057028
1159931443
1160057025
1173487109
1173486851
1173486663
1173486774
1173486524
1173486496
1173486547
1173486816
1173486760
1173487087
1173487026
1173486815
1173486723
1173486894
1183684042
1183684051
1173486836
1173487062
1173486700
1173486733
1173487029
1173486900
1174116964
1174116933
1174116816
1174116837
1174116789
1174116747
1174116433
1174116938
1174116908
1174116828
1174116869
1174116940
1174117152
1174116465
1174117291
1174117108
1174116966
1174117144
1174116492
1174117000
1174117103
1174117295
1173486812
1173486536
1173486618
1173486658
1173486809
1173486867
1173486583
1173486959
1173486971
1173486625
1173486540
1173486898
1173486909
1173486865
1173486949
1183684152
1183684103
1183684005
1183684204
1183684197
1183684049
1183684104
1183684008
1183684053
1183684154
1183684240
1183684088
1183684142
1174116978
1174116783
1183684040
1183684097
1183684138
1183683996
1183684190
1183684102
1183684099
1183683993
1183684149
1183684144
1183684195
1174116875
1173457694
1173457706
1173457692
1191478779
1173457707
1173440062
1191478920
1173440057
1183701893
1183701899
1173440051
1173440046
1183701891
1173440025
1173440095
1173440059
1155513071
1191393829
1191393774
1191393716
1191393751
1191393841
1191393833
1191393806
1191393838
1191393781
1191393779
1191393835
1191393831
1191393777
1191393783
1191393803
1191393808
1191393828
1191393855
1191393801
1191393743
1191393737
1191393810
1191393857
1191393830
1191393854
1191393731
1191393728
1191393771
1191393747
1191393786
1191393750
1191393818
1191393815
1155513057
1173486819
1173486530
1173487101
1173486579
1173486622
1173486838
1173486666
1173486994
1173486878
1173486631
1173486612
1173486571
1173486590
1173486840
1178253244
1178253248
1173424927
1173425013
1173425146
1173425202
1155513069
1155513073
1158156640
1158203141
1158156458
1158156616
1158202505
1173486940
1158156561
1158156620
1158156582
1174116534
1158156607
1158156613
1158156501
1158156502
1158156504
1158156508
1158156506
1158156510
1158156522
1158156430
1158156449
1158156427
1158156457
1158156443
1158156541
1158156535
1158156451
1158156437
1158156435
1158156432
1158156550
1158156552
1158156421
1158156424
1158156447
1174120906
1174120954
1174120956
1174120944
1174120928
1174120946
1174120919
1174120931
1174120915
1174120917
1174120909
1174120926
1174120911
1174120933
1174120925
1179851748
1179851741
1179851735
1179851716
1179851684
1179851686
1179851689
1179851690
1179851691
1179851693
1179851694
1179851695
1179851696
1188391454
1188391382
1179851683
1179851698
1179851706
1179851710
1179851712
1179851708
1179851713
1179851736
1179851739
1179851737
1179851740
1188391364
1188391459
1188391446
1179851733
1179851714
1186511125
1179851717
1179851732
1174116538
1174117003
1174116811
1174116795
1174116567
1183630332
1174116604
1174116820
1174116806
1174116792
1174117095
1174116745
1174117051
1174116996
1174116719
1183630462
1174124513
1174124587
1174124507
1174124577
1174124583
1174124484
1174124541
1174124508
1183684200
1174124550
1174124592
1174124579
1174124555
1174124481
1173487119
1183684046
1183684090
1173486781
1173486944
1173486520
1173487097
1173486528
1173486703
1186466930
1186466931
1174124536
1174124545
1174124486
1174124548
1174124510
1174124520
1186466929
1174124515
1183630447
1179847754
1179847759
1179847758
1183641770
1179847763
1179847764
1179847768
1179847769
1179847757
1183641809
1179847762
1183641802
1183641839
1183641865
1183652018
1183652034
1183652011
1183641833
1186458763
1183641750
1183641842
1183641829
1183641799
1183641766
1186452342
1183641778
1183641773
449822809
1183652013
1183652015
1183652031
1183652016
1183652028
449822805
449822802
1113220257
1113220461
1113220304
1113220394
1113220271
1166052475
1166052450
1166052472
1166052469
1113220468
1149057856
1166052468
1113220307
1113220350
1113220276
1113220217
1113220380
1113220354
1113220308
1161008082
1161008035
1161008015
1161008009
1161008075
1161008074
1185825670
1185825696
1185825697
1185825673
1185825665
1166036801
1166036794
1185825687
1166036869
1183708696
1183708744
1183708710
1183708735
1183708743
1183708724
1166036829
1166036834
1166036863
1166052473
1185825695
1185825691
1185825664
1185825674
1185825681
1166036836
1166052470
1185825677
1166043471
1166043469
1166043468
1166043420
1166043417
1166043410
1166043476
1166043472
1166043475
1166043422
1113220439
1113220277
1113220324
1113220417
1113220281
1166043416
1166043413
1166043424
1166043477
1166052448
1166052496
1166052441
1166052499
1166052500
1166036859
1166036861
1113220482
1113220227
1113220424
1113220252
1113220295
1113220421
1113220336
1113220451
1113220476
1113220319
1113220235
1113220400
449815919
449815918
449815864
449815866
449815867
449815870
449815872
449815875
449815880
449815883
449815884
449815887
449815889
449815890
449815892
449815896
449815899
449815900
449815903
449815908
449815909
449815913
449815915
1113220403
1113220279
1113220361
1113220231
1113220480
1113220376
1113220442
1113220322
1113220300
449815789
449815786
449815784
449815779
449815778
449815777
449815775
449815772
449815767
1113220419
1113220234
1113220275
1113220397
1113220316
1113220437
1113220497
1113220260
449815759
449815763
1113220345
1113220264
1113220390
1113220423
1113220250
1113220459
1190255749
1190255751
1190255761
1190255765
1190255742
1190255769
1190255767
1190255731
1190255741
1190255771
1190255759
1113220383
1113220415
1113220232
1113220356
1113220401
1113220433
1113220273
1190255763
1190255745
1113220379
1113220249
1113220267
1113220352
1113220465
1113220399
1113220226
1113220274
1113220349
1113220479
1113220375
1113220302
1113220325
1113220237
1113220491
1113220346
1113220422
1113220255
1113220425
1113220386
1113220313
1113220229
1113220358
1113220396
1113220219
1113220432
1113220272
1113220222
1113220283
1113220315
1113220430
1113220213
1113220392
1113220351
1149057849
1160057008
1186469882
1165960708
1113220224
1113220310
1159071655
1155513034
1160107515
1160107511
1160107516
1160107522
1174116830
1155513070
1155513037
1159071653
1155513072
1173486964
1155513051
1173487104
1173486648
1173487054
1173486730
1173486587
1173487059
1173486934
1173486768
1173486973
1174117312
1178253274
1178253259
1178253297
1178253279
1178253282
1178253250
1178253272
1178253258
1178253269
1178253271
1149049236
1159931429
1159931560
1159931555
1159931370
1159931365
1159931363
1159931417
1159931362
1159931360
1159931401
1174116916
1174117334
1160107527
1159931333
1159931327
1159931324
1159931373
1159931569
1159931471
1159931479
1160107514
1160107513
1160107524
1149057851
1173497317
1173497303
1173497308
1149055284
1149055289
445088895
1161020713
445088894
1161020718
1161020710
1161020716
1161020721
1161020698
1161020696
1161020694
1149052119
1149049230
1149027143
1149027140
1149052087
1149052113
445088893
445088891
445088889
445088888
1149027136
1149027135
1149039194
1149039196
1149039195
1149039191
1149027139
1149027145
1149039190
1159931510
1149039182
1149049224
1149049245
1149049228
1149049222
1149049216
1149049244
1149049239
1149049233
1178253290
1178253288
1173494088
1178253291
1178253283
1178253275
1173494099
1173494091
1173494071
1321544342
1321544384
1321544555
1321544378
1321544314
1321544375
1321544258
1321544096
1321544422
1321544591
3
1321544104
1321544316
1321544102
3
1321544198
1321544125
1321544401
5
1321544056
1321544587
1321544615
1321544339
1321544249
3
1321544426
1321544463
1321544131
7
1321544289
1321544256
1321544399
1321544407
1321544487
1321544420
1321544563
9
1321544506
1321544406
1321544162
1321544410
1321544476
1321544305
1321544449
1321544349
1321544130
3
1321544450
1321544351
1321544412
7
1321544136
1321544522
1321544164
1321544397
1321544565
1321544042
1321544170
5
1321544336
1321544252
1321544072
1321544532
1321544183
3
1321544586
1321544077
1321544655
3
1321544138
1321544320
1321544551
3
1321544261
1321544039
1321544424
9
1321544479
1321544324
1321544369
1321544192
1321544094
1321544311
1321544470
1321544466
1321544435
3
1321544066
1321544345
1321544440
16
1321544372
1321544053
1321544287
1321544226
1321544350
1321544414
1321544043
1321544100
1321544246
1321544199
1321544437
1321544465
1321544473
1321544224
1321544418
1321544222
3
1321544221
1321544132
1321544497
3
1321544217
1321544523
1321544232
6
1321544623
1321544594
1321544106
1321544196
1321544444
1321544367
3
1321544168
1321544026
1321544584
3
1321544405
1321544230
1321544259
3
1321544108
1321544433
1321544429
3
1321544075
1321544197
1321544278
3
1321544468
1321544403
1321544416
3
1321544220
1321544024
1321544157
3
1321544082
1321544284
1321544079
8
1321544625
1321544128
1321544228
1321544190
1321544098
1321544494
1321544040
1321544133
3
1321544654
1321544621
1321544585
3
1321544047
1321544134
1321544050
5
1321544067
1321544110
1321544045
1321544347
1321544365
3
1321544508
1321544348
1321544490
0
15
1318750824
1318750840
1318750829
1318750816
1318750834
1318750804
1318750837
1318750836
1318750790
1318750801
1318750800
1318750799
1318750821
1318750820
1318750798
1
1318750807
8
1316588128
1316588133
1316588116
1316588126
1316588119
1316588132
1316588131
1313209161
15
1308680637
1308680636
1298799455
1298799472
1298799469
1298799441
1298799452
1298799458
1298799444
1298799449
1298799465
1308680643
1308680634
1308680644
1308680647
5
1308679576
1308679578
1308679580
1308679579
1308679582
14
1308678999
1308678992
1308678997
1308678995
1308678994
1308678993
1308679004
1308679005
1308679000
1308678990
1308678996
1308679002
1308678988
1308679003
26
1299524314
1299524333
1299524309
1299524327
1299524293
1299524308
1299524322
1299524301
1299524305
1299524316
1299524329
1299524307
1299524313
1299524306
1299524296
1299524303
1299524334
1299524328
1299524295
1299524332
1299524312
1299524315
1299524318
1299524330
1299524297
1299524311
0
9
1298403717
1298403727
1298403714
1298403715
1298403713
1298403706
1298403718
1298403702
1298403716
0
5
1214152903
1214153079
1214153755
1214152702
1214153113
0
5
1197705247
1197705241
1197705243
1197705252
1197705242
29
1194804906
1194804883
1194804879
1194804868
1194804870
1194803458
1194803344
1194803386
1194803497
875811225
875811007
875811101
875810880
875810905
1194803388
875811251
1194804890
1194804893
1194804874
875810812
1194804871
875811144
1194804895
1194804881
1194804889
875810760
1194804882
875810954
1194804869
0
3
1321544567
1321544069
1321544461
0
8
1193218570
1193218560
1193218555
1193218505
1193218564
1193218581
1193218550
1193218576
28
1192542602
1192542574
1192542604
1192542577
1192542580
1192542595
1192542573
1192542598
1192542594
1192542589
1192542583
1192542584
1192542588
1192542601
1192542572
1192542579
1192542591
1192542597
1192542590
1192542575
1192542592
1192542603
1192542585
1192542576
1192542582
1192542581
1192542599
1192542578
22
1191453640
1191453540
1191453637
1191453561
1191453575
1191453617
1191453570
1191453546
1191453583
1191453579
1191453631
1191453566
1191453585
1191453582
1191453635
1191453622
1191453542
1191453665
1191453614
1191453625
1191453629
1191453538
0
0
15
1191397556
1191397561
1191397555
1191397568
1191397549
1191397547
1191397566
1191397567
1191397565
1191397551
1191397562
1191397564
1191397559
1191397560
1191397558
0
0
3
1191386385
1191386384
1191386383
0
3
1187136619
1187139239
1187139237
1
1188186008
0
3
1321544393
1321544628
1321544395
2
1187119136
1191507773
3
1321544525
1321544109
1321544166
9
1180139995
1180139988
1180139997
1180139982
1180139994
1180139987
1180139996
1180139990
1180139985
31
449815805
449815812
449815813
449815815
449815818
449815820
449815822
449815823
135806316
135806313
449816001
449815989
449815986
449815982
449815981
449815979
449815977
449815973
449815971
449815962
449815855
449815851
449815850
449815848
449815844
449815842
449815840
449815838
449815837
449815834
449815831
66
278487477
278487478
278487479
278487480
278487482
278487483
278487484
278487485
278487486
278486931
278486930
278486929
278486928
278486927
278486926
278486925
278486924
278486923
278486922
278486921
278486920
278486919
278486918
278486917
278486916
278486915
278486914
278486913
278486912
278486911
278486910
278486909
278486908
278486907
278486906
278486905
278486904
278486903
278486902
278486901
278486900
278486899
278486895
278486894
278486893
278486892
278486891
278486890
278486889
278486888
278486887
278486886
278486885
278486884
278486883
278486882
278486881
278486880
278486596
278486597
278486598
278486599
278486600
278486602
278486603
278486604
8
278730288
278730279
278730280
278730281
278730282
278730283
278730284
278730285
3
26122779
26122777
1214153675
2
25452378
25452377
0
0
3
1165957856
1165957857
1165957861
3
278974125
278974126
278974127
0
0
0
1
1149055290
0
0
2
263571623
449816008
6
130212979
130212980
130212981
130212982
130212983
130212984
0
2
25449396
130212977
2
449815738
135806310
3
263571500
263571489
263571491
0
0
7
25449706
25449705
25449704
25449703
25449585
25449700
25449701
0
0
8
449815930
449815933
449815937
449815940
449815953
449815951
449815949
449815946
1
25449710
0
0
1
278973346
3
1173439999
1173439990
1173439978
0
0
0
0
0
0
3
1321544260
1321544041
1321544323
0
1
449815802
0
0
0
0
0
0
0
0
3
1165960703
1165960712
1165960705
0
0
0
0
0
0
0
0
0
0
0
0
