(4478,2)
(5455,4)
(176,7)
(3831,3)
(3729,5)
(5402,9)
(572,4)
(3065,1)
(3024,4)
(5365,4)
(1595,1)
(2336,2)
(2806,4)
(5493,3)
(85,8)
(1828,2)
(2440,4)
(5329,5)
(2294,3)
(2337,2)
(687,1)
(5106,4)
(1450,2)
(5557,4)
(1005,4)
(1822,2)
(390,4)
(5119,9)
(566,1)
(4723,9)
(3485,8)
(4398,6)
(2361,5)
(3980,8)
(5921,1)
(6056,2)
(541,5)
(6252,1)
(1824,1)
(2651,1)
(4733,2)
(4770,9)
(5367,1)
(5392,10)
(3885,1)
(5112,9)
(1845,3)
(3876,4)
(307,4)
(3490,6)
(2387,1)
(2880,10)
(1553,2)
(2086,4)
(1418,7)
(6171,1)
(1829,2)
(3100,3)
(3665,6)
(4260,9)
(462,1)
(2547,2)
(3962,5)
(4313,4)
(2007,8)
(3734,5)
(5497,4)
(5920,1)
(1061,1)
(2488,7)
(5355,3)
(5792,4)
(2489,7)
(3664,6)
(2669,9)
(5364,4)
(2339,5)
(2360,5)
(981,6)
(2766,7)
(210,3)
(975,9)
(2030,7)
(5897,3)
(1917,1)
(5220,2)
(1380,1)
(4337,2)
(261,2)
(5328,5)
(1656,10)
(3253,10)
(333,3)
(1778,3)
(141,10)
(5374,4)
(3945,9)
(5492,3)
(2953,3)
(4098,2)
(890,7)
(2677,5)
(3531,3)
(4928,4)
(5354,3)
(6067,9)
(3981,8)
(4964,1)
(1419,7)
(4160,1)
(1001,2)
(3944,9)
(880,2)
(3327,5)
(4015,10)
(4164,1)
(2082,1)
(6255,1)
(911,6)
(2354,1)
(658,3)
(4161,1)
(795,3)
(1544,2)
(4014,3)
(4165,10)
(2031,7)
(5348,4)
(3539,2)
(5454,4)
(1856,4)
(3877,4)
(910,6)
(5969,10)
(5006,1)
(5403,9)
(4001,7)
(6066,9)
(2718,2)
(3963,5)
(2114,2)
(5417,3)
(506,1)
(2345,2)
(2648,3)
(4713,3)
(1451,2)
(5346,2)
(2087,4)
(3784,4)
(3023,2)
(3884,1)
(6117,3)
(6266,4)
(429,9)
(3202,5)
(1060,1)
(4261,9)
(62,10)
(2355,1)
(125,2)
(1370,4)
(2767,7)
(3878,7)
(2006,8)
(2649,3)
(4096,1)
(4929,4)
(3117,3)
(3530,3)
(1123,3)
(1616,1)
(4000,7)
(5793,4)
(2083,1)
(2664,1)
(293,9)
(5868,3)
(1648,1)
(6253,1)
(2295,3)
(3064,1)
(63,10)
(1916,1)
(2650,2)
(4771,1)
(2338,5)
(4965,1)
(3542,3)
(3785,4)
(2308,4)
(3281,4)
(2192,1)
(2193,1)
(2757,2)
(4254,4)
(174,3)
(1661,3)
(5851,2)
(208,4)
(2889,3)
(1660,3)
(3301,9)
(5850,2)
(175,3)
(5836,2)
(2151,5)
(2828,3)
(2829,3)
(2888,3)
(3510,4)
(5973,1)
(3772,6)
(3907,7)
(3455,3)
(4302,8)
(949,2)
(6090,4)
(1167,2)
(1968,2)
(6118,7)
(3454,3)
(6119,7)
(1166,2)
(6091,4)
(1601,3)
(3274,2)
(1946,8)
(5273,4)
(4322,2)
(6011,1)
(5272,4)
(5893,4)
(1955,2)
(4140,4)
(1507,3)
(40,3)
(225,3)
(224,3)
(1947,8)
(4141,4)
(5892,4)
(2790,2)
(3781,5)
(3075,2)
(4186,7)
(533,7)
(3534,1)
(5349,4)
(6246,3)
(1097,4)
(5510,2)
(3780,5)
(5813,3)
(1723,3)
(4194,3)
(2958,10)
(5511,2)
(408,2)
(6247,3)
(318,2)
(3499,1)
(749,4)
(1046,2)
(748,4)
(5391,3)
(551,4)
(1154,3)
(1969,2)
(2870,8)
(550,4)
(1079,2)
(1078,2)
(2871,8)
(4189,2)
(1965,3)
(6012,3)
(5467,4)
(6098,3)
(959,1)
(2770,3)
(2638,8)
(6099,3)
(653,6)
(1472,2)
(961,3)
(4820,3)
(5597,3)
(5596,3)
(5723,3)
(1138,2)
(1869,3)
(2795,7)
(3204,2)
(4600,3)
(5413,4)
(3205,2)
(6220,4)
(3013,4)
(5412,4)
(2794,7)
(4601,3)
(3012,4)
(6221,4)
(2390,3)
(3663,9)
(1649,1)
(2240,6)
(3522,5)
(6227,2)
(357,1)
(2446,3)
(2733,3)
(3001,2)
(3374,2)
(6074,9)
(757,1)
(1032,1)
(9,7)
(3940,4)
(1594,1)
(2765,4)
(914,4)
(5857,4)
(1620,2)
(4647,2)
(4443,1)
(5856,4)
(756,1)
(3941,4)
(2162,5)
(5083,10)
(1258,2)
(6203,1)
(965,6)
(2206,10)
(2282,1)
(3479,9)
(1222,4)
(1397,4)
(356,1)
(3367,4)
(3662,9)
(1417,10)
(1426,3)
(5445,2)
(2020,4)
(4937,4)
(340,1)
(451,3)
(341,1)
(5986,3)
(282,9)
(4873,2)
(5444,2)
(5987,3)
(792,4)
(2165,9)
(3748,2)
(3829,3)
(1476,10)
(4321,3)
(2115,2)
(3184,2)
(4422,4)
(312,8)
(4193,2)
(3967,1)
(4192,2)
(328,3)
(1769,1)
(717,8)
(3899,2)
(5846,3)
(1106,1)
(1613,4)
(2156,1)
(5313,1)
(1695,2)
(3798,4)
(5277,8)
(1427,3)
(3790,4)
(3791,4)
(4528,1)
(3655,4)
(3788,5)
(1475,2)
(5266,1)
(2341,6)
(2418,9)
(3799,4)
(5480,5)
(556,2)
(2468,4)
(4297,1)
(794,3)
(1371,4)
(2642,8)
(3457,8)
(997,1)
(1246,3)
(1605,2)
(3304,2)
(1247,3)
(2028,4)
(1592,4)
(2589,6)
(1125,2)
(3858,4)
(4454,3)
(1004,4)
(4417,2)
(4728,6)
(2719,2)
(4378,7)
(2760,4)
(5601,2)
(5933,4)
(2081,3)
(2404,9)
(389,1)
(4144,6)
(616,3)
(800,4)
(801,4)
(1288,3)
(445,10)
(4234,2)
(1462,4)
(4145,6)
(5895,7)
(507,1)
(952,1)
(398,2)
(2761,4)
(4432,1)
(5347,2)
(1016,3)
(5927,1)
(1446,3)
(4455,3)
(1447,3)
(3682,2)
(5091,8)
(1463,4)
(388,1)
(617,3)
(2113,10)
(5600,2)
(3777,7)
(5530,1)
(2521,3)
(5572,3)
(1443,1)
(1814,2)
(962,9)
(1596,3)
(4467,2)
(3937,2)
(5288,1)
(2182,6)
(2937,4)
(582,2)
(2101,4)
(3404,6)
(1343,1)
(5152,4)
(4078,2)
(4509,4)
(3259,9)
(4508,4)
(3488,3)
(4535,7)
(3494,3)
(5289,1)
(99,3)
(1520,3)
(2977,3)
(348,4)
(1745,5)
(2852,9)
(3977,1)
(4352,4)
(3022,2)
(3731,4)
(2612,6)
(2907,3)
(691,9)
(2358,6)
(1035,4)
(4366,10)
(2359,6)
(4546,2)
(2023,3)
(3252,10)
(3624,4)
(4401,6)
(4722,9)
(5437,2)
(2287,9)
(3976,1)
(2632,10)
(3925,5)
(536,3)
(4717,2)
(937,8)
(5100,1)
(3418,4)
(4823,7)
(1068,2)
(5947,2)
(537,3)
(5790,2)
(164,3)
(3639,2)
(5620,6)
(1642,1)
(4827,1)
(4630,10)
(3056,6)
(3689,6)
(6026,5)
(2021,4)
(4966,4)
(4679,2)
(5816,4)
(3218,2)
(4817,3)
(4257,1)
(4816,3)
(247,4)
(5028,2)
(237,1)
(4030,1)
(2324,2)
(5607,3)
(1162,2)
(4031,1)
(2325,2)
(3330,10)
(4797,4)
(6184,3)
(246,4)
(3331,10)
(178,6)
(2663,8)
(1131,1)
(2334,1)
(4256,1)
(5029,2)
(316,3)
(3219,2)
(2064,3)
(4843,6)
(4510,4)
(4871,2)
(5215,9)
(778,3)
(4870,2)
(3761,5)
(6078,3)
(1624,4)
(3933,4)
(3465,8)
(3712,10)
(2041,4)
(2122,1)
(3694,1)
(2221,3)
(3031,1)
(3774,1)
(956,4)
(2707,3)
(1638,3)
(3167,9)
(2073,4)
(3764,1)
(1796,4)
(2319,5)
(4372,5)
(5965,4)
(1058,1)
(409,2)
(5968,10)
(2832,4)
(4225,1)
(4726,5)
(750,5)
(6209,9)
(3183,2)
(6104,1)
(2706,3)
(3765,1)
(3182,2)
(4223,1)
(4003,2)
(4242,10)
(168,3)
(1059,1)
(4131,1)
(5886,2)
(130,3)
(751,5)
(5652,3)
(5701,9)
(2011,5)
(5462,10)
(2551,3)
(2662,8)
(1709,6)
(3998,2)
(6113,3)
(1345,2)
(5384,4)
(5679,7)
(2550,3)
(3069,6)
(1535,4)
(1670,2)
(1694,2)
(3635,1)
(1344,2)
(1671,2)
(1534,4)
(5385,4)
(2827,4)
(1295,6)
(4588,4)
(768,4)
(1144,7)
(3487,3)
(3987,4)
(1178,3)
(2132,1)
(3537,10)
(5833,4)
(4472,6)
(1104,1)
(4501,4)
(262,4)
(1105,1)
(1685,1)
(5586,6)
(4798,4)
(1003,1)
(3947,1)
(693,1)
(3476,5)
(651,1)
(3946,1)
(2160,1)
(3413,6)
(593,3)
(3458,2)
(2754,7)
(4833,5)
(1988,4)
(2835,2)
(1805,1)
(715,1)
(1279,8)
(3459,2)
(5796,3)
(2755,7)
(6100,2)
(1804,1)
(6101,2)
(1989,4)
(4608,3)
(2303,3)
(3412,6)
(3993,6)
(45,2)
(3992,6)
(2602,3)
(2563,2)
(5358,10)
(592,3)
(1077,5)
(1281,2)
(1938,9)
(1939,9)
(5274,1)
(2685,4)
(5424,6)
(2046,1)
(3473,2)
(2576,4)
(2844,3)
(5425,6)
(1437,1)
(2922,9)
(2047,1)
(2104,1)
(1214,9)
(4799,4)
(2656,4)
(3557,6)
(1566,3)
(4903,3)
(374,5)
(1403,4)
(4902,3)
(738,8)
(1977,4)
(1841,2)
(2938,3)
(3822,3)
(3084,5)
(3551,2)
(1170,1)
(3673,1)
(4095,6)
(1289,3)
(2112,10)
(4094,6)
(4907,2)
(739,8)
(6052,4)
(808,4)
(3377,4)
(6129,1)
(3657,1)
(4386,3)
(5143,8)
(6128,1)
(664,3)
(6103,1)
(4387,3)
(4530,7)
(1840,2)
(4531,7)
(4741,4)
(5506,2)
(4906,2)
(2106,2)
(5975,4)
(594,3)
(595,3)
(4896,3)
(3141,10)
(4524,3)
(3421,2)
(4440,1)
(3586,2)
(4793,2)
(552,7)
(787,2)
(2603,3)
(1223,4)
(4712,3)
(4243,10)
(5604,3)
(2289,2)
(2969,9)
(5934,3)
(1217,7)
(1844,3)
(19,5)
(1764,3)
(1340,6)
(5183,1)
(935,2)
(1563,2)
(2824,1)
(1681,3)
(3240,4)
(5865,3)
(934,2)
(5207,4)
(6261,2)
(4877,2)
(5206,4)
(2569,1)
(3986,4)
(4289,2)
(4744,3)
(214,9)
(2042,1)
(3495,3)
(1531,4)
(4024,3)
(133,1)
(6164,9)
(3428,1)
(1587,3)
(2382,1)
(394,1)
(6173,10)
(3309,6)
(3430,2)
(5128,4)
(1132,3)
(1225,2)
(1569,2)
(3752,8)
(2796,3)
(3019,4)
(4299,8)
(1852,9)
(4063,2)
(2705,10)
(4368,10)
(4792,2)
(3771,1)
(4046,2)
(304,2)
(1901,4)
(2496,1)
(3431,2)
(112,1)
(123,9)
(1224,2)
(1853,9)
(280,4)
(2443,1)
(3697,2)
(3770,1)
(5419,2)
(1133,3)
(4900,4)
(898,2)
(3909,8)
(4981,4)
(4759,3)
(5224,4)
(702,4)
(1116,9)
(5473,8)
(266,10)
(395,1)
(4758,3)
(2931,8)
(4412,3)
(4748,3)
(3125,1)
(3636,7)
(1568,2)
(5377,2)
(5516,7)
(4081,6)
(5292,2)
(4126,4)
(4272,3)
(4945,2)
(4581,4)
(5976,4)
(6229,1)
(1586,3)
(3273,2)
(5225,4)
(432,2)
(3441,5)
(4047,2)
(840,5)
(2497,1)
(948,2)
(4303,8)
(2281,3)
(5338,6)
(1117,9)
(4413,3)
(4800,1)
(3086,5)
(3911,3)
(4298,8)
(1412,6)
(6107,2)
(501,3)
(2284,4)
(3908,8)
(1151,1)
(4244,6)
(1623,2)
(3968,2)
(500,3)
(4245,6)
(1363,7)
(4232,1)
(1922,3)
(2575,3)
(1150,1)
(3848,3)
(4721,6)
(1315,1)
(1377,2)
(2210,3)
(367,4)
(5938,1)
(1376,2)
(4012,2)
(5829,2)
(2500,5)
(5631,2)
(467,8)
(2402,7)
(5109,9)
(4556,8)
(5817,4)
(3325,3)
(3545,3)
(5568,3)
(1512,3)
(3863,5)
(4385,2)
(5937,6)
(6138,1)
(296,3)
(1905,3)
(3869,1)
(5138,6)
(2406,3)
(4853,3)
(5898,1)
(514,1)
(3319,9)
(5569,3)
(705,2)
(6036,1)
(780,1)
(1560,8)
(5565,10)
(2501,5)
(5053,1)
(2013,2)
(2403,7)
(4916,3)
(1771,1)
(1904,3)
(4852,3)
(711,4)
(4384,2)
(3147,1)
(4204,2)
(320,6)
(1728,3)
(4801,1)
(2332,3)
(3333,2)
(6139,1)
(1673,1)
(2255,2)
(2920,3)
(4221,8)
(4634,9)
(1353,1)
(3544,3)
(515,1)
(612,9)
(3322,8)
(4635,9)
(6063,2)
(3786,4)
(5545,10)
(760,5)
(3445,9)
(405,1)
(2452,4)
(2405,9)
(4468,5)
(1236,3)
(1277,2)
(619,2)
(1296,4)
(2716,6)
(4084,5)
(4363,5)
(4953,5)
(6102,1)
(897,7)
(3424,9)
(1297,4)
(4631,10)
(5024,3)
(404,1)
(1276,2)
(2123,1)
(3782,1)
(4399,6)
(862,9)
(3425,9)
(4913,1)
(5750,5)
(5113,9)
(5556,4)
(5281,1)
(845,8)
(5250,3)
(896,7)
(1930,9)
(6049,1)
(953,1)
(2054,2)
(1467,1)
(2868,1)
(2453,4)
(4058,9)
(881,2)
(1740,4)
(2643,2)
(3456,8)
(1194,10)
(3373,10)
(2476,7)
(6043,6)
(1558,10)
(5101,1)
(6048,1)
(3025,4)
(4866,3)
(3787,4)
(5362,2)
(84,8)
(140,10)
(2881,10)
(5583,1)
(2893,3)
(4059,9)
(5204,1)
(1545,2)
(5632,1)
(1195,10)
(2778,5)
(275,5)
(3315,4)
(3372,10)
(5007,1)
(6002,2)
(399,2)
(1072,1)
(4517,1)
(5699,1)
(1356,8)
(2091,9)
(773,1)
(4516,1)
(618,2)
(863,9)
(772,1)
(2343,4)
(2040,4)
(2717,6)
(5519,3)
(2708,4)
(4615,2)
(2342,4)
(2681,2)
(2090,9)
(5751,5)
(4614,2)
(5205,1)
(1466,1)
(4469,5)
(3227,5)
(3564,1)
(761,5)
(5544,10)
(1559,10)
(3444,9)
(976,2)
(4069,3)
(2830,4)
(4235,2)
(2779,5)
(4912,1)
(2887,2)
(5670,3)
(6059,7)
(461,3)
(1794,1)
(4667,1)
(4882,8)
(1795,1)
(2000,7)
(2886,2)
(2375,2)
(3208,1)
(5090,8)
(199,3)
(920,2)
(2425,2)
(337,4)
(2424,2)
(519,3)
(866,2)
(1933,3)
(4805,4)
(5222,3)
(1273,1)
(1932,3)
(802,1)
(813,1)
(1481,2)
(2010,5)
(1777,3)
(4354,2)
(5151,4)
(1188,3)
(3553,4)
(5246,7)
(2317,10)
(3014,2)
(4962,1)
(3813,3)
(5656,3)
(6144,2)
(93,1)
(1300,3)
(973,4)
(2688,2)
(227,2)
(4153,1)
(4622,2)
(5819,1)
(4985,3)
(5824,1)
(2234,3)
(3344,2)
(4147,2)
(121,2)
(226,2)
(218,1)
(1189,3)
(4202,2)
(2686,4)
(3645,1)
(92,1)
(1069,2)
(1283,10)
(5616,1)
(4844,9)
(5149,2)
(2689,2)
(4380,2)
(5926,1)
(867,2)
(3580,9)
(6233,3)
(5319,4)
(5612,10)
(1025,4)
(4152,1)
(4804,4)
(5726,3)
(5853,2)
(1271,6)
(4376,3)
(378,5)
(4869,3)
(4984,3)
(2469,4)
(1832,4)
(3015,2)
(525,9)
(3597,10)
(5184,4)
(524,9)
(4565,2)
(1130,1)
(3935,1)
(4112,3)
(4845,9)
(5317,6)
(5320,8)
(812,1)
(5727,3)
(1272,1)
(3397,3)
(6232,3)
(2270,9)
(2722,6)
(4355,2)
(803,1)
(1270,6)
(2291,7)
(5318,4)
(1422,6)
(3475,2)
(2017,8)
(3438,2)
(2687,4)
(5613,10)
(5852,2)
(3474,2)
(3581,9)
(2520,3)
(5173,4)
(3068,6)
(6185,3)
(4203,2)
(5166,3)
(317,3)
(4924,3)
(478,2)
(1052,9)
(4377,3)
(1204,4)
(2353,3)
(3057,6)
(2316,10)
(5321,8)
(1190,6)
(5167,3)
(448,2)
(1433,3)
(219,1)
(1458,3)
(638,4)
(1432,3)
(5247,7)
(2561,8)
(5072,9)
(1163,2)
(4796,4)
(1326,1)
(4437,3)
(5185,4)
(5073,9)
(5148,2)
(3396,3)
(3847,3)
(3552,4)
(5825,1)
(6145,2)
(1191,6)
(2724,1)
(2016,8)
(5223,3)
(1887,7)
(1994,7)
(2075,2)
(3776,7)
(5573,3)
(1037,8)
(1112,2)
(4925,3)
(5580,2)
(1036,8)
(1399,3)
(639,4)
(921,2)
(4996,5)
(417,2)
(6196,7)
(416,2)
(3033,6)
(5906,1)
(236,1)
(2335,1)
(2195,4)
(5922,4)
(5314,3)
(5531,1)
(447,3)
(4190,6)
(4525,3)
(1400,5)
(5907,1)
(1398,3)
(1991,2)
(2074,2)
(1815,2)
(5172,4)
(3934,1)
(5581,2)
(4934,1)
(5923,4)
(2941,3)
(3032,6)
(4671,1)
(1776,3)
(3439,2)
(1401,5)
(3140,10)
(4441,1)
(1024,4)
(60,1)
(1949,6)
(5046,2)
(994,4)
(5315,3)
(1113,2)
(2940,3)
(446,3)
(6197,7)
(727,5)
(3102,9)
(5047,2)
(4154,3)
(4791,4)
(4935,1)
(1995,7)
(4670,1)
(442,5)
(2647,6)
(2161,1)
(5478,2)
(2033,1)
(2646,6)
(2397,4)
(3338,1)
(5684,1)
(3686,3)
(4255,4)
(1912,2)
(2799,3)
(579,2)
(1878,2)
(38,4)
(2809,5)
(4208,7)
(5555,7)
(2745,1)
(3632,2)
(2005,4)
(4496,6)
(3720,6)
(3500,2)
(4311,1)
(2410,1)
(3477,5)
(4675,4)
(5554,7)
(2562,2)
(4209,7)
(4310,1)
(3721,6)
(5468,1)
(860,7)
(1479,8)
(5020,9)
(5677,2)
(641,5)
(992,6)
(5744,1)
(993,6)
(3804,2)
(1747,2)
(349,4)
(2148,2)
(6149,3)
(1675,4)
(1825,1)
(5896,3)
(5075,3)
(5278,2)
(5393,10)
(6042,6)
(5074,3)
(2309,4)
(2676,5)
(4210,2)
(5279,2)
(523,3)
(1042,6)
(4343,5)
(522,3)
(4211,2)
(2498,4)
(4707,3)
(668,5)
(2173,10)
(1788,3)
(5259,2)
(5440,8)
(600,4)
(2065,3)
(4238,1)
(5757,2)
(2233,4)
(842,2)
(3261,4)
(2502,1)
(3685,7)
(6262,2)
(5725,2)
(4734,1)
(5035,9)
(843,2)
(1180,1)
(2714,7)
(2851,4)
(5512,7)
(456,6)
(4551,6)
(1509,4)
(4974,1)
(1713,6)
(3260,4)
(1712,6)
(4735,1)
(4134,3)
(5513,7)
(331,1)
(4706,3)
(1057,9)
(4550,6)
(3278,1)
(4239,1)
(2890,3)
(4215,8)
(1245,2)
(5724,2)
(3121,4)
(3355,1)
(5194,6)
(2929,3)
(4086,6)
(4772,3)
(6241,4)
(1542,3)
(2395,9)
(5764,4)
(2092,3)
(2129,2)
(391,4)
(1122,3)
(3017,1)
(3354,1)
(4773,3)
(5967,1)
(6240,4)
(830,6)
(6141,5)
(1891,3)
(2976,3)
(4730,8)
(3828,3)
(4423,4)
(1890,3)
(4017,9)
(5033,6)
(5146,1)
(696,1)
(1945,1)
(153,3)
(5040,8)
(831,6)
(2822,3)
(6231,6)
(720,4)
(954,4)
(1119,4)
(3093,5)
(955,4)
(2261,10)
(6230,6)
(124,2)
(1835,4)
(230,1)
(4757,8)
(4857,4)
(549,2)
(4246,4)
(5464,8)
(4340,4)
(4373,5)
(5252,3)
(2386,1)
(2441,4)
(3650,8)
(5375,4)
(1096,4)
(2943,4)
(2318,5)
(5653,3)
(2461,2)
(2933,2)
(4956,4)
(1339,1)
(3392,4)
(5217,3)
(1266,1)
(5811,2)
(742,4)
(1267,1)
(569,4)
(3448,6)
(6095,1)
(6204,3)
(5525,3)
(5614,1)
(5694,9)
(1352,1)
(1629,4)
(5027,4)
(5406,10)
(118,8)
(4753,9)
(510,4)
(6259,4)
(3871,1)
(5524,3)
(2051,1)
(2264,1)
(4957,4)
(3486,3)
(5165,3)
(1338,1)
(1817,5)
(1626,9)
(744,7)
(4939,4)
(1062,7)
(1103,2)
(1879,2)
(2208,2)
(3181,8)
(5283,2)
(6114,3)
(1054,7)
(1561,8)
(269,8)
(3874,3)
(1146,2)
(848,4)
(2473,3)
(2895,2)
(4887,3)
(6146,2)
(849,4)
(1846,3)
(4889,8)
(3189,2)
(4616,1)
(4719,3)
(4836,3)
(3678,4)
(5919,2)
(6135,2)
(1865,10)
(3088,10)
(4998,7)
(2739,2)
(5970,9)
(6210,4)
(1147,2)
(1665,3)
(3188,2)
(4617,1)
(4898,8)
(4941,2)
(1650,3)
(4923,5)
(2197,6)
(2611,5)
(5916,1)
(150,4)
(853,7)
(1490,10)
(3943,8)
(745,7)
(5696,8)
(1678,1)
(3995,4)
(4438,4)
(5333,6)
(4301,1)
(4576,4)
(4922,5)
(4459,2)
(4862,4)
(2196,6)
(1651,3)
(2438,3)
(621,4)
(4300,1)
(5697,8)
(2429,1)
(3872,4)
(103,2)
(128,1)
(2071,4)
(3262,4)
(3335,5)
(3072,3)
(4863,4)
(1168,2)
(1231,5)
(151,4)
(3994,4)
(985,1)
(1966,1)
(129,1)
(1484,2)
(314,4)
(1679,1)
(3942,8)
(1528,3)
(4439,4)
(5905,2)
(1002,1)
(2812,3)
(5681,1)
(1980,4)
(4281,1)
(5219,2)
(1790,2)
(1981,4)
(2897,1)
(5218,2)
(162,2)
(120,2)
(1301,3)
(568,4)
(908,6)
(2803,1)
(806,4)
(2305,8)
(163,2)
(2304,8)
(1114,7)
(4375,7)
(3924,5)
(6237,5)
(1962,1)
(4521,5)
(264,1)
(3583,5)
(1034,4)
(1895,3)
(628,4)
(957,4)
(2172,10)
(3817,9)
(826,5)
(4353,4)
(3320,1)
(5244,10)
(6243,6)
(3728,5)
(6003,2)
(3436,1)
(4227,5)
(629,4)
(5340,8)
(669,5)
(2140,6)
(5782,2)
(690,9)
(2915,5)
(2955,4)
(4358,1)
(5269,3)
(5032,6)
(5251,3)
(3540,3)
(5605,3)
(1498,5)
(4620,3)
(5551,4)
(1894,3)
(5187,2)
(2141,6)
(3162,1)
(5378,3)
(6215,2)
(385,6)
(2906,3)
(1963,1)
(2070,4)
(2613,6)
(3690,4)
(3609,9)
(4280,1)
(6242,6)
(2471,2)
(4226,5)
(5268,3)
(5783,2)
(183,2)
(4458,2)
(4520,5)
(5784,1)
(567,1)
(3000,2)
(2470,2)
(4547,2)
(810,3)
(1645,4)
(3625,4)
(5752,1)
(811,3)
(3816,9)
(2022,3)
(2417,6)
(2633,10)
(5534,3)
(807,4)
(1115,7)
(3608,9)
(384,6)
(3165,4)
(3723,5)
(4374,7)
(5245,10)
(4367,10)
(4400,6)
(1529,3)
(1644,4)
(2954,4)
(1511,2)
(1606,1)
(3691,4)
(5186,2)
(3263,4)
(4982,1)
(3050,1)
(4529,1)
(2723,6)
(3051,1)
(4738,1)
(1454,5)
(5439,3)
(3598,6)
(4739,1)
(1552,2)
(3543,3)
(3643,4)
(5360,5)
(979,1)
(5088,6)
(1260,2)
(3245,3)
(342,1)
(5361,5)
(681,3)
(1926,1)
(1261,2)
(3864,4)
(343,1)
(978,1)
(1927,1)
(3244,3)
(2037,8)
(3560,1)
(5942,4)
(1742,4)
(3561,1)
(440,2)
(5691,2)
(441,2)
(3938,6)
(670,2)
(1278,8)
(3235,4)
(2554,9)
(3447,1)
(4591,10)
(971,1)
(3716,4)
(1316,1)
(3939,6)
(1120,1)
(5663,4)
(1317,1)
(4682,7)
(3526,2)
(3605,3)
(414,1)
(1121,1)
(1755,9)
(3150,2)
(346,3)
(415,1)
(730,2)
(3151,2)
(91,6)
(4502,3)
(1754,9)
(2100,4)
(6089,2)
(1012,1)
(1187,2)
(1013,1)
(3434,2)
(970,1)
(4585,7)
(5210,3)
(5647,3)
(322,10)
(2617,2)
(2130,10)
(4309,7)
(1859,3)
(4732,2)
(3164,4)
(3437,1)
(4002,2)
(5037,2)
(4308,7)
(5649,4)
(6211,4)
(2738,2)
(4029,10)
(5648,4)
(1514,4)
(1847,3)
(3957,7)
(2131,10)
(5992,4)
(964,6)
(3237,1)
(725,10)
(5126,6)
(4564,2)
(3361,2)
(5762,6)
(5901,4)
(3360,2)
(294,3)
(438,3)
(4641,1)
(1290,3)
(4765,4)
(2077,4)
(4349,9)
(4537,3)
(2631,1)
(5682,1)
(1425,1)
(2926,5)
(963,9)
(6124,1)
(4350,4)
(5017,8)
(412,4)
(2927,5)
(2076,4)
(4180,9)
(4427,1)
(6016,6)
(1235,3)
(2630,1)
(4060,4)
(2351,8)
(3256,4)
(4133,1)
(4390,3)
(4393,1)
(476,1)
(3129,2)
(5356,2)
(1174,3)
(5749,4)
(2548,9)
(4323,2)
(2483,1)
(4788,1)
(4067,10)
(4933,2)
(5312,1)
(423,4)
(3200,2)
(5213,10)
(4023,2)
(5566,7)
(872,3)
(5869,3)
(4217,3)
(4632,2)
(3693,2)
(5528,2)
(1349,6)
(3106,1)
(1792,2)
(2585,9)
(833,1)
(2696,5)
(1786,6)
(2640,9)
(5859,8)
(255,1)
(4494,5)
(5963,1)
(482,9)
(879,6)
(3135,3)
(3249,3)
(4018,4)
(5644,2)
(893,4)
(2505,8)
(847,3)
(5202,2)
(421,4)
(5466,4)
(2079,8)
(4505,3)
(4536,3)
(917,8)
(1770,1)
(3332,2)
(1483,4)
(4824,1)
(3052,2)
(5203,2)
(996,1)
(2831,4)
(5308,7)
(661,6)
(846,3)
(3053,2)
(3472,2)
(6199,4)
(1602,4)
(1960,3)
(5643,10)
(1456,6)
(2989,2)
(2268,2)
(3266,2)
(5397,3)
(4618,3)
(6167,5)
(652,6)
(3353,7)
(2846,1)
(4561,2)
(5353,4)
(306,4)
(463,1)
(3109,2)
(4028,10)
(3451,8)
(3930,4)
(2467,6)
(4490,3)
(724,10)
(1515,4)
(2027,1)
(4868,3)
(18,5)
(6125,1)
(1519,2)
(4282,7)
(240,10)
(5909,5)
(816,5)
(841,5)
(1305,9)
(5667,2)
(815,9)
(6160,2)
(915,4)
(4130,1)
(4492,3)
(4997,5)
(1875,4)
(5316,6)
(3206,4)
(4515,4)
(2528,3)
(3037,2)
(4795,2)
(5092,8)
(256,3)
(2121,4)
(1485,2)
(2600,4)
(4201,2)
(2293,4)
(5270,8)
(3370,4)
(4507,3)
(1851,3)
(4518,3)
(701,4)
(1705,1)
(5628,4)
(2379,7)
(3618,4)
(315,4)
(988,2)
(1230,5)
(5635,4)
(6162,1)
(5271,8)
(5714,5)
(878,6)
(4073,3)
(4333,3)
(3119,3)
(4404,1)
(4639,2)
(4786,2)
(110,3)
(5499,2)
(3492,3)
(5533,4)
(1200,5)
(2480,4)
(2571,2)
(2517,4)
(5416,3)
(400,4)
(4787,2)
(2223,9)
(5532,4)
(5707,9)
(2398,2)
(3209,1)
(5894,7)
(2666,3)
(3493,3)
(918,9)
(991,2)
(3197,10)
(4612,2)
(5121,6)
(1314,1)
(1701,3)
(4596,4)
(2583,9)
(5216,3)
(1299,1)
(5808,5)
(2433,9)
(2620,2)
(2784,1)
(1948,6)
(4755,3)
(5729,4)
(2315,4)
(3118,3)
(2553,10)
(3094,3)
(3326,5)
(5633,1)
(4905,3)
(5030,3)
(1983,2)
(4664,1)
(353,3)
(4548,9)
(6207,1)
(1734,8)
(4943,1)
(354,6)
(3201,2)
(2111,8)
(2144,2)
(1839,5)
(4346,7)
(59,3)
(3638,2)
(4936,4)
(5230,1)
(1040,10)
(5675,2)
(1813,1)
(5780,4)
(4107,1)
(4538,4)
(137,9)
(576,1)
(11,1)
(2522,3)
(4420,3)
(107,3)
(2917,5)
(3820,1)
(4625,7)
(6022,4)
(1159,1)
(1821,9)
(4532,1)
(5139,6)
(5564,10)
(4132,1)
(5285,6)
(1434,2)
(1819,6)
(1556,7)
(3745,1)
(1970,8)
(3123,2)
(381,8)
(2372,2)
(3159,1)
(710,4)
(1672,1)
(3323,8)
(1243,4)
(1298,1)
(4197,2)
(2591,5)
(5874,4)
(2045,1)
(4666,1)
(3923,4)
(4181,9)
(5330,3)
(370,7)
(1007,2)
(3154,9)
(2333,3)
(4220,8)
(2120,4)
(4549,9)
(5078,4)
(3193,1)
(5830,2)
(2826,4)
(5387,10)
(2258,1)
(4743,4)
(4229,8)
(5672,3)
(1017,3)
(4702,4)
(660,6)
(1717,7)
(3352,7)
(5257,4)
(2373,2)
(2434,10)
(5671,3)
(676,4)
(5133,10)
(3460,7)
(3881,2)
(6004,2)
(6165,9)
(3082,2)
(1411,3)
(5734,9)
(1094,4)
(3855,3)
(1767,2)
(3008,4)
(1333,4)
(4388,9)
(54,3)
(2277,4)
(3929,9)
(2515,2)
(4409,3)
(5264,1)
(1555,1)
(4056,4)
(3904,2)
(4583,3)
(5,1)
(3698,7)
(1259,2)
(6226,2)
(584,1)
(723,2)
(321,6)
(4286,6)
(573,4)
(2764,4)
(648,10)
(1836,3)
(2457,10)
(4491,3)
(5704,9)
(2541,3)
(4888,8)
(5228,1)
(5989,10)
(2170,2)
(4283,7)
(2990,3)
(5379,3)
(2456,10)
(4457,10)
(259,4)
(5598,2)
(1763,4)
(4128,4)
(6258,4)
(677,4)
(1496,4)
(3575,5)
(4418,3)
(3346,4)
(1843,3)
(2924,3)
(4444,10)
(3571,1)
(3574,5)
(4919,3)
(5306,3)
(1999,2)
(6268,6)
(2250,4)
(4987,3)
(4199,1)
(2574,3)
(2629,4)
(3883,4)
(4918,3)
(554,2)
(3931,4)
(1346,3)
(3619,4)
(3114,5)
(4461,4)
(1082,10)
(3769,7)
(2159,4)
(3590,4)
(3732,6)
(5395,2)
(1837,3)
(4499,1)
(5928,4)
(1239,8)
(2272,1)
(796,4)
(5023,3)
(4430,1)
(5805,10)
(37,1)
(3351,2)
(4394,2)
(422,4)
(943,4)
(2725,1)
(3846,3)
(2199,9)
(2860,9)
(3805,2)
(2601,4)
(3612,2)
(8,7)
(5887,2)
(613,9)
(4287,6)
(6228,1)
(1436,1)
(2105,1)
(173,2)
(2903,3)
(3306,5)
(977,2)
(1308,7)
(193,4)
(5998,4)
(1492,1)
(4627,5)
(6150,9)
(643,4)
(6028,2)
(1282,10)
(3795,1)
(1015,9)
(5766,3)
(1935,3)
(2245,1)
(4878,3)
(2834,2)
(5019,2)
(3429,1)
(2537,3)
(3628,4)
(6085,1)
(903,8)
(4118,10)
(6224,3)
(714,1)
(2841,8)
(1134,6)
(4541,2)
(5650,9)
(3744,1)
(6195,6)
(1598,8)
(4119,10)
(4879,3)
(2180,1)
(5191,10)
(4533,1)
(4678,2)
(3168,3)
(3807,3)
(1390,3)
(1863,7)
(4356,4)
(5741,8)
(6205,3)
(6250,2)
(2896,1)
(2780,10)
(2921,3)
(3818,9)
(4357,4)
(5835,3)
(430,4)
(2191,3)
(5669,7)
(4969,2)
(5834,3)
(180,7)
(1669,4)
(5777,3)
(5918,2)
(245,6)
(1780,7)
(4825,1)
(6093,2)
(6174,4)
(4718,3)
(4407,6)
(5826,3)
(4593,4)
(4899,8)
(1010,7)
(2657,4)
(4629,1)
(734,6)
(5423,6)
(2655,9)
(3464,8)
(4619,3)
(4854,4)
(2979,4)
(3833,8)
(4884,1)
(177,7)
(1658,8)
(3797,3)
(5472,8)
(145,1)
(2376,4)
(644,10)
(2301,7)
(6217,7)
(5687,3)
(6134,2)
(1760,2)
(4649,2)
(5827,3)
(2260,10)
(666,5)
(6181,6)
(3617,8)
(5086,3)
(5489,2)
(700,4)
(3809,2)
(3602,6)
(6083,6)
(3984,4)
(4057,4)
(1761,2)
(3267,2)
(3616,8)
(101,2)
(5946,2)
(779,3)
(3406,3)
(684,3)
(5156,3)
(6021,3)
(5645,2)
(6216,7)
(3408,9)
(4885,1)
(100,2)
(5093,8)
(1726,4)
(2244,1)
(5087,3)
(420,4)
(2771,3)
(538,9)
(2034,7)
(2435,10)
(2974,7)
(80,8)
(3893,4)
(2392,6)
(3751,8)
(4224,1)
(722,2)
(5961,2)
(505,5)
(858,8)
(2598,1)
(4967,4)
(184,7)
(797,4)
(2252,1)
(1383,4)
(1996,3)
(2002,8)
(5157,3)
(83,4)
(688,1)
(3382,3)
(620,4)
(2428,1)
(4577,4)
(1286,10)
(3047,10)
(3808,2)
(1093,4)
(3195,3)
(4648,2)
(2202,1)
(4021,1)
(685,3)
(6190,8)
(891,7)
(3280,4)
(1202,3)
(5249,1)
(5974,4)
(2269,2)
(6020,3)
(5344,4)
(5735,9)
(1009,2)
(5396,3)
(5776,3)
(1011,7)
(3832,8)
(3229,1)
(4048,1)
(2978,4)
(3559,2)
(6008,1)
(1883,8)
(3364,3)
(3277,2)
(5608,3)
(2147,8)
(5488,2)
(3819,9)
(6198,4)
(1491,10)
(1791,2)
(1967,1)
(5904,2)
(3550,2)
(6213,10)
(396,2)
(4473,6)
(1982,2)
(4849,1)
(1310,2)
(1985,7)
(5980,5)
(4642,10)
(4859,2)
(3048,4)
(1409,2)
(2588,6)
(5932,4)
(144,1)
(2107,2)
(817,5)
(3796,3)
(3990,1)
(6013,3)
(1536,10)
(2675,10)
(2998,1)
(1518,2)
(4143,3)
(1075,4)
(1688,1)
(3789,5)
(4284,1)
(3080,3)
(5209,3)
(1696,3)
(3763,1)
(4940,2)
(2445,2)
(4746,1)
(1900,4)
(4851,3)
(49,3)
(3232,3)
(868,2)
(2226,2)
(5339,6)
(26,2)
(2815,2)
(2109,3)
(2378,7)
(3113,9)
(5958,1)
(782,1)
(1703,3)
(2509,7)
(3011,4)
(2213,4)
(4848,1)
(2857,1)
(4594,10)
(1870,4)
(4293,3)
(2504,8)
(2891,3)
(3131,4)
(116,5)
(3504,1)
(4637,2)
(5639,2)
(6244,3)
(924,1)
(1086,9)
(1503,4)
(5221,2)
(2391,3)
(4174,4)
(3541,3)
(5700,9)
(2679,2)
(3666,7)
(4179,3)
(69,5)
(1468,3)
(3248,3)
(27,2)
(2158,4)
(1332,4)
(1961,3)
(371,7)
(2118,2)
(3830,3)
(4231,4)
(585,1)
(766,3)
(1934,3)
(6225,3)
(527,9)
(2842,7)
(2750,3)
(6265,1)
(1727,4)
(3078,3)
(5787,3)
(4040,3)
(50,3)
(3757,3)
(608,1)
(3507,1)
(407,3)
(3148,3)
(2867,3)
(3176,4)
(665,3)
(3144,3)
(4729,6)
(4754,3)
(5067,1)
(2124,2)
(3407,3)
(2137,8)
(5712,2)
(1925,1)
(4054,7)
(1871,4)
(4110,4)
(6127,7)
(5003,5)
(6050,1)
(2819,3)
(2864,3)
(1374,6)
(1435,2)
(344,2)
(1721,8)
(3145,3)
(397,2)
(1640,2)
(3696,2)
(5129,4)
(3589,1)
(3680,4)
(1676,3)
(5235,9)
(4019,4)
(5520,2)
(3034,9)
(3191,2)
(3466,1)
(947,1)
(4606,2)
(3562,4)
(5603,3)
(3591,4)
(4514,4)
(5503,3)
(2108,3)
(2327,4)
(3210,4)
(4051,3)
(1014,9)
(4329,1)
(345,2)
(3156,6)
(6010,1)
(708,9)
(1335,2)
(1414,10)
(5237,4)
(111,3)
(1212,6)
(3313,4)
(5058,7)
(1588,2)
(5099,4)
(283,9)
(450,3)
(138,7)
(1206,2)
(4465,1)
(2367,10)
(6073,8)
(6126,7)
(68,5)
(4163,4)
(5049,2)
(1697,3)
(4990,1)
(4822,7)
(6239,3)
(936,8)
(5791,2)
(1753,2)
(5104,6)
(6249,9)
(1702,3)
(2186,3)
(4157,4)
(64,8)
(2362,3)
(3391,1)
(1375,6)
(2058,1)
(497,8)
(3631,2)
(5538,6)
(2785,1)
(3954,4)
(1347,3)
(4643,10)
(4958,10)
(2671,1)
(5692,8)
(383,1)
(466,8)
(2306,5)
(1325,2)
(3714,2)
(3594,9)
(5543,2)
(484,4)
(4159,3)
(5686,3)
(1781,7)
(3076,4)
(4663,9)
(726,5)
(2026,1)
(5369,10)
(718,4)
(2069,3)
(559,4)
(5940,9)
(2212,4)
(5711,4)
(1175,3)
(3026,4)
(2628,4)
(3087,5)
(4233,1)
(814,9)
(5537,2)
(1219,2)
(2412,1)
(3450,8)
(3843,2)
(513,2)
(1942,9)
(545,7)
(932,5)
(1153,10)
(919,9)
(1108,9)
(5806,10)
(1823,2)
(6254,1)
(2447,3)
(555,2)
(5198,3)
(4466,2)
(5743,4)
(4288,2)
(5769,1)
(5409,3)
(5592,4)
(1431,6)
(2712,2)
(3132,4)
(5159,2)
(1107,1)
(1768,1)
(1633,4)
(4994,2)
(3792,8)
(5227,2)
(1693,10)
(5098,4)
(646,8)
(1493,1)
(205,6)
(272,10)
(1455,5)
(3766,2)
(3126,5)
(3401,2)
(5959,1)
(1724,2)
(1732,6)
(5457,4)
(1221,2)
(4410,8)
(1364,4)
(2581,6)
(4809,1)
(931,1)
(1614,10)
(4428,9)
(5651,9)
(2653,10)
(5059,7)
(5442,3)
(5991,7)
(6040,3)
(2024,1)
(3257,4)
(4506,3)
(5305,7)
(6132,5)
(3036,2)
(4039,3)
(1868,3)
(1330,3)
(4449,4)
(6044,9)
(2510,3)
(3727,8)
(3821,1)
(5014,1)
(6041,3)
(2059,1)
(4072,3)
(5676,2)
(6001,8)
(191,5)
(1257,5)
(2508,7)
(1262,8)
(3653,5)
(3866,4)
(4279,2)
(1424,1)
(2727,3)
(788,3)
(2994,1)
(3711,5)
(1521,3)
(2394,9)
(5110,2)
(1368,3)
(4171,1)
(2621,2)
(5502,3)
(3365,3)
(5698,1)
(4315,4)
(6084,1)
(995,4)
(1442,1)
(470,3)
(2089,7)
(2737,3)
(689,1)
(3316,9)
(4665,1)
(1959,7)
(3044,7)
(3614,2)
(2431,9)
(4486,2)
(3651,8)
(5654,9)
(3321,1)
(4359,1)
(5550,4)
(326,8)
(5665,2)
(4714,2)
(5399,2)
(2608,3)
(4109,2)
(4760,6)
(5487,2)
(574,4)
(3021,2)
(86,2)
(4247,4)
(737,2)
(2460,2)
(6038,1)
(900,1)
(3299,3)
(4341,4)
(5130,1)
(182,2)
(5085,8)
(428,9)
(3699,7)
(2959,10)
(5540,9)
(4806,3)
(5253,3)
(1043,6)
(1127,8)
(5231,1)
(6068,2)
(2523,3)
(5674,2)
(3518,1)
(4607,2)
(4858,2)
(4991,1)
(1655,3)
(2988,2)
(3212,2)
(3393,4)
(36,1)
(4431,1)
(2731,3)
(3568,6)
(30,10)
(3656,1)
(5265,1)
(1765,3)
(5304,7)
(5435,3)
(254,1)
(2855,2)
(5236,4)
(233,2)
(336,4)
(3859,4)
(2262,4)
(3083,2)
(3271,9)
(3422,9)
(369,8)
(1384,1)
(4977,6)
(5522,3)
(6081,3)
(1250,1)
(4041,3)
(951,4)
(5276,8)
(1604,2)
(3577,7)
(7,6)
(3030,1)
(87,2)
(5390,3)
(4158,3)
(4961,3)
(1275,8)
(2720,2)
(623,10)
(1324,2)
(2331,2)
(2810,2)
(4830,4)
(1408,2)
(5309,7)
(3647,1)
(5248,1)
(692,1)
(5837,2)
(2798,3)
(577,1)
(4972,2)
(3417,2)
(4324,1)
(4191,6)
(1135,6)
(2536,3)
(2683,1)
(2916,5)
(3629,4)
(6194,6)
(2511,3)
(4036,7)
(5848,10)
(287,3)
(674,4)
(161,3)
(2980,6)
(3020,2)
(5515,7)
(135,5)
(4740,4)
(839,10)
(5514,7)
(2134,3)
(2697,5)
(2892,3)
(4575,2)
(4519,3)
(4560,2)
(2928,3)
(3840,7)
(4701,4)
(3112,9)
(4383,5)
(4016,9)
(5765,4)
(3462,10)
(5799,3)
(1256,5)
(4085,5)
(675,4)
(4106,1)
(28,3)
(1041,10)
(1251,1)
(1608,2)
(3115,5)
(5664,2)
(1331,3)
(3172,3)
(3516,2)
(3593,1)
(558,4)
(6051,1)
(873,3)
(2416,6)
(3860,7)
(5471,8)
(5917,1)
(990,2)
(3111,9)
(3517,2)
(6072,8)
(2995,1)
(4263,4)
(4362,5)
(3276,2)
(5733,1)
(44,2)
(363,5)
(850,3)
(3009,4)
(3579,1)
(5822,4)
(3922,4)
(4831,4)
(2627,6)
(221,4)
(791,10)
(2432,9)
(159,9)
(1882,8)
(1889,1)
(3134,3)
(250,3)
(5523,3)
(4589,4)
(5386,10)
(5889,2)
(1539,3)
(1800,9)
(4125,3)
(251,3)
(642,4)
(1196,1)
(5621,6)
(946,1)
(4111,4)
(4802,2)
(3755,5)
(4124,3)
(1085,1)
(3754,5)
(171,10)
(1264,1)
(1365,4)
(4448,4)
(1429,3)
(4216,3)
(298,5)
(2971,9)
(4693,7)
(483,9)
(1494,5)
(204,6)
(6029,2)
(1084,1)
(1249,2)
(3565,1)
(5280,1)
(6158,4)
(273,10)
(5990,7)
(565,3)
(4880,3)
(671,2)
(1102,2)
(3670,9)
(5589,2)
(2775,1)
(3826,9)
(625,7)
(2110,8)
(4178,3)
(2774,1)
(4979,4)
(5688,1)
(822,10)
(4839,7)
(3105,2)
(239,7)
(2802,1)
(2970,9)
(3272,2)
(4273,3)
(3226,5)
(4037,7)
(1543,3)
(2858,5)
(3652,5)
(5015,1)
(2645,3)
(2726,3)
(3497,3)
(5482,2)
(4200,2)
(5527,7)
(697,1)
(2430,9)
(4658,1)
(3104,2)
(4291,8)
(1406,1)
(1548,1)
(4447,6)
(3767,2)
(3794,1)
(928,6)
(4995,2)
(2254,2)
(2595,2)
(4810,2)
(1274,8)
(3097,3)
(2487,6)
(4304,7)
(1874,4)
(3371,4)
(2229,7)
(4762,1)
(2875,1)
(4071,1)
(5630,2)
(1177,3)
(1465,10)
(3676,5)
(4610,10)
(1158,1)
(2419,9)
(2276,4)
(3077,4)
(6034,3)
(678,3)
(2139,3)
(2570,2)
(1615,10)
(5438,3)
(2384,7)
(3233,3)
(3177,4)
(4328,1)
(6151,9)
(498,10)
(1229,2)
(386,3)
(2421,1)
(1667,6)
(3610,4)
(4068,3)
(6267,4)
(1407,1)
(2626,6)
(443,5)
(1438,2)
(3339,1)
(3501,2)
(492,1)
(987,2)
(147,2)
(852,7)
(3357,1)
(1664,3)
(1746,2)
(3089,10)
(1109,9)
(4292,3)
(5351,1)
(4731,8)
(6140,5)
(3216,1)
(4915,8)
(1248,2)
(3827,9)
(2176,9)
(2323,2)
(2401,1)
(376,2)
(4451,9)
(449,2)
(2088,7)
(2266,1)
(4075,4)
(4268,6)
(5803,4)
(4290,8)
(4989,2)
(5326,7)
(3592,1)
(3867,4)
(2238,1)
(5925,4)
(2639,8)
(5256,4)
(431,4)
(5536,2)
(1872,9)
(2949,3)
(4275,2)
(6006,9)
(561,1)
(2494,2)
(5666,2)
(3231,2)
(4834,4)
(74,1)
(1855,2)
(2363,3)
(4172,1)
(347,3)
(752,2)
(2840,8)
(2143,2)
(4910,1)
(982,2)
(2567,4)
(776,4)
(3955,4)
(1220,2)
(1497,4)
(3835,4)
(217,1)
(2695,1)
(2800,8)
(5770,3)
(61,1)
(1073,1)
(3842,2)
(3637,7)
(6142,3)
(1524,3)
(5841,6)
(1827,2)
(4572,3)
(393,1)
(1873,9)
(3902,5)
(3440,5)
(5977,4)
(6079,3)
(4927,5)
(5180,1)
(1607,1)
(5436,2)
(871,4)
(5746,8)
(1386,1)
(6143,3)
(1943,9)
(5182,1)
(4526,10)
(4571,2)
(1589,2)
(4278,2)
(3834,4)
(5370,3)
(4815,4)
(5838,2)
(5899,1)
(679,3)
(3532,4)
(1327,1)
(3707,1)
(5038,1)
(82,4)
(4487,2)
(2235,3)
(5657,3)
(1367,1)
(3041,1)
(3066,2)
(201,1)
(1806,6)
(279,6)
(4034,4)
(5302,2)
(5372,3)
(5705,9)
(1812,1)
(6159,4)
(98,3)
(3137,2)
(1666,6)
(2179,1)
(4347,7)
(4976,6)
(4539,4)
(4624,7)
(2420,1)
(5429,8)
(925,1)
(1502,1)
(1858,3)
(4099,2)
(2164,9)
(4725,10)
(15,3)
(2374,2)
(142,10)
(4737,3)
(1215,9)
(4988,2)
(6025,2)
(3467,1)
(2540,3)
(2894,2)
(5993,4)
(55,3)
(1910,7)
(2300,7)
(3533,4)
(73,2)
(3710,5)
(4785,7)
(5888,2)
(1862,7)
(1903,4)
(3350,2)
(2968,9)
(3861,7)
(5056,1)
(884,3)
(6055,4)
(1087,9)
(2952,3)
(575,4)
(3416,2)
(4218,4)
(5781,4)
(516,9)
(655,2)
(6023,4)
(6080,3)
(2859,5)
(3724,6)
(5428,8)
(3850,2)
(4259,1)
(2472,3)
(3875,3)
(5971,9)
(798,1)
(4168,1)
(5063,9)
(1936,1)
(2239,1)
(3991,1)
(4188,2)
(418,3)
(1471,3)
(1048,3)
(2152,1)
(5599,2)
(5863,5)
(1557,7)
(5190,10)
(427,2)
(2818,3)
(3067,2)
(2599,1)
(4696,4)
(5617,1)
(5818,1)
(1027,4)
(3512,2)
(6077,4)
(258,4)
(358,1)
(1775,1)
(2911,3)
(929,6)
(3400,2)
(1668,4)
(5383,1)
(950,4)
(1197,1)
(526,9)
(3703,1)
(2211,3)
(4464,1)
(960,3)
(1207,2)
(1026,4)
(3641,7)
(2032,1)
(5845,3)
(2678,2)
(5985,7)
(2587,1)
(3654,4)
(3310,2)
(4142,3)
(5303,2)
(3524,2)
(5539,6)
(1809,4)
(4008,5)
(22,1)
(5849,10)
(3046,10)
(5381,2)
(4170,1)
(5609,3)
(837,1)
(2414,2)
(4821,3)
(2694,1)
(4814,4)
(5936,6)
(5079,4)
(6248,9)
(989,2)
(1141,1)
(2288,2)
(5057,1)
(1203,3)
(3648,1)
(783,1)
(3081,3)
(3096,3)
(5196,10)
(1361,3)
(5486,2)
(2768,6)
(6177,3)
(2478,1)
(4169,1)
(203,6)
(5124,1)
(1920,2)
(2823,3)
(4763,1)
(3293,2)
(4114,2)
(2055,2)
(2344,2)
(2869,1)
(4952,5)
(968,1)
(2371,5)
(211,3)
(4336,2)
(319,2)
(532,7)
(2365,2)
(3298,3)
(4342,5)
(2703,3)
(5002,5)
(189,2)
(4724,10)
(1359,6)
(3996,3)
(3223,3)
(4926,5)
(1269,9)
(3918,4)
(2609,3)
(6176,3)
(72,2)
(4865,3)
(1049,3)
(1739,7)
(3003,4)
(5982,1)
(444,10)
(4703,4)
(634,1)
(821,4)
(5134,4)
(1733,6)
(3572,5)
(2025,1)
(4963,1)
(926,6)
(2415,2)
(3405,6)
(3746,10)
(4267,3)
(927,6)
(1801,9)
(5862,5)
(1886,7)
(4434,2)
(6206,1)
(1244,2)
(5737,2)
(1979,4)
(2624,4)
(313,8)
(1612,4)
(2701,1)
(2925,3)
(5718,5)
(1937,1)
(1952,3)
(3668,1)
(1362,7)
(3269,6)
(5307,3)
(6110,2)
(2549,9)
(4122,4)
(1793,2)
(3142,6)
(143,10)
(736,2)
(4766,6)
(58,3)
(3007,7)
(4697,4)
(2154,8)
(5163,5)
(1585,4)
(4344,3)
(1953,3)
(5062,9)
(1294,6)
(5509,2)
(2512,2)
(5371,3)
(3359,3)
(471,3)
(4790,4)
(3095,3)
(3836,4)
(3896,3)
(3953,2)
(158,9)
(4219,4)
(4954,2)
(5721,1)
(387,3)
(215,9)
(874,1)
(1940,4)
(3851,2)
(2482,1)
(3143,6)
(3103,9)
(4436,3)
(3238,2)
(4685,5)
(402,1)
(5501,4)
(5111,2)
(5618,4)
(3173,3)
(3900,3)
(3630,2)
(5559,3)
(1621,2)
(3366,4)
(2369,1)
(3390,1)
(1632,4)
(3985,4)
(1185,4)
(2910,3)
(529,5)
(5912,9)
(3762,1)
(6045,9)
(1810,6)
(4249,1)
(1233,8)
(2590,5)
(6178,4)
(6179,4)
(3702,1)
(4959,10)
(5114,4)
(2095,9)
(5728,4)
(3483,1)
(6168,1)
(1593,4)
(2080,3)
(4325,1)
(4680,3)
(2997,3)
(4768,10)
(2732,3)
(3090,1)
(3573,5)
(901,1)
(5420,4)
(683,1)
(2702,3)
(2181,1)
(4248,1)
(2709,4)
(5518,3)
(2283,1)
(6202,1)
(3146,1)
(3169,3)
(3324,3)
(213,1)
(5494,1)
(758,1)
(1759,3)
(4334,9)
(1351,6)
(3250,4)
(1348,6)
(4103,8)
(3959,3)
(4578,4)
(1495,5)
(5542,2)
(5890,2)
(2251,4)
(2973,1)
(5548,2)
(5802,4)
(5875,4)
(2713,2)
(3956,7)
(169,3)
(2616,2)
(5199,3)
(5368,10)
(1654,3)
(3527,2)
(3556,6)
(2843,7)
(3110,9)
(1083,10)
(4082,4)
(1921,2)
(4010,3)
(362,5)
(2256,7)
(2463,2)
(5469,1)
(329,3)
(716,8)
(2366,10)
(6147,2)
(48,3)
(2913,4)
(3211,4)
(2479,1)
(4626,5)
(4864,3)
(563,4)
(1360,3)
(4597,4)
(4690,2)
(5738,4)
(1550,3)
(2153,1)
(834,4)
(3027,4)
(4162,4)
(4522,3)
(6245,3)
(2749,1)
(3420,2)
(2578,5)
(5685,1)
(51,3)
(6086,3)
(930,1)
(2682,1)
(4269,6)
(4294,1)
(5171,4)
(338,3)
(4681,3)
(799,1)
(1748,5)
(790,10)
(1911,7)
(2380,4)
(1111,2)
(2882,1)
(4090,2)
(4397,1)
(2097,2)
(2654,9)
(4080,6)
(4901,4)
(70,4)
(403,1)
(610,3)
(1730,1)
(4841,1)
(52,2)
(5719,5)
(1532,2)
(2865,3)
(4874,8)
(1020,5)
(2833,4)
(5154,4)
(531,4)
(2227,2)
(2956,4)
(43,1)
(1186,2)
(2274,6)
(4555,3)
(278,6)
(1803,4)
(999,1)
(4890,5)
(1334,2)
(1993,2)
(747,2)
(3207,4)
(4662,9)
(3160,5)
(5715,5)
(2207,10)
(2218,3)
(895,5)
(5562,2)
(248,3)
(1719,2)
(1033,1)
(5082,10)
(3049,4)
(5984,7)
(2066,4)
(2747,3)
(4327,7)
(5740,8)
(305,2)
(2383,1)
(4580,4)
(5376,2)
(2326,4)
(5767,3)
(1028,9)
(5189,4)
(1876,8)
(4251,4)
(241,10)
(5754,1)
(2982,4)
(3661,4)
(6152,4)
(2048,3)
(3289,4)
(1501,4)
(3742,1)
(2700,1)
(4837,3)
(94,1)
(3122,2)
(4167,1)
(3756,3)
(5115,4)
(508,2)
(3927,1)
(3116,3)
(4097,1)
(3283,8)
(5574,3)
(1309,7)
(1582,1)
(3236,1)
(3337,5)
(5988,10)
(1029,9)
(2837,1)
(5004,2)
(2564,5)
(4886,3)
(4999,7)
(1677,3)
(5668,7)
(3348,7)
(5105,6)
(729,3)
(4250,4)
(1954,2)
(2963,4)
(709,9)
(2584,9)
(3644,1)
(4381,2)
(4295,1)
(4780,3)
(1811,6)
(4108,2)
(789,3)
(1232,8)
(119,8)
(2874,1)
(3870,1)
(5069,2)
(4883,8)
(3376,4)
(4049,1)
(2322,2)
(1974,1)
(2357,8)
(5282,2)
(5407,10)
(3251,4)
(4100,2)
(207,3)
(5814,2)
(3127,5)
(3402,6)
(820,4)
(4035,4)
(818,3)
(5427,1)
(1915,4)
(2836,1)
(1227,8)
(4102,8)
(1226,8)
(5177,7)
(1216,7)
(1857,4)
(1635,5)
(3768,7)
(1897,3)
(2409,7)
(5192,2)
(21,9)
(4778,4)
(134,5)
(609,1)
(260,2)
(5655,9)
(1457,6)
(3718,3)
(2811,2)
(4149,6)
(5045,4)
(6212,10)
(588,6)
(3739,2)
(765,10)
(5860,4)
(1884,6)
(2039,3)
(4840,1)
(5595,3)
(457,6)
(5736,2)
(966,4)
(3601,5)
(2125,2)
(2340,6)
(5214,9)
(309,3)
(1720,8)
(3841,7)
(5342,4)
(1722,3)
(6057,2)
(154,1)
(5031,3)
(4396,1)
(4574,2)
(1716,7)
(2377,4)
(2967,4)
(29,3)
(1838,5)
(2215,2)
(3640,7)
(5839,2)
(828,4)
(3905,2)
(435,4)
(1772,7)
(2067,4)
(4566,1)
(1171,1)
(1976,4)
(1389,3)
(3028,2)
(4975,1)
(5756,2)
(2577,4)
(6024,2)
(366,4)
(4013,2)
(1773,7)
(5758,3)
(2285,4)
(3910,3)
(4944,2)
(1554,1)
(5941,9)
(1749,5)
(5840,6)
(2838,2)
(3029,2)
(2103,1)
(3862,5)
(5678,7)
(1053,9)
(3596,10)
(832,1)
(3297,3)
(4543,4)
(540,5)
(2241,6)
(3811,7)
(4727,5)
(5036,2)
(276,4)
(2965,5)
(1008,2)
(4120,10)
(5061,1)
(958,1)
(1473,2)
(4044,6)
(4113,3)
(5761,3)
(2188,4)
(4121,10)
(2730,3)
(4955,2)
(5195,6)
(5944,4)
(6071,4)
(292,9)
(1110,2)
(3983,5)
(6075,9)
(2189,4)
(2364,2)
(3758,3)
(3314,4)
(5571,1)
(2330,2)
(2535,9)
(2248,3)
(3079,3)
(3759,3)
(2454,7)
(2972,1)
(6046,1)
(4083,4)
(4808,1)
(6187,4)
(3101,3)
(5582,1)
(2219,3)
(5394,2)
(3336,5)
(4813,1)
(1692,10)
(1307,4)
(1710,3)
(1100,5)
(4087,6)
(731,2)
(2128,2)
(5929,4)
(3435,2)
(4584,7)
(4270,7)
(6131,2)
(127,4)
(912,2)
(4676,1)
(5484,5)
(437,2)
(5290,8)
(126,4)
(775,3)
(4276,2)
(4677,1)
(1657,10)
(3538,2)
(2854,2)
(5301,2)
(3171,8)
(4892,5)
(1578,1)
(3379,4)
(6060,6)
(2292,4)
(2813,3)
(2190,3)
(3317,9)
(1579,1)
(5208,3)
(769,4)
(1044,3)
(1453,5)
(2222,9)
(3917,2)
(1358,6)
(2490,6)
(3055,2)
(4079,2)
(5262,8)
(132,1)
(4277,2)
(5778,3)
(602,3)
(1941,4)
(6148,3)
(360,4)
(2458,2)
(3136,2)
(434,4)
(2845,3)
(3558,2)
(3675,1)
(3674,1)
(5327,7)
(4184,1)
(1567,3)
(2966,4)
(5051,9)
(5404,2)
(520,5)
(1304,9)
(632,5)
(6111,2)
(557,2)
(5760,3)
(649,10)
(829,4)
(4498,1)
(78,7)
(481,1)
(3268,6)
(3969,2)
(5070,2)
(633,5)
(3889,1)
(3966,1)
(5576,2)
(3849,3)
(4544,2)
(5996,2)
(3687,3)
(5064,1)
(4973,2)
(5132,10)
(5972,1)
(3099,10)
(3778,1)
(148,4)
(185,7)
(4684,5)
(2393,6)
(4138,6)
(4891,5)
(5048,2)
(504,5)
(2163,5)
(1958,7)
(2253,1)
(5022,3)
(6137,4)
(4875,8)
(5788,4)
(1164,10)
(1165,10)
(5131,1)
(5812,3)
(2996,3)
(3463,10)
(3157,6)
(4392,1)
(1287,10)
(4602,4)
(4829,3)
(3296,3)
(3505,1)
(2772,2)
(3603,6)
(4683,7)
(5662,4)
(1090,9)
(5077,6)
(5831,2)
(2805,10)
(5570,1)
(2781,10)
(5872,3)
(1609,2)
(5710,4)
(3241,4)
(6260,2)
(3239,2)
(4672,3)
(2263,4)
(97,3)
(2275,6)
(5720,1)
(1850,3)
(3363,1)
(3190,2)
(5949,3)
(2493,4)
(5284,6)
(5475,7)
(190,5)
(647,8)
(286,3)
(3611,4)
(375,5)
(3395,1)
(2625,4)
(3600,5)
(3760,5)
(4511,4)
(1092,4)
(2003,8)
(2135,3)
(3997,3)
(5748,4)
(77,3)
(5426,1)
(373,2)
(6108,2)
(2622,1)
(2985,6)
(4214,8)
(967,4)
(5880,9)
(1641,2)
(2201,7)
(3536,10)
(2825,1)
(4062,2)
(39,4)
(2579,5)
(2876,10)
(257,3)
(1752,2)
(4484,1)
(5295,4)
(2721,2)
(5924,4)
(6061,6)
(1818,6)
(5807,10)
(1056,9)
(1329,7)
(2692,10)
(2168,10)
(5881,9)
(1387,1)
(2200,7)
(6120,4)
(281,4)
(3308,6)
(5293,2)
(3588,1)
(4527,10)
(1538,3)
(2187,3)
(3230,2)
(2499,4)
(4660,3)
(5144,3)
(2280,3)
(2728,2)
(2658,5)
(3681,4)
(1508,4)
(4661,3)
(5145,3)
(5590,2)
(615,1)
(4442,1)
(229,1)
(786,2)
(3753,8)
(5978,4)
(3388,4)
(5389,2)
(4415,1)
(5034,9)
(1972,1)
(5591,2)
(20,9)
(3091,1)
(6235,2)
(1181,1)
(3838,10)
(596,4)
(5097,3)
(1184,4)
(2094,9)
(3225,3)
(2984,6)
(3002,4)
(6263,2)
(597,4)
(3658,4)
(2543,6)
(4860,3)
(372,2)
(3961,1)
(663,3)
(5300,2)
(33,6)
(4558,3)
(2944,10)
(3659,4)
(546,4)
(2945,10)
(3224,3)
(3919,4)
(494,4)
(3747,10)
(4156,4)
(1860,1)
(3347,4)
(4053,3)
(1731,1)
(835,4)
(5908,5)
(1500,4)
(5343,4)
(1590,10)
(3389,4)
(249,3)
(3410,1)
(614,1)
(3733,6)
(24,1)
(3221,4)
(1280,2)
(3649,1)
(3411,1)
(5324,3)
(4446,6)
(5325,3)
(3085,5)
(4104,3)
(1907,8)
(3576,7)
(4646,2)
(2370,5)
(1549,1)
(3856,2)
(2793,6)
(6166,5)
(2486,6)
(5275,1)
(3857,2)
(5820,3)
(827,5)
(6236,5)
(302,2)
(5447,3)
(2,7)
(5953,10)
(682,1)
(2866,3)
(5821,3)
(3098,10)
(3677,5)
(5260,3)
(1774,1)
(197,6)
(3706,1)
(869,2)
(3672,1)
(3138,1)
(5261,3)
(1802,4)
(3139,1)
(635,1)
(1318,3)
(686,1)
(2413,1)
(2314,4)
(4567,1)
(5050,9)
(1319,3)
(2169,10)
(2242,6)
(4512,3)
(5529,2)
(2220,3)
(2597,4)
(1337,8)
(4348,9)
(5142,8)
(6053,4)
(2243,6)
(5400,6)
(5507,2)
(5952,10)
(1388,3)
(5401,6)
(179,6)
(5606,3)
(2559,3)
(4022,2)
(1525,3)
(2614,6)
(1071,2)
(3914,10)
(1741,4)
(1834,4)
(2782,4)
(2839,2)
(109,1)
(4832,5)
(5232,9)
(3901,3)
(4050,3)
(2615,6)
(5188,4)
(468,10)
(581,2)
(1199,1)
(4176,7)
(4704,10)
(5629,4)
(2529,3)
(4904,3)
(1268,9)
(3669,1)
(113,1)
(6172,10)
(2729,2)
(5418,2)
(5979,4)
(2741,4)
(4570,2)
(2641,9)
(5010,9)
(3814,10)
(1402,4)
(3061,3)
(3823,3)
(838,10)
(969,1)
(2400,1)
(5999,4)
(3432,3)
(3928,9)
(6035,3)
(1420,6)
(3433,3)
(4562,2)
(2808,5)
(3587,2)
(5449,2)
(6082,6)
(1218,2)
(5107,4)
(3810,7)
(6105,1)
(1704,1)
(5673,3)
(1864,10)
(3108,2)
(4613,2)
(706,7)
(3783,1)
(4456,10)
(5911,10)
(5786,3)
(3275,2)
(4424,8)
(1320,3)
(5341,8)
(4452,1)
(5335,1)
(5495,1)
(5810,2)
(1523,10)
(1744,5)
(3153,3)
(5828,2)
(5939,1)
(480,1)
(5759,3)
(2228,7)
(1145,7)
(2936,4)
(1683,4)
(3932,4)
(2185,4)
(5864,3)
(3092,5)
(5414,7)
(277,4)
(3854,3)
(767,3)
(3120,4)
(5910,10)
(2791,2)
(3166,9)
(1986,6)
(5785,1)
(1047,2)
(3498,1)
(1987,6)
(1659,8)
(4230,4)
(327,8)
(453,6)
(289,5)
(3070,9)
(4364,3)
(4371,1)
(5054,10)
(530,4)
(6219,2)
(3258,9)
(4689,9)
(528,5)
(4265,3)
(5716,5)
(6123,4)
(2912,4)
(3519,1)
(1570,4)
(3409,9)
(4166,1)
(452,6)
(1213,6)
(859,8)
(4794,2)
(3779,1)
(5294,4)
(5479,2)
(5844,3)
(1577,1)
(5708,7)
(244,6)
(1571,4)
(4628,1)
(2947,1)
(3620,1)
(1064,3)
(2637,2)
(3279,1)
(4414,1)
(46,4)
(3555,1)
(4258,1)
(5619,4)
(2674,10)
(4007,2)
(2436,1)
(6191,8)
(263,4)
(1684,1)
(1303,8)
(6180,6)
(473,4)
(4116,5)
(192,4)
(2783,4)
(805,9)
(2328,4)
(1489,2)
(1634,5)
(3443,3)
(496,8)
(5005,2)
(352,3)
(2667,3)
(3383,3)
(5914,3)
(6058,7)
(2594,2)
(4611,10)
(539,9)
(1708,6)
(5739,4)
(2580,6)
(5981,5)
(1984,7)
(4803,2)
(1372,3)
(1674,4)
(4621,3)
(4983,1)
(2847,1)
(4228,8)
(938,7)
(1893,2)
(3016,1)
(3513,2)
(589,6)
(601,4)
(2014,6)
(3646,1)
(3719,3)
(359,1)
(1551,3)
(3378,4)
(2385,7)
(5234,9)
(2604,4)
(3567,4)
(106,3)
(1263,8)
(5732,1)
(1956,8)
(5243,4)
(3897,3)
(1888,1)
(3595,9)
(1997,3)
(4406,6)
(1487,2)
(6238,3)
(167,2)
(4240,1)
(1798,1)
(6175,4)
(2506,3)
(5229,1)
(5847,3)
(2437,1)
(1394,1)
(3503,8)
(2991,3)
(5160,4)
(2680,2)
(5363,2)
(2093,3)
(2171,2)
(5960,2)
(631,2)
(2872,1)
(3964,4)
(5832,4)
(6121,4)
(267,10)
(4692,7)
(5915,3)
(115,10)
(2948,3)
(114,10)
(4207,4)
(998,1)
(2863,2)
(95,1)
(3194,3)
(1877,8)
(2862,2)
(4206,4)
(5521,2)
(728,3)
(3107,1)
(2204,6)
(4391,3)
(196,6)
(2205,6)
(2230,5)
(2350,8)
(5039,1)
(5474,7)
(1354,5)
(2231,5)
(2271,9)
(2560,8)
(4296,1)
(1355,5)
(3692,2)
(922,4)
(3613,2)
(4691,2)
(6076,4)
(6112,3)
(1766,2)
(2820,4)
(5755,1)
(2558,3)
(4513,3)
(5066,1)
(2821,4)
(4542,4)
(308,3)
(5567,7)
(2008,1)
(5337,2)
(4076,2)
(5181,1)
(5900,4)
(105,4)
(6218,2)
(1421,6)
(4066,10)
(1510,2)
(3879,7)
(188,2)
(1415,10)
(1410,3)
(2247,8)
(2885,3)
(5490,7)
(472,4)
(1711,3)
(4932,2)
(5575,3)
(3749,2)
(3888,1)
(3584,2)
(4893,5)
(2914,5)
(5211,3)
(1373,3)
(3722,5)
(662,3)
(2507,3)
(4262,4)
(4429,9)
(1957,8)
(2960,5)
(339,3)
(2178,1)
(377,2)
(1038,7)
(645,10)
(2062,7)
(426,2)
(1039,7)
(4930,2)
(1323,10)
(5080,4)
(2465,9)
(3700,4)
(4931,2)
(2668,9)
(4867,3)
(1600,3)
(3775,1)
(732,4)
(3535,1)
(323,10)
(2072,4)
(485,4)
(5084,8)
(295,3)
(1440,1)
(79,7)
(4668,2)
(5060,1)
(4198,1)
(4332,3)
(5021,9)
(1228,2)
(5155,4)
(220,4)
(3063,5)
(2961,5)
(5558,3)
(3062,5)
(2883,1)
(5456,4)
(923,4)
(4360,1)
(4595,10)
(5168,7)
(1254,4)
(2987,3)
(2751,3)
(3427,8)
(5008,2)
(2986,3)
(3903,5)
(5332,6)
(284,10)
(3825,2)
(1639,3)
(2942,4)
(4756,8)
(108,1)
(2237,1)
(4450,9)
(4669,2)
(755,10)
(3892,4)
(2464,9)
(1700,3)
(2214,2)
(4335,9)
(1284,3)
(1737,9)
(3570,1)
(2381,4)
(3356,1)
(3824,2)
(285,10)
(3358,3)
(6054,4)
(146,2)
(1169,2)
(368,8)
(3701,4)
(2556,2)
(4603,4)
(2527,4)
(4408,3)
(4,1)
(3203,5)
(823,10)
(3470,2)
(455,1)
(1156,4)
(5689,1)
(5768,1)
(2084,2)
(2495,2)
(89,1)
(4894,8)
(611,3)
(4636,2)
(4895,8)
(1902,4)
(4411,8)
(5804,10)
(1157,4)
(3054,2)
(454,1)
(5891,2)
(1237,3)
(4784,7)
(88,1)
(2983,4)
(5594,3)
(875,1)
(6032,9)
(222,2)
(5703,6)
(6097,2)
(495,4)
(5164,3)
(743,4)
(2050,1)
(1255,4)
(1292,3)
(5116,5)
(2670,1)
(5267,1)
(2307,5)
(2884,3)
(2935,2)
(76,3)
(2423,9)
(512,2)
(1341,6)
(5433,2)
(6096,2)
(1691,2)
(2177,9)
(4782,1)
(5877,6)
(5041,8)
(5966,1)
(4339,5)
(5876,6)
(865,6)
(4338,5)
(1820,9)
(2018,2)
(3525,2)
(4818,6)
(216,1)
(5873,3)
(3128,2)
(3547,3)
(5763,6)
(548,2)
(5541,9)
(1321,3)
(6064,1)
(2565,5)
(3679,4)
(5334,1)
(3478,9)
(4175,4)
(3254,8)
(5661,9)
(2904,2)
(31,10)
(4652,5)
(2477,7)
(5366,1)
(1210,8)
(5421,4)
(3010,4)
(3949,4)
(630,2)
(3979,1)
(3750,8)
(4807,3)
(5443,3)
(1211,8)
(1908,10)
(2249,3)
(5622,3)
(4020,1)
(4403,3)
(672,4)
(1909,10)
(3471,2)
(5801,2)
(673,4)
(5584,8)
(1066,8)
(5331,3)
(3667,7)
(4654,4)
(2408,7)
(4599,4)
(5161,4)
(6214,2)
(2038,3)
(4598,4)
(5623,3)
(1022,3)
(5625,3)
(1098,4)
(3521,2)
(3442,3)
(5459,8)
(1896,3)
(5585,8)
(2485,7)
(5422,6)
(2484,7)
(4027,2)
(1998,2)
(5593,4)
(3312,4)
(4645,7)
(735,6)
(4026,2)
(2879,3)
(5448,2)
(3604,3)
(6009,1)
(1522,10)
(2273,1)
(3038,2)
(6000,8)
(6153,4)
(650,1)
(2539,4)
(3623,3)
(4650,1)
(944,4)
(4687,9)
(1155,3)
(2946,1)
(424,1)
(5747,8)
(3300,9)
(5065,1)
(1913,2)
(2538,4)
(986,2)
(1842,3)
(4395,2)
(2348,4)
(4699,9)
(1506,3)
(3215,3)
(2684,4)
(2923,9)
(4968,2)
(1540,6)
(5123,3)
(310,4)
(5263,8)
(17,3)
(4252,1)
(1198,1)
(4307,3)
(876,1)
(5611,6)
(291,1)
(2814,2)
(3403,6)
(4688,9)
(5153,4)
(223,2)
(6070,4)
(2908,7)
(3005,4)
(3974,2)
(2673,4)
(2909,7)
(3684,7)
(2389,1)
(4382,5)
(6087,3)
(2993,2)
(3740,1)
(300,1)
(5025,3)
(580,2)
(4573,3)
(5430,2)
(851,3)
(4504,3)
(6109,2)
(2321,2)
(5174,1)
(1089,5)
(2320,2)
(591,1)
(1646,4)
(5491,7)
(5624,3)
(3895,3)
(5150,4)
(330,1)
(1088,5)
(2693,10)
(1826,2)
(3915,10)
(1848,2)
(4177,7)
(65,8)
(3282,8)
(5577,2)
(3303,4)
(1516,3)
(5055,10)
(3912,2)
(5297,3)
(1378,1)
(1564,2)
(2352,3)
(4633,2)
(2542,6)
(3342,3)
(3523,5)
(3292,2)
(3815,10)
(2442,1)
(5485,5)
(1252,7)
(2217,10)
(974,9)
(2807,4)
(698,4)
(777,4)
(3952,2)
(940,2)
(5125,1)
(1379,1)
(1610,4)
(699,4)
(4488,3)
(3730,4)
(4433,1)
(1328,7)
(2524,2)
(5441,8)
(1253,7)
(5016,8)
(1906,8)
(3305,2)
(680,3)
(5089,6)
(4489,3)
(5296,3)
(3738,2)
(4769,10)
(694,2)
(3975,2)
(5258,2)
(2313,1)
(5950,7)
(3642,4)
(3865,4)
(870,4)
(3039,2)
(3913,2)
(3578,1)
(5951,7)
(1617,1)
(5118,9)
(1182,3)
(2999,1)
(695,2)
(4115,2)
(187,3)
(2898,4)
(104,4)
(433,2)
(1513,3)
(1867,2)
(5000,2)
(980,6)
(4479,2)
(1738,7)
(1849,2)
(4312,4)
(4379,7)
(4462,1)
(5983,1)
(2905,2)
(4694,3)
(1950,1)
(4463,1)
(2102,1)
(5615,1)
(3174,3)
(5323,4)
(165,3)
(4872,2)
(2644,3)
(3375,2)
(2918,6)
(4781,3)
(2449,5)
(3982,5)
(1416,10)
(2049,3)
(1382,4)
(4091,2)
(56,4)
(149,4)
(1139,2)
(1756,3)
(57,4)
(2448,5)
(3328,3)
(6157,4)
(3606,1)
(4365,3)
(1172,10)
(4917,3)
(3222,3)
(3743,1)
(571,2)
(4774,4)
(1892,2)
(1975,1)
(2166,3)
(3213,2)
(1452,5)
(5706,9)
(5809,5)
(4828,3)
(5637,1)
(5108,9)
(6037,1)
(2746,3)
(3509,8)
(4148,6)
(5137,4)
(704,2)
(2356,8)
(268,8)
(3469,10)
(4592,4)
(1350,6)
(4909,3)
(607,2)
(2534,9)
(3806,3)
(4205,2)
(5287,2)
(1391,3)
(4908,3)
(2698,9)
(5843,3)
(3999,2)
(4070,1)
(1478,8)
(5451,10)
(242,9)
(5310,1)
(5549,2)
(5713,2)
(382,1)
(3318,9)
(5052,1)
(861,7)
(5994,2)
(3452,9)
(5255,3)
(1572,9)
(3989,2)
(4137,3)
(3180,8)
(5299,10)
(1652,9)
(5373,3)
(1580,5)
(2265,1)
(4345,3)
(1653,9)
(3988,2)
(5136,4)
(5357,2)
(606,2)
(3045,7)
(2259,1)
(2932,2)
(2492,4)
(562,4)
(3453,9)
(3514,1)
(3419,4)
(3906,7)
(1242,4)
(3349,7)
(905,4)
(5452,1)
(3006,7)
(4623,2)
(2422,9)
(6189,1)
(4241,1)
(4716,2)
(904,4)
(3175,3)
(3773,6)
(1643,1)
(2804,10)
(916,8)
(6031,7)
(6088,2)
(1477,10)
(1944,1)
(3898,2)
(4077,2)
(5842,3)
(4826,1)
(1866,2)
(2557,2)
(1486,2)
(3511,4)
(1176,3)
(2347,3)
(3369,4)
(4500,4)
(770,9)
(1193,1)
(2209,2)
(5026,4)
(1265,1)
(5878,3)
(2136,8)
(3569,6)
(2399,2)
(3133,4)
(5930,4)
(836,1)
(2801,8)
(1631,9)
(5636,1)
(3368,4)
(4485,1)
(771,9)
(2455,7)
(5254,3)
(1630,9)
(3515,1)
(166,2)
(274,5)
(4185,1)
(499,10)
(5336,2)
(5453,1)
(3,7)
(2146,8)
(3615,2)
(2586,1)
(5693,8)
(243,9)
(3546,3)
(4495,5)
(3695,1)
(5742,4)
(290,1)
(1951,1)
(4971,3)
(1699,3)
(3246,2)
(465,2)
(3971,9)
(4136,3)
(1663,7)
(5322,4)
(10,1)
(1385,1)
(4421,1)
(4653,5)
(6156,4)
(1573,9)
(3311,2)
(6188,1)
(2816,2)
(6039,1)
(3243,4)
(5962,1)
(819,3)
(4644,7)
(877,1)
(3708,1)
(5103,6)
(1785,1)
(4264,3)
(6257,9)
(855,4)
(1530,4)
(4876,2)
(6005,2)
(4150,10)
(5291,8)
(2568,1)
(3489,3)
(5241,1)
(1680,3)
(5882,3)
(6033,9)
(2525,2)
(2850,4)
(5913,9)
(6256,9)
(2652,10)
(5432,2)
(5945,4)
(14,3)
(4493,3)
(5158,2)
(3482,1)
(4475,9)
(1124,2)
(3683,2)
(3948,4)
(4237,5)
(1505,1)
(3970,9)
(4986,3)
(436,2)
(4911,1)
(1161,1)
(1238,8)
(235,2)
(5178,4)
(1137,2)
(4651,1)
(5094,1)
(1393,2)
(3152,3)
(234,2)
(5641,3)
(460,3)
(2001,7)
(1574,9)
(1599,8)
(3886,1)
(6027,5)
(3622,3)
(4553,4)
(1636,4)
(5179,4)
(1392,2)
(3294,4)
(5815,2)
(2174,7)
(3295,4)
(1575,9)
(3496,3)
(3341,1)
(4318,3)
(902,8)
(1971,8)
(2149,2)
(2311,8)
(5640,3)
(578,2)
(1019,1)
(271,3)
(3688,6)
(2619,3)
(4320,3)
(2061,3)
(4552,4)
(1919,8)
(2756,2)
(2773,2)
(3340,1)
(2150,5)
(2411,1)
(1018,1)
(1439,2)
(2310,8)
(5095,1)
(2877,10)
(3633,2)
(4674,4)
(4742,4)
(5695,9)
(206,3)
(1637,4)
(209,4)
(1918,8)
(2349,4)
(4686,9)
(270,3)
(2175,7)
(4319,3)
(2744,1)
(4497,6)
(2582,9)
(3449,6)
(945,4)
(4698,9)
(1160,1)
(3887,1)
(2060,3)
(2878,3)
(4089,1)
(907,1)
(4710,5)
(1460,3)
(2605,4)
(854,4)
(2759,3)
(3709,1)
(4236,5)
(626,2)
(3161,5)
(1581,5)
(4326,7)
(543,8)
(598,1)
(509,2)
(5948,3)
(654,2)
(1201,5)
(1964,3)
(3621,1)
(2053,3)
(2246,8)
(4586,3)
(1789,3)
(2232,4)
(4135,3)
(1978,4)
(3035,9)
(2545,7)
(5398,2)
(2787,2)
(5798,3)
(1698,3)
(4947,2)
(3704,3)
(4949,1)
(4767,6)
(5076,6)
(4948,1)
(5200,7)
(5955,8)
(12,2)
(3965,4)
(2623,1)
(3394,1)
(2572,7)
(5823,4)
(3423,9)
(5504,10)
(6130,2)
(71,4)
(4657,1)
(5954,8)
(656,3)
(667,5)
(5460,3)
(2742,4)
(5717,5)
(1129,9)
(2145,2)
(5068,2)
(1302,8)
(5201,7)
(2098,4)
(2203,1)
(5731,1)
(3705,3)
(5794,4)
(1689,1)
(2194,4)
(5870,3)
(3199,2)
(4554,3)
(35,1)
(2052,3)
(3880,2)
(4253,1)
(2043,1)
(5610,6)
(1128,9)
(4711,5)
(583,2)
(1342,1)
(2690,4)
(5461,3)
(1597,3)
(3936,2)
(3627,6)
(3978,1)
(1285,3)
(3290,9)
(1444,8)
(6015,5)
(1445,8)
(2848,3)
(6122,4)
(2183,6)
(2672,4)
(464,2)
(740,6)
(5311,1)
(351,1)
(2096,2)
(4745,3)
(156,1)
(3585,2)
(2085,2)
(3186,7)
(5588,2)
(1625,4)
(2758,3)
(1784,1)
(5883,3)
(503,4)
(1152,10)
(1682,4)
(3713,10)
(899,2)
(4127,4)
(4850,3)
(1023,3)
(4736,3)
(3004,4)
(5415,7)
(16,3)
(5553,10)
(1757,3)
(5722,3)
(809,4)
(2526,4)
(311,4)
(4534,7)
(2743,4)
(5730,1)
(2184,4)
(2797,3)
(325,4)
(2068,3)
(603,3)
(5956,3)
(599,1)
(1240,8)
(3461,7)
(1045,3)
(5240,1)
(5508,2)
(469,10)
(4970,3)
(712,4)
(1099,4)
(4950,4)
(5465,8)
(5885,3)
(657,3)
(6014,5)
(4004,4)
(4673,3)
(2661,9)
(3270,9)
(4005,4)
(4476,3)
(2849,3)
(3626,6)
(2715,7)
(4306,3)
(2592,6)
(3671,9)
(3803,3)
(6182,2)
(2873,1)
(4482,3)
(3384,6)
(4951,4)
(410,7)
(2593,6)
(4540,2)
(5197,10)
(25,1)
(2298,3)
(3170,8)
(6169,1)
(1750,2)
(5345,4)
(741,6)
(3802,3)
(96,3)
(3725,6)
(6192,1)
(380,8)
(2278,4)
(4855,4)
(2817,2)
(4946,2)
(5702,6)
(2964,5)
(3853,4)
(4139,6)
(5884,3)
(4402,3)
(5867,6)
(2299,3)
(3852,4)
(3307,5)
(5500,4)
(3950,4)
(4503,3)
(2660,9)
(3247,2)
(90,6)
(753,2)
(713,4)
(906,1)
(4483,3)
(5866,6)
(1063,7)
(3446,1)
(560,1)
(1091,9)
(542,8)
(1065,3)
(2902,3)
(3198,2)
(4316,6)
(4569,1)
(4587,3)
(5408,3)
(3234,4)
(3717,4)
(172,2)
(411,7)
(2225,10)
(5690,2)
(1070,2)
(3741,1)
(1241,8)
(5122,3)
(518,3)
(3345,2)
(2451,10)
(4656,1)
(3286,5)
(5505,10)
(2290,7)
(4045,6)
(335,1)
(350,1)
(1541,6)
(1312,3)
(3607,1)
(200,1)
(1687,1)
(2475,6)
(4992,2)
(1706,4)
(4065,2)
(2736,3)
(4155,3)
(1686,1)
(4196,2)
(4750,8)
(4993,2)
(5772,3)
(479,2)
(1423,6)
(3812,3)
(1807,6)
(2474,6)
(1480,2)
(3399,3)
(587,4)
(2450,10)
(1459,3)
(4146,2)
(586,4)
(3287,5)
(334,1)
(3187,7)
(886,9)
(4559,3)
(972,4)
(1833,4)
(2029,4)
(3800,4)
(1081,4)
(3158,1)
(3398,3)
(5463,10)
(2975,7)
(5642,10)
(4064,2)
(4751,8)
(2481,4)
(2544,7)
(2267,1)
(5176,7)
(2788,1)
(5009,2)
(2155,8)
(4074,4)
(1313,3)
(4370,1)
(5410,6)
(5579,3)
(6018,6)
(2769,6)
(5162,5)
(3737,3)
(5012,1)
(23,1)
(3726,8)
(1369,3)
(4314,4)
(5411,6)
(754,10)
(2439,3)
(1449,2)
(3736,3)
(5935,3)
(3554,1)
(3793,8)
(3480,9)
(3873,4)
(640,5)
(3801,4)
(883,3)
(1095,4)
(5774,1)
(3426,8)
(5013,1)
(152,3)
(4011,3)
(1404,6)
(3217,1)
(6155,4)
(1395,1)
(4920,3)
(2078,8)
(4715,2)
(1140,1)
(3481,9)
(942,4)
(4009,5)
(102,2)
(3073,3)
(511,4)
(1209,1)
(5560,8)
(365,8)
(4938,4)
(5127,6)
(117,5)
(3284,1)
(913,2)
(3302,4)
(2444,2)
(4777,6)
(1736,9)
(3329,3)
(4305,7)
(764,10)
(2981,6)
(81,8)
(984,1)
(3228,1)
(3291,9)
(3506,1)
(3973,3)
(5170,4)
(2957,4)
(4105,3)
(4700,4)
(564,3)
(2279,4)
(2919,6)
(487,4)
(1808,4)
(5775,1)
(4361,1)
(5634,4)
(1021,5)
(1322,10)
(47,4)
(4052,3)
(1448,2)
(5789,4)
(1031,2)
(2856,1)
(2777,9)
(5526,7)
(2035,7)
(3972,3)
(4330,1)
(5855,2)
(288,8)
(490,2)
(1527,4)
(3071,5)
(882,3)
(1861,1)
(4471,3)
(5140,10)
(1080,4)
(4389,9)
(1854,2)
(2711,9)
(6200,7)
(1149,1)
(2518,4)
(2459,2)
(4582,3)
(3891,2)
(5352,4)
(5578,4)
(6019,3)
(2552,10)
(2573,7)
(887,9)
(1208,1)
(2519,4)
(6264,1)
(3882,4)
(6161,2)
(160,3)
(491,2)
(1533,2)
(2407,3)
(3868,1)
(406,3)
(1619,1)
(5902,7)
(785,8)
(4720,6)
(5071,2)
(2057,7)
(3566,4)
(521,5)
(1628,4)
(1729,3)
(1366,1)
(2789,1)
(6154,4)
(1547,6)
(3548,5)
(2138,3)
(3837,4)
(3285,1)
(4182,9)
(2503,1)
(3130,4)
(3155,9)
(3920,2)
(5997,2)
(1526,4)
(5861,4)
(1413,6)
(1622,2)
(1030,2)
(1293,3)
(784,8)
(4545,2)
(3178,1)
(2710,9)
(4033,1)
(486,4)
(5043,1)
(2962,4)
(4123,4)
(1992,2)
(3179,1)
(5226,2)
(6201,7)
(41,3)
(3214,3)
(1461,3)
(3362,1)
(3715,2)
(4032,1)
(6133,5)
(3926,1)
(4789,1)
(1148,1)
(4183,9)
(355,6)
(2056,7)
(3839,10)
(1973,1)
(5096,3)
(4129,4)
(5042,1)
(6163,1)
(4842,6)
(547,4)
(1830,5)
(3040,1)
(5081,4)
(719,4)
(3220,4)
(1831,5)
(5638,2)
(517,9)
(2063,7)
(5242,4)
(34,1)
(5871,3)
(3385,6)
(4856,4)
(2566,4)
(5405,2)
(1718,2)
(4523,3)
(392,1)
(2776,9)
(5169,7)
(534,5)
(1762,4)
(5434,3)
(5561,8)
(4088,1)
(5795,4)
(401,4)
(1126,8)
(1885,6)
(5193,2)
(6186,4)
(5011,9)
(5458,8)
(2665,1)
(4416,2)
(2044,1)
(4659,1)
(1488,2)
(1787,6)
(3660,4)
(1306,4)
(4117,5)
(1430,6)
(4861,3)
(1584,4)
(4881,3)
(4812,1)
(5563,2)
(252,9)
(1783,4)
(2302,3)
(4609,3)
(553,7)
(2704,10)
(2901,1)
(5388,2)
(894,5)
(5931,4)
(2297,2)
(3958,3)
(1583,1)
(6116,3)
(131,3)
(2596,4)
(198,3)
(379,5)
(2368,1)
(2427,3)
(844,8)
(5147,1)
(5535,3)
(5646,3)
(425,1)
(2950,4)
(4579,4)
(1000,2)
(1381,1)
(2286,9)
(5753,1)
(4480,8)
(6065,1)
(303,2)
(3042,2)
(659,3)
(6170,1)
(4222,1)
(4481,8)
(1499,5)
(3163,1)
(3334,5)
(3264,4)
(4173,1)
(265,1)
(332,3)
(2555,9)
(3502,8)
(3255,8)
(4042,7)
(605,2)
(5680,1)
(6,6)
(4425,8)
(733,4)
(3074,2)
(4453,1)
(4960,3)
(1441,1)
(5626,3)
(4195,3)
(5496,4)
(4187,7)
(5964,4)
(544,7)
(3563,4)
(1779,3)
(3582,5)
(4942,1)
(1396,4)
(3735,5)
(1797,4)
(6208,9)
(983,2)
(5212,10)
(413,4)
(5683,1)
(1006,2)
(2015,6)
(707,7)
(3484,8)
(2142,2)
(2853,9)
(5957,3)
(2516,4)
(3185,2)
(2899,4)
(5854,2)
(2546,2)
(3491,6)
(627,2)
(1546,6)
(1898,1)
(4695,3)
(604,2)
(4921,3)
(1067,8)
(5660,9)
(6234,2)
(888,3)
(1990,2)
(4331,1)
(458,3)
(4213,9)
(3265,4)
(5602,3)
(804,9)
(3149,3)
(5239,6)
(66,2)
(933,5)
(885,3)
(5238,6)
(75,1)
(4038,3)
(5483,2)
(5858,8)
(1205,4)
(4914,8)
(155,1)
(5382,1)
(13,2)
(1405,6)
(3520,2)
(2951,4)
(3921,2)
(5800,2)
(1464,10)
(5587,6)
(3549,5)
(5470,8)
(624,7)
(1074,4)
(2099,4)
(1357,8)
(1576,1)
(1931,9)
(1101,5)
(2466,6)
(3242,4)
(2296,2)
(5709,7)
(1715,3)
(2636,2)
(6269,6)
(419,3)
(2236,1)
(721,4)
(1118,4)
(590,6)
(1647,1)
(1707,4)
(4557,8)
(297,3)
(1928,3)
(1725,2)
(5450,10)
(5995,2)
(2329,4)
(3196,10)
(4563,2)
(1799,1)
(3844,5)
(636,2)
(1735,8)
(1929,3)
(3415,3)
(6030,7)
(3468,10)
(2513,2)
(3916,2)
(2610,5)
(5659,4)
(4025,3)
(4978,4)
(4271,7)
(4568,1)
(2748,1)
(4747,1)
(232,2)
(4477,3)
(1714,3)
(2691,4)
(4151,10)
(4474,9)
(1537,10)
(2792,6)
(1782,4)
(5141,10)
(231,1)
(2934,2)
(186,3)
(637,2)
(2004,4)
(4435,2)
(1504,1)
(6183,2)
(4655,4)
(4776,6)
(502,4)
(1136,2)
(4317,6)
(6193,1)
(1470,3)
(2257,7)
(157,1)
(5102,6)
(67,2)
(324,4)
(42,1)
(3951,4)
(889,3)
(2762,5)
(1751,2)
(2019,2)
(5552,10)
(1183,3)
(2426,3)
(1076,5)
(1743,4)
(2224,10)
(301,1)
(2388,1)
(5431,2)
(941,2)
(4838,7)
(4426,1)
(5627,3)
(2992,2)
(5175,1)
(1924,1)
(6069,2)
(2462,2)
(2763,5)
(253,9)
(4006,2)
(1428,3)
(1899,1)
(5233,9)
(5446,3)
(3599,6)
(3894,3)
(4055,7)
(4590,10)
(228,1)
(1469,3)
(2491,6)
(1179,3)
(1311,2)
(5350,1)
(762,4)
(2659,5)
(2133,1)
(3124,1)
(122,9)
(4749,3)
(1591,10)
(2740,4)
(299,5)
(3018,4)
(1143,1)
(2036,8)
(703,4)
(1562,2)
(2930,8)
(763,4)
(1142,1)
(4274,2)
(4369,10)
(5797,3)
(5943,4)
(5018,2)
(5359,10)
(2396,4)
(6007,9)
(53,2)
(2900,1)
(4266,3)
(4811,2)
(6062,2)
(170,10)
(535,5)
(939,7)
(4752,9)
(1627,9)
(5298,10)
(3508,8)
(4101,2)
(1192,1)
(2009,1)
(3059,4)
(3380,9)
(194,1)
(2735,6)
(139,7)
(1758,3)
(5771,3)
(622,10)
(4819,6)
(5117,5)
(475,6)
(6092,2)
(1055,7)
(2012,2)
(2734,6)
(1914,4)
(4705,10)
(1173,10)
(3414,3)
(909,6)
(1050,3)
(195,1)
(781,1)
(759,1)
(5120,6)
(5286,2)
(2753,2)
(5546,7)
(2346,3)
(4835,4)
(364,8)
(2861,9)
(3386,2)
(793,4)
(2618,3)
(2198,9)
(5547,7)
(1618,1)
(3387,2)
(1816,5)
(2167,3)
(136,9)
(493,1)
(4445,10)
(32,6)
(5476,2)
(5745,1)
(6094,1)
(6115,3)
(474,6)
(5903,7)
(212,1)
(1603,4)
(1051,3)
(1482,4)
(3890,2)
(4405,1)
(2699,9)
(5044,4)
(3058,4)
(5477,2)
(5135,4)
(5498,2)
(2752,2)
(3381,9)
(3845,5)
(5658,4)
(3343,3)
(4460,4)
(238,7)
(5879,3)
(3043,2)
(4638,2)
(746,2)
(892,4)
(4783,1)
(2939,3)
(3528,6)
(3288,4)
(4285,1)
(2157,1)
(2634,1)
(3960,1)
(4043,7)
(4775,4)
(4980,4)
(5517,7)
(4708,4)
(6223,4)
(2216,10)
(6047,1)
(864,6)
(1517,3)
(1662,7)
(5001,2)
(824,9)
(4709,4)
(2117,3)
(2532,1)
(1880,3)
(1881,3)
(488,10)
(2635,1)
(6222,4)
(1474,2)
(3634,1)
(5481,5)
(1565,2)
(4846,4)
(774,3)
(825,9)
(489,10)
(1690,2)
(3192,1)
(4604,7)
(4351,4)
(4761,6)
(5380,2)
(3060,3)
(3529,6)
(4897,3)
(4605,7)
(5779,3)
(857,4)
(2312,1)
(2607,3)
(1923,3)
(6106,2)
(4093,1)
(4212,9)
(477,1)
(1291,3)
(4640,1)
(570,2)
(1611,4)
(181,7)
(4470,3)
(2514,2)
(4847,4)
(2533,1)
(2606,3)
(856,4)
(4061,4)
(1234,3)
(4092,1)
(4779,4)
(5773,3)
(6251,2)
(439,3)
(1336,8)
(2126,6)
(459,3)
(2530,7)
(202,6)
(2119,2)
(2127,6)
(4764,4)
(4419,3)
(6017,6)
(6136,4)
(361,4)
(2786,2)
(2116,3)
(2531,7)
