0.00716505
0.00151987
0.00448973
0.00385278
0.00401678
0.00392687
0.00127593
0.00533686
0.00397688
0.00412147
0.00932264
0.00159881
0.00504667
0.00403939
0.00422169
0.00434929
0.00179383
0.00498798
0.0038908
0.0042542
0.00778072
0.00165881
0.00774944
0.00406999
0.00430897
0.00333955
0.00148089
0.00494372
0.00408859
0.00411475
0.00884675
0.00148807
0.00527745
0.00173036
0.00484372
0.00448098
0.00165226
0.00467258
0.00377376
0.00435535
0.00638868
0.0014548
0.00446981
0.00161884
0.00494019
0.00415981
0.00135694
0.0042442
0.00348544
0.00450065
0.00343088
0.00370559
