0.00426391
0.0014998
0.00460007
0.00182158
0.00605288
0.00171808
0.00465436
0.00489825
0.00183801
0.00516727
0.00166187
0.00454888
0.0015928
0.00429132
0.00432055
0.00458396
0.0018192
0.0048117
0.00191129
0.00479221
0.00885919
0.00127119
0.00550052
0.00161767
0.00435305
0.00139974
0.00410016
0.00491543
0.00150773
0.00448176
0.00158113
0.00455684
0.0013934
0.00397356
0.00383512
0.00465192
0.00162707
0.00459703
0.00155944
0.00401114
0.00178504
0.00179549
0.00623712
0.00174642
0.00147575
0.00144799
0.00398635
0.00126756
0.00164271
0.00645707
0.00221083
0.00218905
0.00234677
0.00605392
0.00211354
0.00178003
0.00511162
0.00139343
0.00170938
0.00192178
0.00616913
0.002808
0.0015238
0.0051078
0.00208175
0.00213698
0.00174262
0.00425652
0.00126876
0.00117686
0.00408192
0.00167595
0.004781
0.00150988
0.00403042
0.00126166
0.00122909
0.0042114
0.0014214
0.0041823
0.00139462
0.00439512
0.00147579
0.00142121
0.00421458
0.00134278
0.00150308
0.00202229
0.0046562
0.00128638
0.00126373
0.00398106
0.00149033
0.00144139
0.00175505
0.00496536
0.00150703
0.00141097
0.00392802
0.00139608
0.00130681
0.0019814
0.00438973
0.00265262
0.00149616
0.00537242
0.00216722
0.00198243
0.00198701
0.0045326
0.00137794
0.00128116
0.0045408
0.00156928
0.00163027
0.00172031
0.0042755
0.0012681
0.00119906
0.0039416
0.00132004
0.00128446
0.00137325
0.00396552
0.00257258
0.00147478
0.0048662
0.00177694
0.00175111
0.00221815
0.00573971
0.00161004
0.00151773
0.00559787
0.00202607
0.00184679
0.00193687
0.00558824
0.0015897
0.00169891
0.00566759
0.00167495
0.00161389
0.00179819
0.00536546
0.00223175
0.00173837
0.0060514
0.00158465
0.00149882
0.00154401
0.00388621
0.00106724
0.000982032
0.00353932
0.00104494
0.00104564
0.00119019
0.0044793
0.00139287
0.00118932
0.00380013
0.00111208
0.0010554
0.0011905
0.0038383
0.00303551
0.0031321
