9
cycleway=shared_lane
23
1251283082
385750413
1249745422
1051964304
1252224660
1241362709
1252224683
1241362734
1241362608
1337026610
1338672057
402328890
1252224451
367602556
1252224479
1249745636
1338726376
1338726378
288201963
1241362671
1051964276
1207544184
1252224636
share_taxi=*
23
1238420229
1252224646
1338672016
402328720
1337026710
1338672022
1109164579
1241362607
1054703922
1338726454
1252224574
1338726337
1241362497
1252224451
1338688716
1338672083
1337026772
1207585759
1338672353
1242512358
1338688753
288201977
1238420223
cycleway=share_busway
23
1251300483
1286223621
1249745416
1249745561
288195752
1338672045
1338726446
1246640949
1338688699
288201917
402328894
994629188
1249745605
1338726351
1249745487
899126490
1241362654
402329058
1337026537
1252224747
288201964
1249745528
402328956
route=share_taxi
23
1249745411
1249745421
1338672269
1052047902
1241362470
1054703922
288195767
1252224706
1052047682
1249745223
1251283145
1338726347
1207585871
1207585497
1249745503
1249745258
1252224753
1052047859
367604083
1238411765
288195829
367602552
1242512380
amenity=boat_sharing
23
26130564
1337026571
1251300491
1252224526
1337026706
1052802726
1337026346
1338726451
1246641075
1242959168
1055447105
402328900
1249745605
26130631
1338688455
1286223695
1251283154
1251283296
1251282919
1337026537
1238411888
1286223735
1238411771
amenity=car_sharing
23
1338726405
1252224518
1337026693
1337026573
1207585680
1337026577
1052802712
1252224545
1252224550
1249745192
1241362604
288195756
1286223670
402328889
1238420412
402328901
1241362647
1338688731
288201957
402328942
1241362550
402328952
402328956
amenity=car_rental
23
1338688515
1338726420
288195744
1059564704
402328887
1052047801
1252224705
1252224707
1251283139
1252224584
1286223688
1251283150
1252224722
402329047
423840605
1251283296
1251283174
1241362535
1337026408
1338726378
1337026283
288201980
1338688510
amenity=car_pooling
23
1238420483
1052938372
1249745160
1337026316
1251282971
1241362720
1338688299
1337026732
1337026352
275996466
1251283390
275996478
1252224448
1338672322
1337026629
1337026373
1337026767
1252224468
1241362650
1246641001
288201962
1241362547
1252224755
amenity=bicycle_rental
23
1238411904
1109164801
1338672137
1242959119
1241362706
1238420243
1251283097
1249745440
899126689
1249745446
1238420272
402328881
1207596215
1252224452
1207585732
1052802884
1337026277
1052047846
1238420328
1338726376
1338688373
1052802810
1238411775