9
amenity=waste_basket
23
1252224513
1246641026
1241362565
1249763078
1052803078
1238420361
1242512403
1249745693
1238420257
1338726446
275996472
1241362744
1055447100
1251283138
402328908
1337026387
1238411860
899126620
1242512481
1252224743
1249745516
1338726386
1251282931
amenity=recycling
23
1337026702
1238411795
1337026725
1052047930
1252224442
1249745468
1249745596
402328894
1338672322
1286223688
1252224713
1338672203
1241362637
1337026256
1338672340
1249745622
1286223577
1337026269
1286223583
1241362528
1251283180
1338671990
1109149310
amenity=waste_disposal
23
1251283336
1337026573
1249745680
1059564843
994629166
1249745205
1252224566
275996470
1241362741
1055447100
1337026497
402329044
1252224725
1251283162
1337026522
1249763034
1286223710
1207585385
288195818
1249745515
423840617
1338672239
1338671990
bin=*
23
899126531
1286223620
1238420229
1337026310
1249745427
1337026454
994629151
288214823
1338726315
1241362741
1286223551
1052803019
1052047949
1337026648
1242512484
1238411750
402328941
288195823
1338688624
1242512370
1249745527
1286223612
1052047742
landuse=landfill
23
1337026308
1052803078
1338672011
1252224654
1249745298
1337026323
1286223643
1252224540
1337026732
288195760
1242512437
1251283127
1055447111
402328905
1338688594
1338688731
288201959
1238420330
1338671984
1249763060
1338726396
1241362686
1249745535
recycling_type=container
23
1337026433
402328961
1052802819
1249763075
1286223607
1242959119
1241362726
1054703910
288195752
1338672044
1055447084
1338672304
1246640947
26130613
1246640834
1051964491
1241362637
1207585624
1337026648
1286223578
288201963
1337026542
1338672375
recycling_type=centre
23
1338688647
385750416
1242512409
1337026590
1052802976
288195747
1337026610
1249745331
1338726454
1286223670
402328889
1246640956
1338672064
1286223557
1251283147
26130636
1337026520
1241374682
402329050
1338671962
1249763051
1249745520
1052047870
amenity=waste_transfer_station
23
1337026434
402328963
1338672398
1241362702
1338672143
1252224527
1055447070
1054703923
288195764
1251282873
1338726348
1241362637
1286223568
1242959185
1241374678
1052802775
1249745368
1241362530
1241362673
1338671990
402328954
1238420221
1252224510
waste=*
23
1251300483
1251283332
1251300490
1337026573
1338672024
1249745432
1252224538
1338672029
26130616
1252224442
275996476
1052047679
1238420421
423785041
402328919
1337026269
1286223712
1252224608
1249745635
1109149412
1286223726
1338688753
1338672242