16
building=warehouse
23
1249745411
1337026567
1238420243
1337026708
1241362716
1337026342
1251283373
1251282990
994629175
1252224697
1337026617
1338688321
1252224707
1252224709
1337026759
1052802890
1038409291
1241362512
423785043
1251283162
1337026281
288195821
1286223726
industrial=warehouse
23
1238420226
1338726402
1252224518
1337026439
288201990
1241362698
1249745419
1052938380
1338672296
1246641075
1052047800
275996476
1252224448
1338726337
26130636
288201934
1338672207
1337026665
1252224495
1337026287
1052047990
1337026299
1337026558
landuse=industrial
23
288201989
385750416
1109164309
1286223643
367604124
288195747
1251283365
1238411820
1051964343
1052803000
1249745594
1251283134
1252224707
1251283149
1207585368
1207585759
1052938464
1052047968
1249745516
1249745652
1338671990
1337026554
1251300479
amenity=loading_dock
23
1238420224
1337026436
1337026308
402328719
1249745425
1337026330
899126430
1252224674
1338726456
1337026233
402328891
1051964348
1338672064
1242512326
402328905
288201938
1252224744
1251283050
1241362667
1251283312
1238411894
1241362551
1252224763
shop=department_store
23
899126531
26130570
1252224527
1241362716
1338672290
1252224550
1337026474
1249745333
1251282873
402328889
1286223675
1251283131
1052047818
1251282902
1251283287
1052803034
1052802780
402328926
1052803043
288195821
1337026541
1286223740
1238420223
shop=variety_store
23
1241362563
1337026570
1337026326
1249745561
1252224545
899126705
1251283122
402328896
1252224450
899126595
1337026371
1229010122
1338672205
1252224722
1238411858
1251283284
1251282905
402328930
1338688228
1338671978
899126510
1241362675
1207585527
shop=supermarket
23
1051964161
1251283080
1337026577
402328984
1338672152
1337026458
1337026725
1338688551
1241362608
1251282994
1338672053
1207585871
1241362647
1249745496
1338726364
1052802780
1337026782
1252224738
1249745253
1346179432
288195823
1338688753
1249763060
shop=doityourself
23
1338672129
367602575
1052047902
1337026342
1338726438
1051988649
1338726323
1241362486
1337026616
1241362745
1252224573
1252224701
1338688321
1251283139
1338726340
1239300051
423785046
1286223578
1251283182
1249745391
1338672244
1109164797
1249745535
shop=convenience
23
1337026695
1338672009
402328717
1242959124
1337026454
1241362583
1059564705
1338726444
1338726446
1337026356
1249745598
1338672319
1286223680
1338672064
899126487
1229010143
1249745513
1051964268
1249745645
1249745395
1241362677
402328950
1249745657
shop=clothes
23
1251283079
1338726408
1251300490
26130574
1241362706
1238420248
1052047898
1246640800
1338672032
1337026346
1337026224
1251283128
1337026616
1338688696
275996477
1338726341
1337026503
1252224717
1286223702
402329048
1338726376
1338688367
1249745533
shop=hardware
23
1337026435
1337026708
1338672029
1052938401
1052802977
1338688424
402328893
1109164365
1251283149
402328914
1059564883
402329045
1338672216
402328925
1249763038
1109149411
1251283172
1337026281
1238420330
1241362547
1249763060
1338688373
1229047670
shop=furniture
23
1337026692
1338672388
1249763077
1241362700
1238411795
1238411811
1337026598
1338726315
1337026610
1251283130
402328909
1238411872
1238411878
402329062
1251283304
1249745513
1229010152
1052938475
288195821
1338672112
1251300465
1207585653
1109149310
shop=electronics
23
1338672004
1238420359
1241362698
1338672012
1337026330
1338726304
1059564707
1338672291
1052803110
1238411826
1051964232
1109164365
1338672336
1337026645
1052047704
1338688603
1249745630
1052938464
1337026659
1051964135
1249745395
1238420339
1207585661
shop=mobile_phone
23
1337026697
367604110
1252224537
1251283099
994629150
1338726315
1246640947
1242512314
1055447100
1251283397
1251283281
1241362645
1052802902
423785046
1241374682
1337026266
1249745635
1251300451
1249745509
1338672363
1238411890
1249745273
1286223611
shop=shoes
23
402328723
1249745302
1286223640
1238420388
1338726313
1051964591
1249745464
402328888
26130622
402328895
1251283399
1337026248
1238420428
1241362637
1251283150
1249745619
402329045
402328931
1251300454
1337026799
1241362551
1051988600
1252224506
shop=alcohol
23
1241362561
1249745415
1052803080
1252224525
1338672150
1242512417
1238411811
367602602
1338726315
1246641075
1241362490
1338726331
402328898
1338672351
1286223589
1238420328
1252224490
1338671978
1251283310
1238411886
1286223599
1337336306
1052803062