8
amenity=school
23
1338688781
1338672142
1242512403
1241362726
1054703912
1252224687
1249745329
1286223670
1252224568
1051964601
1338688450
1249745533
1052803023
402328915
1252224601
1337026522
1207585371
1337026267
1109149411
1338672105
1241362540
1338672112
1251283197
building=school
23
1109164801
1238420359
1249745433
1249745693
1286223651
1249745577
1338726443
1337026604
1246640947
385747128
1338726331
1242512331
1241380427
1249745486
1241380435
1241374677
1252224604
1229010141
1242512484
1051964398
1286223599
1229010160
1207585532
amenity=driving_school
23
1337026692
1338726408
1338672395
1338726423
1055447068
1337026592
1207585829
1051964069
1251283122
1241362616
1286223548
1238420412
1251283142
423785045
1052938325
1252224731
402329056
1286223712
1338672355
1246641123
402328932
1338672358
1337336314
school=*
23
1337026690
1337026312
1249745289
1338672009
1338688271
1241362711
1338672025
1338726425
1241362716
1338726304
1238420391
1251283114
1241362612
1051964213
1241362490
1249745339
1052047944
1051964105
1337026262
1241362679
1286223608
1241362682
1251283197
amenity=music_school
23
402328961
402328965
1249745542
1252224654
402328976
1052802963
1238420246
1251283103
1337026470
1238420401
1241362613
26130616
1249745344
1338688455
1251282900
1251283157
1229010134
1252224471
1252224729
367602533
1338688236
1338671984
1338672250
amenity=language_school
23
1338672385
1251300483
1052938372
1337026310
402328717
1338726415
1249745428
1249745695
1337026208
1337026726
1054703914
1238420403
288195764
1249745598
1286223681
402328898
1052047682
1338672336
1051964369
1337026645
1241374679
1249763036
423840626
amenity=dancing_school
23
1337026434
1338726411
1242959119
1249745424
1249745315
1249745320
402328881
1338672053
402328951
1338672065
1051964226
1337026627
1249745611
1338688596
1249745243
1346179420
899126620
1251300447
1338672352
1052938467
1241362677
1338672119
1109149310
amenity=ski_school
23
1251283336
402328719
402328984
1338672152
1338688284
1251283362
1241362602
367602602
1249745582
1252224688
1337026356
1338726456
1338672313
1337026493
1052802754
402328916
1249763034
1052802784
288201961
1337026551
367604088
1238420477
1337026430