4
healthcare=*
23
1238411777
1338726405
1338688392
1052802712
1337026336
1109164322
1241362604
1337026734
1051964348
1286223680
1242512449
1052802884
1109165007
1251283172
1251283174
367602535
1249745643
1249745652
1052047989
1337336309
1238420221
1286223742
1337026687
healthcare:speciality=*
23
1338672129
1337026702
1338688401
1338672025
1051964315
367604124
1338726312
994629160
1207585454
1242959158
1286223546
1338672320
1337026244
1242512453
1207585360
402329045
1241374683
1249745513
1337026540
1241362671
1249745658
1338688510
1052047871
health_facility:type=*
23
1052047878
1249745307
402328987
1286223644
1338726303
1337026214
1249745455
994629174
1249745210
288201917
1337026497
1338726337
1246641096
1052803035
1337026786
288201958
1337026537
1249745520
1338726384
899126642
1052047738
1249745533
1338672383
healthcare=dentist
23
1109164684
385750416
1251283092
1059564704
1252224550
1109164713
1338726314
1251283120
1242512437
1252224447
1052802884
402328906
1337026255
1229010133
1052802775
1337026778
1338672348
1286223583
1238411890
1252224629
1249745656
1229047674
402328955