9
amenity=bank
23
402328963
1286223637
1238420374
1337026453
1238420380
1249745183
1286223659
1337026741
1252224565
1249745464
1252224573
402328896
1241362753
1252224448
1337026376
1249745225
1338672337
1337026772
423840613
1338672239
1337336312
1338688637
1249745535
barrier=hedge_bank
23
1251300489
1252224524
367604110
1337026577
1242959126
402328984
1052938396
1238411813
1241362622
1052047679
1238411839
1337026753
26130626
1109164356
1238411852
1238411858
1251283028
1337026644
1051964374
402328925
1052047968
1338672239
1238420351
amenity=financial_advice
23
1251283082
1338672016
1337026459
1229047708
994629148
1286223643
1207585829
1249745577
1249745454
1338672183
1052938423
1251283129
1054703934
1252224708
1337026246
1242959182
1337026387
1249745622
1249745494
1055447134
1252224479
402328928
1238420328
amenity=atm
23
1109149441
1251283074
899126531
1249745422
1337026704
1338672146
1242959124
1229047708
288195744
1249745328
1207585584
402328883
1251283380
367602637
1249745614
1337026261
1249745622
1251283287
1207585753
1252224477
1252224614
1241362673
1051964279
office=tax_advisor
23
1337336321
1241362694
1338688649
1337026455
1251283223
1286223641
1052047778
1338672050
1249745587
1246640956
1252224447
1252224577
1241380422
1038409300
1338671967
1251300451
1238420325
1229047654
1286223717
1252224744
1241362540
1238420471
1052938362
government=audit
23
1238411910
1338672009
1337026314
1251283216
1251283091
1251283223
1338672154
1241362598
1051964326
1286223550
1052938432
1252224716
1337026515
1251283158
1338688731
1249745501
1286223712
1337026283
1286223724
1249745517
1338672239
1052047736
1238420351
shop=money_lender
23
1252224655
1051988626
1337026476
1338672050
1338726335
1249745344
1207585732
994629188
1338688203
367602642
1338672082
402328917
1252224472
1252224601
1338672224
1337026667
402328940
1249745644
1337026285
1251283182
1252224756
899126520
1238420351
amenity=money_transfer
23
1241362701
1337026454
1338672150
1109149468
1249745439
899126689
1337026595
1249745448
1051964328
288195760
288195765
994629175
402328888
1051964601
1338672319
402328900
1337026758
1338688721
1286223700
1246641123
367602548
402328953
1052047870
shop=moneylender
23
1052802949
1251300490
1251283340
1338672143
1337026454
1338726427
1337026461
1246640806
1109164330
1338688427
1249745198
1337026430
1052047801
1338672065
1052047682
1251283397
1338688332
1337026767
1238411750
402328937
1249745385
1337026797
1052047742