6
vending=parcel_mail_in
23
1337026437
994629135
1338688637
1238420248
1238420380
1109149348
1337026725
1051988649
1241362731
1338726443
1337026480
1286223538
1338726337
1251283138
402328905
1337026772
1249745237
1286223704
1241362532
1337026541
402328952
1207585532
1249745533
amenity=post_box
23
1051964161
1251283333
288201991
1251283336
1286223623
1252224526
1251282965
1249745564
1238420257
275996468
1338672181
275996474
1052047682
1251283143
1338688596
1338671963
1229010143
1051964384
1251300460
1337026285
1338688624
367604088
402328955
amenity=post_office
23
1052047876
26130566
1249745414
402328970
1109164946
1338726391
1337026454
1249745198
1242512435
402328901
1251283274
1207585868
1249745490
402328915
1251283156
1249745492
1207585624
1052938467
1338688621
1286223597
1337026673
402328950
288201974
post_box:type=*
23
1238420224
1337026308
367602575
1251283351
1338672152
1241362711
899126689
26130602
1337026732
1251282997
1052938423
402328887
288201916
288201917
1051964354
1251282899
1241374676
1337026390
899126487
1251300447
1238411750
1249745393
1337336309
post_office=*
23
1052802816
1337026308
1338688647
1241362695
1242512409
899126685
1242959137
1338672037
1054703910
1241362480
1246641076
1251283125
1249745210
1249745610
1252224717
1286223566
367602642
1059564883
402329045
1252224489
1241362545
1249745528
1249745535
amenity=post_depot
23
1249745282
1337026309
1337026594
1249745572
1338672295
1241362736
1241362744
1249745468
1251283005
1052047680
1052802884
1242959179
1338688594
402328916
1252224470
402328921
367602529
1286223595
1051964146
1337026546
367604088
1251300473
1252224638