12
building=construction
23
1241362565
1242959124
1286223643
1249745454
402328888
1249745337
1251283133
1338688321
1052802754
1252224584
1286223695
402329047
1251283031
1338688601
1286223579
1286223589
1238411878
1249745387
1337026283
1337026672
1337026291
1251283197
1238420477
construction=*
23
1241362698
1251300491
1241362574
1249745302
402328985
1238420391
1109149480
1207585835
1052803116
1249745455
1251283125
1238411839
1241362755
1337026500
1252224710
1052938440
1338672363
1338688236
288195823
1338672119
1337026296
1337026553
1286223739
landuse=construction
23
1337026560
1338688515
1337026314
367602575
1338726415
1238420243
1337026459
1241362587
1338672032
1249745452
1242512435
402328902
899126476
1346179417
1052803036
1251282919
1238411886
1249763059
1249745653
1229047670
1207544185
1052047870
1252224639
highway=construction
23
1109149441
1109164801
1246641031
1249745672
402328720
1338672286
1241362602
1251283250
1242512435
275996472
1051964348
1051964354
1338688324
26130631
899126476
1249745487
1249745619
1246640980
1337026266
1052803034
1252224475
1229010152
1338672375
amenity=restaurant
23
1251300480
1337026433
1052802816
1238411910
1338672269
1241362724
1249745448
1242959147
1052047800
1251283134
1251283135
1241362628
1338688455
1338688583
1241374684
1337026273
1338672099
1252224486
1337026408
1338688233
1052802793
423840617
1241362550
amenity=cafe
23
1242959124
1249745313
1241362472
1338726314
1251283376
1052802868
1249745333
994629174
1249745212
1252224708
1338688453
1337026759
402329043
423785044
1249745237
1252224600
1338688601
1251300445
1252224482
1051964142
288201970
1249745528
1238411771
amenity=fast_food
23
1246640900
1051964165
288201990
1337026692
1337026459
1251283229
1246641076
1055447105
1249745605
1337026758
899126476
1337026512
1249745490
1059564883
1239300052
1251283157
1337026272
1252224742
1052047850
402328941
1251283310
1252224756
1051964279
amenity=bank
23
1242512419
1338726312
1337026348
1251283380
402328893
1251282880
1249745533
1249745223
1252224585
1251283147
1238411858
1229010132
1249745493
1059564886
1052047704
1252224473
1241362528
1241362663
288201963
402328939
1337026556
1207585405
1238420222
amenity=pharmacy
23
1249745411
1337026312
1229047708
1052938398
1241362596
1241362481
1251283124
1052047930
1338688699
26130622
1337026495
1238420293
1052803014
1338726348
1337026395
1252224731
1337026273
1286223714
288201959
1207585644
1338726382
1286223601
402328959
amenity=bar
23
1249745414
1337026316
899126428
1241362717
1109149473
1338672045
1238411822
1338726332
1242512328
1109164365
1241380436
1338726357
402328921
1251282905
1252224475
1251282908
1251300454
402328939
423840620
1251300462
367602544
1229047670
1052047870
amenity=pub
23
1249745536
1337026444
1241362574
1109149456
1251283097
1337026459
1251283250
1241362483
26130616
402328891
1337026493
1286223551
1252224715
1052938448
1241374681
1207585369
1052803034
1207585629
1229010148
1337026277
288201972
1252224507
1207585532
landuse=commercial
23
1337026688
1338672388
1238420229
1052047878
1249745547
1286223640
1338672037
26130613
1241362741
385747127
1251283132
402328895
1252224710
1249745479
1251283274
1241362524
1337026654
1252224741
1241362663
1229010152
1251283182
1238411762
1251283192