20
railway=subway
23
1337026433
1052803078
1051964180
1286223644
1207585823
1338672176
1337026352
1051964340
402328887
1241362494
1338672319
1338672322
1238420293
288201932
1338672083
1229010132
1241362652
402328931
1207544164
1338726373
1346179432
1249763054
1241362547
railway=subway_entrance
23
1337026573
1337026587
1109149473
1337026211
1337026346
1338726323
367602612
1251283132
1055447100
1337026366
1242512453
1249745617
1338688473
402328926
1249745253
1337026281
1251283050
1052047721
1229010160
1251300467
1241362679
899126520
1249745277
subway=*
23
1238411777
1252224648
1252224529
1338726423
1286223645
1207585464
1337026626
402328899
1337026628
1286223561
1229010129
1252224596
899126614
1338726364
402329056
1052803043
1238420453
1337026535
1051964394
288201962
1241362550
1337026295
1052047870
station=subway
23
402328834
1337026567
1338672012
1252224653
1238420243
1252224663
1052938396
994629166
1286223534
1338688304
1338672315
1054703932
1252224451
1337026500
1052802884
26130636
1338672205
1337026257
402328927
1229010148
1249745387
1051964268
1252224636
public_transport=platform
23
1207544192
1338672004
1338672132
1251283091
288195744
1238420388
1337026224
275996465
402328882
1337026738
1249745611
1052047949
1337026263
1249745367
1252224731
1242512348
1337026404
1337026277
1337026292
1251300468
1229047670
1238420468
1338688253
railway=station
23
1249745286
385750413
1249745302
1249745439
1337026598
1249745454
1338688431
402328885
1252224697
1051964090
1337026373
1052047944
1242512337
1338688594
1338672087
1241362525
1238420447
1337026784
1238420324
1251282919
1337026665
1241362667
1252224506
building=train_station
23
1246641024
1251283202
1252224547
1238411813
1338726438
994629163
1055447084
1242512443
1249745344
1286223561
1229010122
1239300043
1207585868
1252224720
1337026518
402328926
367602533
1249745643
288201963
288195829
1252224506
1207585661
1337026687
highway=bus_stop
23
1246641024
1252224513
1241362561
1251300481
1252224515
1249745429
1252224663
1338726431
1249745577
1286223659
1251283117
1051964462
1251283376
1252224574
1337026503
1242959175
1241380425
1241362512
1052047704
1241362659
1286223724
1251282931
1242512374
bus=*
23
1251283076
899126533
1249745543
1286223628
1338726413
1337026702
1252224655
1241362579
1052803108
1238420272
1246640946
1338726325
1051964343
1338672183
367602618
1286223548
1286223551
1238411853
1338688594
1338671968
1238420328
1249745387
1251282938
route=bus
23
1109164801
1249745413
1338688401
1109164820
1242959128
1337026330
1229047708
1246640800
1207585829
1338672047
1241362736
1246640947
1286223547
275996477
1055447108
288201931
1242512467
1038409300
1338726374
1238411761
1251300467
1251283197
1337026685
amenity=bus_station
23
1337026560
367604105
1249745551
899126547
1241362712
1337026595
994629157
1052803116
1241362734
1337026354
1246640946
275996472
1207585464
1242959179
1249745617
1251283158
1109149412
1052802793
1252224747
1242512365
1249745521
1251300475
402328958
train=*
23
1249745429
1238411813
1246640806
1337026603
1338672304
1251282994
1252224695
1338726332
1052047680
1052047814
1246640967
1286223565
402328909
1238420447
1241362657
1252224492
1252224493
1238411886
1109164399
1249745393
288201969
1338671990
1338672119
bicycle=*
23
1241362690
1242512388
1338672004
1249745425
1337026708
1051964564
899126430
288214823
1246640828
1242959174
1238411852
1337026655
1241362528
402329057
1252224484
1249745638
1252224614
1229010154
1242512365
1051964142
1052047859
1238420475
1338688253
amenity=bicycle_parking
23
1052802816
1249745667
1249745413
1246641031
1338688652
1207585677
367604110
1242959130
1337026595
288195749
1109164713
1337026732
1251283119
26130613
1052047818
1338672334
1337026256
1337026273
1337026278
423840617
1286223726
1249745522
1338688637
bicycle_parking=*
23
1337026308
1249745425
1252224667
1229047708
1337026590
1249745440
1251282988
1252224443
1241362622
1338688323
1109165000
1252224717
1229010129
1246640852
402328923
1241362686
1252224615
1238411888
1241362672
1229010163
1252224631
1337026555
1338688254
amenity=bicycle_rental
23
1052802710
1242959137
1242512417
1338726436
1249745324
1337026734
1241362608
1054703922
275996466
26130622
1338672197
1052938440
1242512332
1241362511
1251283156
1238411864
1251282908
1249745502
1052802793
1052047736
1241362553
402328954
1207585661
aeroway=taxiway
23
1052803080
1252224522
1207585686
1241362586
1337026723
1052802854
1338726312
1051964591
1338672310
1052047800
1249745602
1249745349
1338726349
1251283024
1052938467
288195818
288201963
1337026799
1338671984
367604083
1249745656
1286223609
1251300476
amenity=taxi
23
1246640900
1238411911
1251283080
1249745302
1252224674
1109149346
1338672040
1337026730
26130479
1249745328
1251282997
1242512440
1241362617
402328903
1286223565
1251283287
1286223712
1238420449
1251283170
1337026659
402329060
1338726390
1249745657
taxi=*
23
1249745667
1251300485
1249745158
1051964295
1052802828
994629135
1251283362
1249745320
1238420395
1241362604
1338672305
899126709
1249745344
1055447111
1337026250
1249745611
1241362642
1052047826
1251300462
1251283057
1249745395
1338672371
1249763061
share_taxi=*
23
1242512387
1052802958
1249745434
1286223642
288195748
1052802726
1251283368
1238420266
1338726396
1051964462
1337026741
1249745212
1338688321
1338672337
1252224726
402328918
1251300449
1207585766
402328937
1337026285
1337026545
1242512380
1249763070