10
tourism=information
101
5095
253
1991
12982
13428
445
13136
6162
2500
1917
15688
15249
7268
4627
9903
5080
13213
14354
27
6510
5589
16060
221
1454
3491
8073
14184
16830
1872
9975
9669
8157
9544
12228
105
5496
12133
12216
6073
6019
17705
4744
10419
326
15605
8917
4970
11518
2594
17600
6176
15926
8142
12076
17722
6461
9301
9877
14203
11180
13152
13760
15523
15227
10630
11899
4392
1999
344
16156
15394
10249
16439
4182
6150
17200
11657
1990
16657
17352
9676
17103
6528
8281
7117
2650
3237
14651
11980
8291
7702
6350
6045
15381
12886
869
13489
13811
10494
13040
8826
tourism=hotel
101
4085
3909
14866
6434
8682
4172
15495
9111
6359
8090
2880
11599
14732
3632
15817
609
7518
15995
9738
11098
10914
12268
11563
1044
2919
15520
12584
12863
16866
17361
4426
16056
17729
3319
553
16778
8621
5793
4358
10390
7356
4595
6994
9860
8657
573
9718
1434
3677
17034
5160
6980
13393
1765
13239
15494
16147
3212
6402
16515
8612
10973
5899
7062
995
14176
5315
72
14955
3027
6881
17116
17287
6807
5636
14669
10944
6951
16435
2774
16623
10597
1194
1820
9048
4661
14391
8077
10742
4719
3565
16460
4378
11918
10425
12781
3358
2080
11655
302
3190
tourism=attraction
101
10409
4053
15092
10564
12808
15979
9249
4528
14873
14758
13470
1829
13201
9392
15190
4816
9199
13962
4218
13339
17396
9475
2407
9754
10980
6363
14824
9238
11868
14744
4798
8736
14576
4336
12619
2189
11186
15649
2911
14709
10001
11483
9541
11448
14336
2537
7111
12669
2810
9420
3234
8854
3539
9221
5732
5833
16094
1375
15133
15246
1775
5574
16497
2786
950
1411
5775
4588
17417
14059
11769
3828
13927
3832
6950
7489
10927
3524
12913
4177
4394
8533
10658
17676
16583
9097
8363
17346
3521
11781
2527
15685
10112
7640
737
10333
13716
3392
12348
7898
4060
tourism=viewpoint
101
7233
5260
9497
842
12438
13951
5412
10339
8776
9660
3894
15732
13819
5335
11798
7087
9188
9878
1467
9536
15982
14975
5165
10700
9262
2033
8641
10739
2874
153
2367
5027
15779
17700
1939
6502
17645
13062
328
6410
16915
1127
5355
1393
3447
15564
4305
13856
4268
15164
1697
11068
519
16840
8690
14855
13482
8439
16591
6558
6302
5706
8888
7807
12311
2965
17006
13378
982
7841
9060
11024
6923
12086
9758
7869
7439
2358
17253
15152
15173
14266
790
16799
7197
16189
11713
14212
9923
16138
10567
670
5323
11660
10236
9017
14714
2083
13602
13551
12468
tourism=guest_house
101
10018
7970
15789
16532
1360
15801
11749
3902
6753
8463
9573
12715
8415
9190
13286
15127
994
9635
10002
2935
6986
13180
10743
13511
4258
14929
12665
4772
13857
5302
1506
10491
17228
2122
17535
2931
1748
12125
12021
8834
449
11698
857
9808
16599
11706
10800
7108
9462
4438
13324
4743
468
1514
11283
0
13405
4887
11622
5675
837
1993
2671
11103
4637
2186
830
12277
14137
16962
14375
14870
15842
8816
5445
3417
3425
16217
13647
12203
9715
1984
9520
8274
8519
14058
10792
10140
2086
12230
10724
9984
10598
12069
12089
7280
6315
12467
2609
10667
2109
tourism=picnic_site
101
15990
10917
6185
12059
6724
9991
12500
6596
15141
11616
11977
3879
15652
4577
13596
8473
5508
14080
5409
7057
12081
1864
14597
17216
9527
7586
4686
5428
10936
17500
13525
8231
17467
2712
12889
12350
5795
2228
2744
12407
12176
2862
9767
7487
2307
15244
15738
12712
12550
840
3623
7025
6039
12502
13723
13172
3586
679
6396
2698
16116
8732
6963
695
13942
17498
7067
6328
8152
16245
12354
255
6687
8950
9149
816
15902
17134
15543
9912
4149
17571
299
7959
17289
17107
7947
561
1072
9655
1616
4855
5163
3869
2140
9898
12543
4594
4038
2327
15043
tourism=artwork
101
10090
13709
7290
11251
16786
2496
15846
705
9171
5117
7287
12517
17444
12117
5238
12295
13422
17311
9858
15108
5041
5829
17601
15242
13814
12107
12959
17199
1631
5015
8662
17708
6874
15900
10881
7098
2202
5841
1791
1199
2638
1170
13353
12895
16531
16852
16626
13769
295
8745
367
14086
15195
14346
5698
15059
7081
7330
13440
7383
213
12952
2457
4260
8601
7678
16408
8208
11938
14330
8305
4187
9792
17152
6264
17265
13120
15509
11265
8600
1152
9054
781
1394
3092
15311
15372
13736
5261
13381
1696
6846
4751
8320
8346
10887
15351
11380
4977
4423
26
tourism=camp_site
101
9191
10458
10285
1701
15804
1894
15230
9260
1782
6973
8990
14202
15048
11863
910
5275
3746
7438
17324
12104
4781
16308
7572
3957
6444
14602
2597
6940
14777
17081
7995
15300
10693
16486
874
5624
16446
5739
10670
5869
11813
12182
7321
133
2173
7011
2889
2877
8461
10835
13199
4356
9727
7470
3490
1437
3953
13950
2305
15616
11576
6101
2941
4913
6932
9941
8535
11383
2686
6875
14997
6368
6459
17446
8812
15945
16033
8855
14858
15484
8758
9121
1210
7952
4248
12894
10878
7271
14429
6592
14396
13621
8579
1435
3277
8751
14603
1224
7811
17599
7960
tourism=museum
101
4106
14316
14658
11171
1281
11974
11094
10349
1826
13410
3904
13406
13618
17158
2818
2605
16726
1669
5282
7761
13813
3851
7080
5347
8746
17686
10036
13581
211
7688
14980
6692
14974
13059
10554
290
12971
9523
9812
2602
17611
12528
13590
15264
12981
13861
63
8102
12904
9220
16561
9200
5885
11895
362
12430
14009
5301
10305
14089
17206
12771
6141
8930
9893
1423
17128
17373
3508
9539
16023
646
10552
12589
4889
6966
15140
1308
11100
9576
15346
10105
12303
2192
15641
16272
10283
7005
8307
13185
6209
10495
17432
413
5679
15582
9433
14337
5831
7026
16890
tourism=*
101
14181
11532
12605
16471
5756
11925
13113
7311
2775
5840
9713
10121
8557
16391
2211
16463
17390
9639
1186
17011
14856
13035
9472
6295
12227
8911
16120
6114
602
8263
13084
16078
7313
15354
10063
7277
9604
5710
8584
16306
3329
14414
9163
12
12649
7923
4456
5641
9235
13762
12983
5659
5144
11064
2376
7237
16307
17028
2652
3712
11625
13187
15507
3561
15711
4867
10474
14348
8161
7393
15337
15437
9817
12405
6905
1490
5436
12040
2854
9563
14050
3944
9492
1202
5437
5814
6041
8000
4140
3860
2986
1532
17558
12708
5693
4536
14911
14920
615
8068
14301