9
cycleway=shared_lane
73
1253610241
314542595
1198952196
1325759495
276938123
1253610258
1214165395
1260536980
920226197
1260537108
567391507
1314203800
663860633
276939674
663859738
1126327196
567391389
324175262
1183630367
1027838362
130215960
276939810
1103952932
920225828
324175268
275218855
1076761127
1126327205
276939819
1321499179
663859629
1321505326
1327529262
1198934699
1185191985
314542516
1321505463
1198969912
663860410
445041911
1198839995
1318768829
1326177655
567391432
488593480
276929994
663689421
413696339
1321505236
1197708503
1321505242
1199489271
1076804828
1321499743
1318768864
1199479649
1198905311
1167307625
413696377
1321499500
567391214
314542574
415408379
1198975985
130215923
1327534452
1253610357
1167307511
415408377
473183479
1199513852
276938109
1325759486
share_taxi=*
73
1183709442
112664195
488593413
1321499270
1198946055
567391494
444058633
275214599
1198905228
112624382
672696209
1126327058
1327534483
1321499411
1260537108
1251033238
1260536855
1321499795
1126327185
1224763547
1325753246
1224763551
1332815265
1321499170
112664225
1214165285
276937638
705533350
567391401
1318771242
314536618
413696428
1214165419
276930100
1213521718
1316579895
1321499707
413696444
314539838
1164363201
1318762309
663860422
1325753159
663694664
1214165192
1224758730
276936902
1321505353
1318758349
112664275
705534932
1318770005
1253610453
1198934744
1224758746
1183630429
1126355551
1224763488
276930016
276930017
1213521762
1321505380
276939751
1318762344
671781097
324175463
1213521515
920226029
1161017326
705533813
130215929
920225918
1313209215
cycleway=share_busway
73
1321505280
1126355590
1198946055
1253610379
1126327052
276930573
1325758224
1076821393
567391378
1165917330
663689366
1318772758
275218838
920226039
1325758108
1197708443
705533598
415406367
705534495
1318763425
444058658
1165917345
1318762276
1260536993
276936865
1126327336
276928809
275217962
1316572715
1197708460
1103683249
1351232691
1318765237
567391415
276942136
444041657
488593466
1224763579
1164363196
1210089399
269567423
1214165312
276938818
1210089411
1326190402
1165955911
1126327111
276936137
1224763591
473177806
1318766673
1326182357
1165917399
1316588120
1318762328
1314219482
1165955930
276928731
1318770013
1318762331
1321499487
1314202337
1126327138
314536680
1321505256
663859819
444058607
705534831
1214165237
112618358
1243069815
1198840054
473183481
route=share_taxi
73
1321499649
1027838593
324175240
1167767307
1321499531
276937358
567391504
1260537106
1198945939
413696404
276939794
1325748246
1321505434
415406363
276942107
276939682
276939683
920226084
1214165288
1325763114
1198970027
276939691
1167767340
444041652
1210089397
276936247
1321499703
324175288
1325748156
663859645
1213521597
276936253
1321505344
1183708736
792643010
276936896
663694660
276928836
413696326
663860422
1161008072
1307807690
1198934731
1318769995
920226125
1325763021
276936146
1224758739
1241974738
413696342
663859928
1253610457
1321499483
1318758364
1214165467
1186433886
663860191
1214165347
920226147
1253610469
1224763493
705534823
663859687
567391465
324175463
663860069
1253610471
663860205
324175469
1321505267
1325748212
1318743797
920226039
amenity=boat_sharing
73
488593411
1213521412
1240664708
672696197
314542604
1327534477
1253610386
1214165500
1325758105
1183708698
324175261
413696287
276939809
1318771236
1325763109
1315167913
1165917483
1076761132
1198952109
1198934575
1260537008
1076821425
413696306
1198829491
1321505462
1260537145
1253610427
1325763068
130215998
1318766719
1210089406
276929987
920226116
269567429
269567427
1126327111
1241974729
1165917385
1325758155
314536654
1224758736
1318762321
1318771281
276938064
1193621329
276938067
276936153
444058585
1321499740
567391453
1240664797
276936159
1224763487
1325763040
1318758240
130215907
1253610468
1103679461
1197708387
276939753
1165955933
276938094
1027838446
1214165358
1318762355
1325762931
1325763061
920225907
663689461
1318772730
1240664699
1198829436
276928767
amenity=car_sharing
73
920225922
663689476
1253610373
663689222
1198946055
567391494
1318768777
135806342
1318768774
1318765196
1185192077
276939790
663860366
1321505424
1197710093
1260536850
567391382
1253610392
1214165273
663694745
1126327321
1198969880
444041627
444058651
1224763552
1198934824
449822890
1198952109
705534126
276930993
1027838852
705534773
567391541
1326182325
1326184504
1321505464
1165939258
1315167930
1318763708
1318771256
1318768828
1224763711
1318772800
1325758145
276938046
112664262
705533513
1321505354
1327534411
276936906
1321499340
1214165199
1325753168
1318766681
1318766682
1318762332
663694685
567391456
1066384608
1199479649
1318768868
663859942
920226027
1126333932
663860205
1198946028
1318762353
473183474
1253610356
1161017332
1321499510
276930039
1199489277
amenity=car_rental
73
705534465
488593409
449822852
1243069829
1197710088
1321499274
1197710090
705533325
1318768789
1325762976
1325753249
1321499813
1316572711
1316566952
567391529
1199479592
1321505319
276939820
1185192113
445353649
1318763443
276930100
1161008052
473183414
1165917303
920226234
276929083
1165917373
314539838
1318768831
920225856
276939714
112664131
1325763012
276928838
130216008
1186433864
1318758349
1318769997
1326177658
128657103
920226125
1214165201
1318770003
1213521491
276928723
1224763477
1198934740
1190257234
276936153
1325763034
1076804699
1165955933
705534942
663859679
1198905188
663860324
1332815463
473183465
1318770026
663859819
1307807723
1076804717
130215915
1189111408
1307798257
1199489266
663860083
1326188406
1253610487
1198969976
567391482
276928892
amenity=car_pooling
73
1321499776
1213521669
449822855
1126327049
488593418
449822859
1325758090
1325758222
1214165264
488593426
130215954
1253610387
444041624
1326188441
276936858
1321505434
1318772763
663860125
1253610397
324173468
1198934689
1321499297
1214165412
324175269
663694759
1198969896
1325748394
130212522
314542508
1197708464
1326192817
1076761266
1193618995
567391412
413696310
1224763703
1260536887
276942137
130212536
1240664758
1316573629
324175294
1193619007
1198946113
567391429
1325763014
413696454
1076761288
1213521736
1214165324
276936146
1076804692
1190257237
1197708375
1198934874
1326190429
1316588127
276936159
1318766689
1167307491
1321499494
1165955946
1214165227
473183469
1224763632
1214165233
1076804723
1213521651
1143316597
276930037
1325758196
1240664699
1325753214
amenity=bicycle_rental
73
1318766722
920226051
1167321860
1321505285
1321505286
276939783
1214165380
1126327307
567391499
705533433
112664206
663689487
663694610
1213521688
1027838488
1325759517
1240664735
276936863
1321499554
663860387
1126327205
1318772774
663694759
1325763111
413696298
1222473645
445099567
276938035
663694644
1253610421
1318762294
705533623
1183708729
1315167930
276936251
920226236
1214165181
1253610306
920225860
445353544
1307807690
276928716
413695821
1213521488
276928721
920226131
1325763030
1253610326
1316588118
567391322
663860443
1321499354
444058589
1321505374
1321499487
1253610463
276928737
130215930
920226148
663859942
1214165223
276937064
314536425
1214165357
1321499373
1325753203
663689459
1326165753
1316575994
444058619
920225916
705534845
920226046