9
amenity=waste_basket
73
324175233
1213521665
1326177667
1240664710
275215110
1243076360
1167767305
444041608
1165917449
705533325
1198945936
1325762961
1321499796
1224763544
1165917338
1222473628
275218849
444041634
1197710116
705533861
445099560
1198934697
130212521
1325748137
449822891
1318763438
276930991
1318771247
1214165425
1210089396
663860021
1076761270
130212535
1316573624
1224763645
1210089398
1321505333
1214165308
1165931709
1325758141
920225856
1316566976
920225860
1318768836
663689415
488593480
663859661
1214165326
413695821
1325758161
1199479635
1321505236
1198934741
1027838422
920226263
269567447
567391450
1316588123
1260536796
1103672541
663859810
276928739
276939747
444058596
413696360
1224763630
1315162735
1325763055
920226291
1318762357
1126327033
314536701
1161017342
amenity=recycling
73
1321499649
705534465
314539779
1253610498
444041605
135806342
1326177669
1318765187
1166036874
276939659
314536460
663694602
444041612
314536591
663860106
1214165393
413695890
1321499796
444058645
1318762262
413696404
1198934806
1224763673
112624409
1260536986
1307798812
275218838
449822880
1197710114
1197710116
1318771238
276939816
1222473640
1318743849
1318763438
663694768
1199479600
1327527093
1318765238
324175286
112624443
276930621
276938103
413696319
567391427
567391432
1197708361
1325748427
1321505355
1242035533
1318771279
1198815056
920226255
1243085266
276936143
1243085268
1318762320
1260536790
1318762322
276936146
920226139
1076804827
276928866
663689318
1027838440
705534831
1213521651
413695860
445041910
1185192055
1224763513
444058620
1260536958
amenity=waste_disposal
73
112664198
1321505289
1161017356
1027838735
444041615
1326165778
276935831
1214165280
413696289
1325753250
1260536865
324175266
413696037
1164361510
663860395
1165931693
444041646
705533487
920226223
1325753265
1332816690
1318763443
1316556596
112668978
1326192815
1165931706
276936890
1325748156
413696062
1210089410
1326184516
276929990
1326182343
1185192007
663694666
1326171083
1214165453
276929230
1198952144
1167307602
1224758739
1190257236
276942165
276928726
1214165205
920226136
1325763029
1161017309
276930016
413696354
1321505251
1213521636
663694693
1214165222
1316576231
112664166
1325753193
1213521514
1318770021
1213521642
663694692
1316576233
130215921
1198873202
920226163
1126327155
444041714
1242071542
1318766711
920225912
130215930
663694716
1199517054
bin=*
73
663694723
1126295940
1325758087
1318768775
473183498
314542602
314539788
275214604
324175244
1327527054
1326165778
1164361493
663694743
663689369
1325762970
1198829466
1198905244
1318762269
663860380
1318772765
567391385
1126327335
1198946088
1321499817
130212522
449822891
1318771240
1198946045
413696302
1325763118
1318763698
1198934578
314539828
1222473654
276939703
663860412
413695807
1197708351
1165939267
920225990
920225864
1224763592
413696075
1318768847
1198934864
314536656
1325758167
1316588120
1332816473
314542555
1076804830
663860447
1213521760
1326165755
663860450
1076821347
1318770020
276928868
663694692
1076821351
1198744038
1318768870
1213521383
1318743916
1318772717
473183473
1214165371
1165955956
1185192053
1198840058
130215931
671781116
663689341
landuse=landfill
73
1325762944
1199489280
567391360
1198934660
449822852
449822855
920225927
276930314
1183709451
413696394
1318772746
672695946
1183708687
687994646
567391383
324175258
1325758240
130215969
1214165282
1321499427
1321499554
1321505313
1314208422
1126327207
1316572713
1326192812
1243212844
1198934572
276929967
1198946096
920226094
1213521714
413696307
1327529267
447872446
1126355519
1308680640
1321499458
1260537026
920226244
1318768839
1318769992
269567434
1214165323
663859658
1242035533
488593358
1126327246
314542539
413695825
1316526803
1198905307
920226140
1326171101
276938077
1325758175
1321505373
1253610465
1165955941
1165955947
413695980
1318762348
1224763630
1253610347
1027838448
1318770032
314536437
444041590
1199517048
314536697
1213521530
1321499643
276938108
recycling_type=container
73
1199489280
276928769
1126295940
276938117
1165917446
1321505418
1213521675
705534989
276939661
444041615
1318765198
1318772753
567391507
449822869
25613462
567391385
1321499290
112624409
705533980
130215962
130215963
1165917350
276939687
1318763430
444058665
276939690
1224763687
920226092
324175280
920226226
1214165426
1076761140
275217973
1253610295
324175288
1222473657
1076761144
1213521723
276936888
276938816
276938817
1253610310
275217991
314542535
1318769991
1321505355
413696331
276938061
488593489
1224763476
1321499477
444058583
1321499608
663860314
1076804699
1326171102
1327534455
567391199
705533662
1198905318
1321499497
567391467
1214165231
1318770032
276928880
1318770033
1214165361
324175220
920226288
324175222
1260536951
413696381
1197708414
recycling_type=centre
73
663689346
1318772740
1321505413
1027838852
1318743816
444058762
1318758284
1325748241
1214165393
1318762259
1325759508
1318768789
413695764
1167767319
663694616
444058650
324175262
276942111
1188182305
1253610402
1185192099
1224763553
276939683
1253610406
1321505319
567391527
1164361510
1321499431
1224763563
444041645
413695919
324175279
1326182321
276929971
1260537140
1325748406
1318768826
1188182332
663689404
1224763711
1224763584
1260537026
1326184514
322941634
920225859
1321499330
1166036808
314536393
1253610314
663689419
1165917384
1321499596
705533391
1253610450
112617171
1326171092
1318762325
1214165336
1214165466
276942170
444041698
1076761187
1318770026
920226156
1165917421
1325763057
920225908
1198840054
1243079799
705534072
1186433913
1318772730
112618365
amenity=waste_transfer_station
73
275215104
1198934528
276928770
1076761217
1027838720
1318743813
444058625
1198969856
1214165257
130215946
1189108234
1260536972
672695952
1198945936
1318772758
1318772761
114328986
114328987
1126327194
1198905244
1183630370
1325763109
1332815527
1198946088
567391402
1318763436
1321499566
1318772783
1222473652
920226102
1076761270
314539830
1315167930
413696059
1260536895
276939711
567391298
1325753155
1198905284
1210089412
413696070
413696455
567391429
1321505350
413696456
1318766674
1318766675
444041684
920226005
276938066
1316588115
1197708504
112617176
112617178
1186433883
1253610459
276936153
663860191
920226274
1165955945
663859689
1126333931
663859691
920226284
1316576238
276930031
276936309
1189111413
314536695
1143316475
705535101
1197708414
1260537087
waste=*
73
1260536960
1318766721
663689477
1243076360
567391496
276928778
1321505403
1199489293
663694604
663860623
1260536976
1325758107
276942108
1251033243
444058654
567391517
114328991
1260536993
1325758113
1325762978
114328996
1167767332
1318768805
1321505447
413696039
1332815527
1318762283
1260536876
1224763693
1076821422
1325758206
1326182321
663689394
276930101
413696309
920225845
1224763575
413696313
1198952121
1325758139
1198839996
413696444
314536640
1260537026
1224763598
276929230
1214165326
276936274
1214165459
413696339
1214165205
1214165462
1213521753
663694683
1165917405
920226270
1214165345
314536546
663859686
1189111399
1240664733
1316575977
1167307498
1321499803
1318766701
1321499676
488593391
130215921
276928758
920226039
663694587
1199485181
1318766718