10
tourism=information
73
1027838720
314536449
1161017348
1325758213
276930566
276928775
567391367
1321499526
1189108234
1198952202
1199485198
672696207
1197708432
1321499407
1326165778
1318762261
1165917461
324175254
1326171926
276939802
663694618
1307798814
1318768800
1214165408
1198934690
1318768803
445353636
1314208418
705533988
1198969892
413696424
1325762978
1318762285
920225837
276939696
1321505329
1243223601
567391539
276938803
25449269
413696310
276939703
663860023
1167321913
276939699
1214165309
276929982
276939715
444041673
1253610700
276929228
1318769998
1326182351
112664269
663859666
1198946003
1167307602
663859669
413696343
1198969943
314542561
1066384616
1316567017
1214165482
1214165229
1318762350
1321505390
1199489268
276928756
663694585
920226044
1242071549
1199485183
tourism=hotel
73
1214165377
276939778
275215107
112624388
1198934660
1321505284
1253610499
1325763080
1198829445
663689481
444041612
1165917452
1325759500
1316566927
1318762258
1325763092
1314203800
1321499290
1165931675
705533980
444041631
915487781
1214165413
1318762279
276937644
1325762988
1027838508
1103683247
705533487
1161008048
445353650
1321499442
276938036
920226100
1167307566
1327546296
1222473657
1318762298
1318768827
314536636
276929984
1240664769
276928833
1161017286
1126327111
920226255
413696336
1321499472
705533652
1198969941
1325758166
276938071
663859800
1190257239
1318762328
1213521759
1198969952
1316588129
314536546
1326171107
1243228644
1253610342
920226023
276936170
1318770028
663689454
1165917298
1325748214
1185192055
324175225
1307757562
488593406
1325759487
tourism=attraction
73
1325762944
1165931641
1321505284
1318768774
1126355590
314539784
1260536839
276930314
663860364
324175226
663694608
276938129
663860120
1197710106
1161008027
567391388
444058653
413696284
1318770046
130215973
1325753254
1076804776
1165931562
276939818
1318772780
314536622
1240664751
276939828
276936246
413696311
1325758136
324175290
663689342
1327534394
276938045
314542526
1325758145
1318763458
920226114
1214165314
1325753157
1222473666
1197708355
1326182339
567391434
130216010
130216015
1318766672
1165955925
473183447
1193621341
672695647
1224763489
663860450
276938083
1167307493
920226022
1126327015
1325753193
663860586
1224763628
1198934766
1315162735
705533936
1325762927
1165955954
1214165491
1318770034
1318770040
1214165241
1198934522
1318762365
324175230
tourism=viewpoint
73
1167321857
1214165251
1326188423
1214165257
1243069836
1027838991
1214165394
1325758099
314536597
663689367
276928791
663859738
920226075
1318743834
1307798812
663694624
1318763425
1325763107
276928805
130215979
920225965
1198934576
1325762996
663689468
1222473654
672695607
130215997
1307752766
314542528
1318771266
1198840002
276939716
1198744060
276939715
1315184583
1198840008
1318768840
1198873214
1165955915
276928844
1318771277
276936137
1318763471
1214165456
1325758159
663860431
1316566996
1325753174
1165939287
276930007
276928728
413695963
1126333919
1027838944
1198744037
276939750
324175463
920226152
663689449
663859690
112664298
1321499629
1214165486
1199489264
1260537073
663860594
1321505394
705534711
473183481
1326177658
1260536956
920225918
130215935
tourism=guest_house
73
1318758276
1325763077
130215942
275214599
1198946057
1325763083
1161008013
663860114
567391380
1315171097
1199479581
314536607
488593442
314536611
920225828
114328997
663860262
130215974
705533988
1318772771
413696298
1318768812
567391534
276929967
663860146
276942131
276938804
276929973
276930101
705533496
488593464
1318768825
1199479609
1198839996
1307752768
1308680641
1318768834
1307801922
1318762309
1318743878
1321499846
276938056
1197708361
1076761285
276938106
1318762319
314536656
314536654
276942163
1198952276
1198840021
1241974744
413696090
1321499743
413695840
705534050
915484644
314536423
444041708
1214165358
1321499630
276939760
444041712
1076821358
276938100
663689206
705533687
663860600
135806329
1240664694
130215932
1321505405
920226174
tourism=picnic_site
73
1198840064
1321499522
1318743811
314539781
1326188426
1325758091
1318765196
1198945936
1318762257
276939794
276928785
415406360
1325759512
1321499170
920225827
1325762980
1198945957
449822883
112624418
130215976
1325763112
1326182314
1321499434
276928812
1321505453
1185191982
1199479598
663694640
663694641
1321499441
1222473646
1325758133
276929974
1315167929
1307752764
1166036798
1260536895
1260536897
1316569540
920226125
413695952
1321499731
276937428
1318771283
1318770006
1318766677
567391192
413696344
1307801945
1318762325
1213521628
1183630432
1224758753
1240664673
663860579
1321505271
1321499494
1332815463
1253610474
276938092
663694574
663689456
276936866
1318745843
473183475
1325763061
1197708407
276938104
276938105
1214165243
324175228
1318768765
1189111423
tourism=artwork
73
1260536961
1321505282
1214165382
1224763527
130215945
1321499662
276928784
130215952
1165917457
1321505427
276928792
1325762970
1316566939
130215965
915487775
413696037
567391525
130215974
1027839015
314542506
1325748394
1316566959
663859632
1325758256
1316566960
1161017267
663689397
276938038
1321499703
1222473656
276930102
1321499708
1193619004
1214165315
1321499843
413696325
1318768838
1260537032
1315184588
920226253
1126355534
663694670
276936142
705534417
413696083
672696147
488593491
276938071
1321499479
567391192
1214165337
1240664671
1183630432
1321499744
1027838815
1213521507
1167307493
1076821351
1307807720
1260536824
920226282
276938089
1214165228
1253610476
1318770030
1260536938
1165955952
663859701
672695669
1076761208
920225915
1198840062
1214165375
tourism=camp_site
73
276930566
1224763655
1198873224
1260537094
1321505290
1199489291
1210450063
1260537106
1325753237
1214165271
1251033239
276942105
1183708698
663694617
1325748248
1210089375
413696289
488593442
114328995
114328997
1198873254
1185192103
1076821414
112664233
1325753254
920225963
1326188460
1197708460
920225964
428672174
1198905255
276942129
1243196984
1325758136
1198945978
130212541
1307752767
112664256
1315167937
112664259
1326182343
1199479627
1321499724
1316570573
473177807
1027838417
1214165458
276930003
1224758743
1332814296
920226009
1241974744
1240664797
920226142
705534943
444058591
1193621345
112664162
920225887
1165955941
314536679
1214165224
1318766697
1224763626
663694570
276937069
663860592
1325748209
1199485181
1327534458
1242071549
1318770046
1253610495
tourism=museum
73
112624384
1318766722
444041603
1214165385
671777420
1076804751
1167767312
1325748369
1027838354
1318766740
663689364
663694745
1214165404
112617118
324175263
1198934690
1198905251
444058661
130215974
112664233
1321499690
130215977
1222473644
276928810
1076761132
1213521711
920225834
276939690
276942129
567391411
1318763437
1197708464
567391410
1260536889
112624442
1214165306
444041659
276942141
130215995
314536383
1224758720
413695936
1318771266
324173507
276936900
447872453
1316569542
1327546311
1198840002
1325748297
1189111381
567391448
663694681
1198969946
276936156
1198934876
1198840030
1325758175
1213521630
1066384616
1325762921
1318762346
276930031
1126327280
1126327281
1076804720
1126327155
1318762356
1214165237
1165917299
1126327287
567391482
1161017343
tourism=*
73
1027838336
1214165377
1126327041
1326188420
1243069829
1214165381
1325748360
1327527049
473183499
1316566925
276938127
1189108239
1197708434
663860114
663860626
1325759512
1126327321
1332816538
114328985
276936862
567391521
1321505318
1325763111
1165917479
1198969894
324175277
1318763437
276929967
324175280
112668978
1321499701
1198905271
1327546297
1027838906
1318763450
276938814
276928832
920225859
1325758150
920225862
1167321926
269567431
705534538
276928715
1165955915
1318763467
1165955919
1318765264
920226001
567391441
1326190418
1318766672
1260536789
1326182359
663860569
1316588129
1325763042
1214165475
1318770019
314542565
276930022
1321505255
444058598
663859690
1325763052
276937069
1183630319
1321499762
1214165371
1214165367
1214165368
275215098
663689211