16
building=warehouse
73
276939648
1321499649
1198934530
112664195
473183493
135806342
1326188423
663689222
1198905230
314539790
1321499664
276939666
1224763539
1126327321
705534362
1126327295
413695900
1321505433
1076804767
1318758304
1326188451
1214165283
1126327205
1198946084
1185192103
1321505452
1316572722
567391286
324175289
276928826
276930623
314536383
567391425
1076804804
1318763461
663860429
1318758350
663860559
1318765264
705534798
1224758739
314536532
663859668
413696343
1224763482
413695963
276942171
1321499739
1214165342
1126355549
1243228640
473183456
1199479650
276928738
1126355551
1253610470
920226023
488593384
1199479655
444058598
276930024
1318766701
130215920
663689201
1260537073
1165917299
1126327281
1318766709
1027838452
1165931639
663860344
1242071548
1189111423
industrial=warehouse
73
1253610241
1164361476
920225925
1214165381
1325763077
1198905224
112664201
1076761214
449822859
276930572
1325762960
1126327314
1260537106
567391380
663859989
567391381
1240664727
1165931672
1326188441
1321505435
1253610399
1198946081
1326188458
1318762286
276938036
1321505461
1214165302
444041655
413696312
276929977
1326182325
1027838527
920226112
1224763584
1214165439
112664259
1318768838
112664262
1224763720
1027838409
1214165322
1165917389
1318763470
920225997
1198934609
488593363
1167307603
1241974741
1253610326
1197708503
112664152
1321499481
663860566
1321499231
1224758752
1165955935
663859682
1318758245
276928870
314536679
276928746
1321499627
1321505387
1224763628
276930033
1165917298
1243074419
1198952191
1325753205
705534965
1214165373
1318768766
1318758271
landuse=industrial
73
1318772738
671781119
705533704
1253610248
1325763084
672696206
1189108239
314539792
276939668
663860628
1316579862
663694743
1318763416
276928794
1027838362
1198905244
1189111420
1027839010
445353634
276942115
1316566951
1316566952
1214165417
276929321
1213521712
1183630386
1253610421
1214165431
1318772796
1165917501
1321499200
1321499712
1308680640
1167307587
276938105
1253610443
1318763468
444041675
1318743885
413696336
1325763025
413696082
276938067
1165931603
1214165332
276938069
663860311
1325758166
112664281
1197708377
1321499227
473183454
324175199
276942176
705534943
473183458
920226019
473183459
1327542114
276938083
1321499623
276939756
920226029
1214165497
444041710
1183630444
1224763506
1243215221
1164361465
1167307514
1197710075
920225916
1318762367
amenity=loading_dock
73
1199517059
276939651
1321505414
314539784
1161017354
1126327308
276939796
1318766741
1318766742
1126327319
705534998
444058650
1307798814
1325759518
1325762976
444058784
1214165411
1210089380
276932133
445099558
276932136
413696299
1198744059
1243212846
663860146
1314194996
1214165428
275217973
275218871
1161008052
663694776
663689402
1318772797
275217981
1243069815
276938049
1307801922
1165939265
276936129
1076761159
276942152
445041914
1321499595
1321499469
1318766674
444041684
413696341
1198934614
1253610454
1321499606
663859802
276938077
920226144
1316576224
663860450
1321505251
1251023333
276939750
663859688
1253610218
1240664812
1325753198
1260536815
324175216
324175600
1253610480
1198952191
276928755
1066384627
1325753207
1325748218
663859963
276937343
shop=department_store
73
276939778
1326165766
1325759500
314536589
1321499662
130215952
1318766737
1325759507
1214165395
444058646
1318763415
1161008025
1126327066
1321499803
1321499676
920226077
314539802
1188182305
1325763105
1321499558
1126327335
1076804776
1198934822
1222473641
444058663
1027838510
276929327
1198934576
25449265
1325758129
428672178
1325758132
314536629
1318772790
663694647
1327527102
663694656
447872449
920225986
1325763008
1224758726
920225863
269567434
1214165458
276939731
705533652
1224763477
473177814
1224763610
1213521757
1321499744
1214165473
705534050
663860579
1224763490
324175205
314542561
1318766689
1318770024
663694569
1321499755
324175212
496545517
324175215
1325753199
1253610355
663689203
663860600
130215929
1318766714
1076761212
130215934
473183487
shop=variety_store
73
488593409
314536705
1326177667
276930308
920225923
1325762952
1165917326
1199485198
920226068
276928917
1165917334
567391381
112664214
705534362
1213521691
1318762267
1318768796
1189108254
314536479
1198829468
444058657
314539809
276936092
920226083
1161008027
920226214
130214694
1222473631
1321499434
276929325
1213521711
130215984
1325748405
413696442
413696444
1103952833
324175299
1076761283
567391430
1199479622
920226126
1318771279
473177808
1325748433
276936146
314536526
920226127
663860566
663860311
567391448
1214165209
663860569
1214165467
1126333917
663859934
1326182367
1027838559
314542561
130215906
1316588130
112618339
1103672545
1199479655
663694695
1307807722
130215917
1318762353
1183709428
1199489268
663689461
473183479
663689208
130215933
shop=supermarket
73
276939776
920226179
1027838852
1198934532
1213521670
276928899
1197710088
1325759496
1213521675
1251024524
112664206
276928911
1321505423
1253610261
1315171095
1326188441
1183630365
1222473630
1316579871
1260536864
1188182305
1325763106
1103464865
1027838500
112624421
1210089374
1198934822
1126327336
1198945961
488593322
1198934827
130215977
275217969
663860408
1321499706
1325763003
413695802
276942141
276938814
1321499455
112664256
1183630401
920226241
130216004
1260536902
413695943
920225862
269567433
1076761162
1253610316
413695949
1326171087
1318771284
1318762326
1190257240
276939737
1253610331
1198975965
473183454
920226271
276928869
920226150
1321505384
1318762345
1260536810
276928747
1253610475
1325762976
1224763632
1321505399
1213521401
1126327038
1325759487
shop=doityourself
73
1214165499
1213521409
1325759488
1325759490
1321505280
1198905220
663694728
663694731
1213521422
1167767312
413696404
130215961
1318772761
112624409
1326188444
1183630365
920226078
1325762935
1325758112
1260536865
276936867
1321499812
324175268
1164361510
1199485182
276928808
567391529
1321499817
1213521577
1318772774
663859629
276930990
276928813
1316573613
1321499442
1076761139
130215987
1076761270
1325748151
1318762294
1321499705
275217979
447872446
1321505474
276938820
1214165192
1198815051
1253610700
276938828
663694670
1214165323
1325758162
1325753172
473177813
413696086
314536663
276939733
1165955930
276936158
567391458
1318758243
1198905188
1321505383
1327534443
705534831
1321499376
1224763506
1318772723
1325763061
1253610230
1198905207
1326165755
1224763646
shop=convenience
73
130215937
1198969989
1326177670
1321505417
671809292
276939666
1126327187
1214165270
1321505302
663859734
1251024536
663860634
1197708457
276928809
1027838508
112664237
1214165420
1198829487
413696304
1316571692
130215991
1165917368
1260537145
1197708407
1321505467
1318768828
1188182332
276938810
130212535
920226240
1186433915
1326182341
276942150
1326190406
1224758726
1224763720
1253610443
920226254
1214165456
1318771281
276938066
314542549
413696342
1126355542
672695638
1316588120
1321505370
1224763610
1198969943
705535068
1307801945
792643039
130215904
276928737
444041698
276939748
1316579817
1321499630
1165955959
276928880
276939759
130215922
663860083
1318770033
1199489269
1253610230
324175222
920226294
276928761
1321499771
413696381
1321505406
1224763519
shop=clothes
73
1253610242
1318743814
1198934791
1243076360
1260536827
1193244171
663694732
276928779
1183708687
663860243
1325753235
445353621
1321499542
1321499800
1321505305
1318772760
314536607
1222473637
1183641767
445099560
1197708457
130215978
663694764
413696430
324175280
112668978
1224763571
1321505460
276929973
1321499319
314539832
444041655
1165917303
1316573627
1326184506
1321499643
1198905287
663859783
130216010
1307807690
1318769995
413696333
920225869
1243079799
1318758349
1198840019
567391444
413696341
1165955923
920226260
444041691
1214165340
1321505373
1198873182
1161017307
276928738
1199479651
314536549
1126333931
276938093
663694574
1214165358
1198829437
276928753
1197708402
1325763059
663859826
1076822773
130215927
324175226
324175227
1183709437
1165955911
shop=hardware
73
276930307
276930308
1164361476
1318768776
473183496
1321499274
1318772747
1332814349
1318768783
276928784
1167767315
449822868
112664212
276939795
1318762263
276936088
1213521560
1315171097
567391387
1164361499
1318772763
415406366
1165917474
1222473638
130212520
1318768810
324175275
663860395
276939820
1197710129
663859761
1224763571
1325748151
1222473658
1165917370
1327498944
1321499841
1321505346
445353536
1161008068
112664132
276938822
1321499209
130216011
663860429
920226253
1318766670
1198840016
920226001
1214165330
1224763603
276938071
276928856
1240664793
473183450
920226268
1198952287
1066384608
1325762913
663860579
663860581
1165955945
1027838826
1161017323
567391214
130215919
663694577
663859826
663689203
135806324
1076761207
276930041
1198829435
shop=furniture
73
920226049
444058628
1253610512
1325758097
1161008016
1214165394
1321505300
663689494
1325753238
1318758297
130215962
1251033242
705533980
1321499803
1240664729
1167767327
663694624
276928799
1316579874
663860642
663860389
920225830
1126327205
1027838502
449822891
1076821419
276932141
130212524
1325763120
1318768817
920226226
1318762366
428672178
413696309
920226228
1167307573
1325748405
1318758331
1165939260
276938049
276942150
1198873159
1313209158
705533382
1318762320
1318768853
1253610454
1327534423
276930008
1198934744
1316567005
1321499742
1213521631
1198969952
276928741
276936295
324175207
663859690
1316576234
1214165482
1318762346
663694576
1318766705
276928752
1298799476
1321499253
413695862
1213521781
1253610489
275215098
1318768765
276939774
1213521407
shop=electronics
73
1260536961
276928897
1167321860
275215110
1318765192
1325758091
1197710092
1183708687
130215952
1224763537
276939794
1214165270
1321499418
1318763419
276928797
920226208
920226210
413696037
276937638
1165931562
413696299
1198934572
1167767340
276929327
1213521711
1198829487
1243212850
1198934577
1214165300
276939700
672695607
1253610427
1316566972
920226173
1198952126
1253610303
413696447
920225860
672696137
130216010
1260536905
1318766668
1198934733
473177806
1165955919
1198952272
1318766669
920225874
1316526803
473177813
1314205270
276938071
663859803
1165917404
314542557
1198905311
1214165344
567391456
920226147
276938088
1321499624
705534062
1325753198
1027838446
1325762931
1224763508
1318772724
276928757
1198975988
130215928
1318770043
1214165501
276928766
shop=mobile_phone
73
444058624
1076821378
1189108227
1224763524
1199485183
1214165255
1321505288
1253610234
314539786
663694602
276939660
1318766735
1198945936
1183708687
1318768784
920226067
1253610387
1327527060
663859734
1126327063
1321505299
1224763673
1316566937
324175258
276939676
276939798
1167767330
1199485218
1185192105
567391529
1316571692
705533741
445099567
130212528
1325758258
920225843
1214165431
920225848
1321499709
1198976574
1321499714
112664131
276930039
276928838
1326182343
1198946120
1318768844
1198945871
1321499729
276942163
269567444
663859667
1198840019
1103672535
1325748184
112617174
1198840028
1183630432
1197708434
1325763042
413696355
1076804838
1193621350
1198946028
324175469
1321499379
1253610483
276928755
1198934647
1198873210
1318772735
1224763517
130215935
shop=shoes
73
1198840064
1321499393
473183488
1253610372
1318743813
1167767304
1199489291
1325763084
1199489293
1165931534
1027838991
1325763086
1326177676
413695764
1214165396
1318763414
1321505304
1240664731
672696221
663694750
1307798815
112664223
1321505314
663859749
1027838502
1076821414
444041646
1316572722
1318768820
428672181
1318772790
1185191989
663694646
1321499449
663859770
1327534394
705533754
1260536895
663859650
663689471
1325753155
1318772805
1210089412
112664135
1224763592
663859652
1321505347
1214165196
1307801938
276936146
1325758171
1126333918
1318758243
314536420
1167307495
1321505384
1027838695
920226156
705534957
1076822767
1165955952
1260537073
920226162
1321499762
276939759
1189111413
1164361462
276930037
1260536946
276930042
314539773
1199513854
130215935
shop=alcohol
73
1318770048
275215104
705534854
1214165255
1321505288
1318766733
672695822
1126327185
444058641
114328978
114328983
130215964
920226077
112617119
1325762976
1167767332
1188182308
1318763430
1321499688
413696425
1185191978
1325758120
1327529259
1126327087
1321505456
1167321905
1214165430
1327534391
1243196984
1308680633
314542522
445041911
1198945980
428672189
275217979
705533759
920226234
1318772801
1214165321
276938828
663859917
130216012
1198840012
1325753166
1165917389
1198840019
1240664787
1126355542
1241974744
1240664793
276938073
413695963
567391199
1198815072
1318766687
1198934626
1318762339
1321505252
276936168
276930024
1260536808
663689449
324175212
1167307627
1214165230
705533936
1316576241
567391475
1325758196
1198882421
1316576243
1325762935
1318772735