8
amenity=school
73
1199489280
1198952064
413696387
663689477
488593413
276930569
314542602
1198873227
413696394
1213521419
1214165263
1326165779
1316579862
276939798
1198934817
1325763106
112664226
920226215
413696424
1222473641
1185191978
1318762283
428672172
1198934576
413696304
314536375
1316556599
1318763705
1253610425
1198839996
663859645
1161008064
1214165312
567391298
1185192003
1198905284
1213521473
276928710
112664135
276928841
1325748297
1321499596
1076804813
1253610706
1318768853
1326182358
473183447
1325748184
1316588121
276938073
663859675
444058584
1076804830
1327542114
314542563
276928866
1103679459
1189111399
276938088
444041707
1321505259
1198946028
1321499628
276937071
473183472
1076804722
1325753203
1198840054
1213521656
1198744057
1126295930
1183709435
488593406
building=school
73
1126327171
1318758276
1167321860
705534726
276930314
1213521675
920226194
1214165394
1318772757
276935831
1197710104
663694745
1321505434
1213521691
1316566939
1325762970
1166036894
413696287
1222473634
663694759
276942121
1214165418
1198839982
314536624
276938033
276939696
25449269
428672182
1315167927
1321499829
314539834
1224763579
1325758141
1327546302
1318763711
1214165184
1240664771
444041670
1325753159
1076761291
269567435
920226253
1325753166
1318763470
276929233
112664273
413696339
488593491
1321505364
276938070
1198952276
1214165336
1214165203
413695834
792643035
920226141
1183630432
1325762915
1189111396
1321505272
1316567017
276930026
413696361
1167307496
276930032
413695856
1307798256
920226034
920226166
1251028726
276939768
1199485177
1199485180
amenity=driving_school
73
1332814976
1199485186
1260536839
1166036874
1321499531
1318772753
324175250
449822868
276928917
1316548122
1321499674
1253610274
1326188451
444058659
1325763109
1318765221
276932137
1198970027
663859757
705534767
1260537008
130212529
920226095
1325748401
1325753270
1243196984
1222473657
663859642
1327534394
324175291
1318743869
1314217918
276938810
1315167936
1327527106
1260537029
276929990
276936903
1327534405
663689419
567391435
1198934731
1318771278
413696333
1253610320
1326171089
276928723
276942164
114310269
1318766678
1321499773
413695834
276938075
1321505375
1198975971
1253610468
314542565
663694699
1198946028
663860589
567391214
276938094
663689201
1198934769
276930036
276928757
1198945910
1326177655
663860344
1197708409
1199862906
269566454
444058621
school=*
73
1321499776
1318758276
473183493
671777414
130215943
1260536840
663860106
314536460
1325753231
663694735
663860114
276939795
1321505428
1027838485
1316579862
1161008026
324175260
1318743838
1321499554
1325758244
1325758117
1318743845
705533487
1198969905
1260536885
1315167926
1321499703
705534006
1253610295
130212538
1185191989
276942141
1325758144
1327546310
276928712
1318758345
314536650
663860429
276938062
1316570576
663859665
314536402
1161008083
1326190418
1325758160
705533783
1326190425
314536665
1076821339
1198840030
705534558
1316588129
1193621348
920226021
1325753189
276928743
1260536936
314536423
920226154
1214165227
1213521388
1321499756
1318766701
1214165231
1224763632
1076804720
671781106
663694708
1165955958
663860342
1251028728
415408380
1325758206
amenity=music_school
73
705534208
1027838336
1198952064
1213521412
413696388
444041609
1321499658
1318765195
1197710093
1161008014
1321505421
1198829454
1327534483
1076804755
1243218967
1027838488
567391256
1165917336
1321505435
413696030
1325758112
276942116
444058660
1126327337
276939820
1198934572
1327527085
1213521580
1325758256
1165917488
567391537
663860400
276930997
1076761141
1326182329
1076761274
1318771258
1214165180
1318763711
130216002
1318772802
276928836
324175300
1313209158
1307801923
1326190408
1318771266
1222473666
920226125
1318771277
920226128
1318768852
1318766677
1294003285
1224763479
705533784
1186433883
663689437
488593374
672696157
663689313
663859683
1316579813
276939752
663859692
1103679469
567391471
112664304
1316579830
1318762359
1198829435
415408380
1214165373
amenity=language_school
73
1198934784
276939776
1325753217
1161017348
1318768775
314542600
314542604
1325758093
1198934797
276938131
324175251
413696405
663689367
276939800
1321499675
415406364
413696284
1318771229
1325758107
112624416
1103952932
1318762276
276932134
1198934820
1167321896
1197708457
1183709434
663689382
1326188460
1316566957
276939822
920226226
130212531
1321499442
1325762997
413695797
1076761143
276938810
1222473659
920225853
1260537024
1260536897
1318763457
1199479622
444041671
1198934856
1326171081
672696137
1198840011
314536652
1321499596
1222473670
1165917384
1318765264
705533778
1325748436
1326182357
1314205269
112664281
1318770010
1326190429
1224763485
1165955937
130215911
1224763496
663689206
1214165239
1260536824
1165955961
1213521530
1214165372
1185192061
1318766719
amenity=dancing_school
73
1318766724
1318770041
276939789
1321499662
112664206
1027838477
1027838354
1318771219
276936853
112664214
1251033238
1318768794
1222473627
449822875
276942111
1126327199
1214165409
1214165282
444041632
1318768805
1198873254
1321505317
276939813
1222473641
1126327080
1325753262
1213521711
1325753265
1183709436
1167321910
663689400
920226108
1326192830
1326190400
1165917377
1210089409
920226242
567391427
276936133
1224758726
1325748160
445353544
1076761288
920226249
413695952
1126327248
276928722
276938067
276929233
276928853
413696086
663859671
1213521754
1214165239
276928732
276928737
1198934883
1213521764
444058596
1167307495
1103679464
1143317994
276930026
1198934764
920226029
1076804722
1213521654
1243079799
1027838332
1240664697
1318770043
1076804732
1161017342
amenity=ski_school
73
1325758208
324175235
1318766724
1318765191
1325763084
1325758222
1214165264
1213521681
276939800
567391389
112617121
1185192098
1198934693
1198829478
663694632
1318762281
1321499564
276930092
920226094
663694641
276939698
444041595
1318762296
1214165305
1222473658
1307752764
1126355519
1240664767
488593473
1326190402
1318772803
1126355521
1198946113
447872454
1327546310
1222473672
112664135
663694664
920226251
1165917385
276937343
1318762321
276936145
413696083
112617173
1326182358
1213521749
1321499608
1325758169
1260536794
276939738
1186433880
1321499742
276939743
1240664673
1214165473
1198905315
112664302
1321505262
671781103
1224763633
920226291
1183630323
1213521395
1326188406
663860596
488593400
1126327033
413695861
920225915
444058748
1198873214
1126327295