4
healthcare=*
73
1214165250
1213521538
1214165381
130215943
1318768777
705534601
663689483
130215948
413696395
1325758092
1213521678
1214165393
1327534484
276939797
1167767318
1224763673
1027838362
1193619233
1318772769
1198969892
1321499173
1126327333
1210089383
1321505450
1165931693
276930094
276929969
1198934577
1318765234
567391412
1318763701
1316556596
1253610291
324175286
663694651
1314217918
1126327104
1327527105
1076804808
920225866
1326171087
1318766672
1316575951
1224763476
1243085268
1325753174
314536663
1198969943
1197708505
1318762327
1321499487
496545504
276938082
1318770018
473183460
1103679464
663859688
444041705
314536555
324175212
276928878
1076821358
276928880
920226034
1243074419
1243215221
663859701
1198934647
1213521397
1318743797
413696378
1325759483
663694719
healthcare:speciality=*
73
1213521538
1198882435
1325758211
1326188424
314542600
1189108234
1325753233
663689361
663689492
276939799
1126327194
663694619
1325759514
567391389
1161008030
920225950
1214165279
1241979426
705533861
413695910
1126327335
1318771238
1321499814
1318771241
1198934569
1183708720
413695922
1351232690
1326182325
276938038
1316579895
567391416
276936248
1318763454
567391423
112624446
1318743874
1260537027
1198840004
130212549
663860422
1260537032
1318758346
1214165325
1076804813
1189111375
920226127
920226130
413695957
1240664791
1213521753
276928729
1198934620
1325763038
324175199
1326171104
1214165218
112624356
314542565
473183461
314536677
1165955944
663689449
1198840042
324175211
1214165227
1351231470
276939759
112664177
276939762
1326165746
705535101
1198945919
health_facility:type=*
73
1199489280
275215104
1214165507
1243069828
1318766725
1213521542
1321499276
1183641869
324175248
488593425
276928913
1321499155
444058644
449822875
1307798813
1198945950
1222473630
663689503
920226207
1185192098
1325758244
1198905253
1318768807
1325758120
1326188458
1318771243
1199485230
276930993
1321499569
1253610291
444041651
672696247
1321505464
1198839993
1222473658
276939706
1327534396
1327546296
130215998
705534913
130216002
1321505474
314536643
314536645
444041671
276928713
269567441
1161017300
276938068
1326182358
1213521530
567391448
444058585
705533784
276939739
1210450040
1198952157
473183454
1126333917
1066384608
1224763616
1253610465
1103672543
488593384
1103679465
276937065
276928746
1260536815
663860340
314536443
1198882424
1325759482
1224763515
healthcare=dentist
73
276928896
1253610242
130215939
1199485186
1165917446
1253610503
1198970000
567391377
1321505426
1198945914
1325758103
413695896
663694618
920226075
1165931675
1325759517
276939804
663689376
1321505442
1198934820
444058663
920226089
1253610282
1222473648
1188176562
663860402
413696309
1316556598
413695926
1076761144
1165939258
663859770
663859643
1253610301
276929083
1214165439
1165931712
567391425
1126355522
663694659
1198969924
276938820
1316569542
324175301
130216000
1325758153
269567429
269567436
1318766680
1326182360
1243081944
663859802
567391453
1318766685
1027838815
1076821344
444058593
705534943
1027838455
1167307495
567391468
276928748
1224763631
1198946032
705533936
1066384627
1198882421
1224763511
275215096
324175226
1189111420
1318762366
314539775