9
amenity=bank
73
276928768
1214165377
1321499267
1161017348
314542595
920226182
1214165372
1126327045
1318743818
1213521419
1197710092
1325759501
1213521549
1165917330
1325758228
413695893
449822877
324175262
276939807
413696030
1318762273
1222473634
276939810
276936865
1224763557
324175270
1165931557
413696424
1325758121
1325758256
1318772779
920225963
1327534507
1325758128
663694641
112624434
1325748403
1165931696
920225845
1165917491
1316573623
444041653
1351232691
413695802
445353536
1318763460
1326171088
413696341
276928853
1316575961
1240664794
1186433883
1318770012
1326190429
1260536924
1321505375
1198815068
413696094
1165939299
444058597
276938087
1027838440
1316579817
1318766697
473183465
324175215
663859826
567391475
1076804725
1224763640
276938105
413695868
920226046
barrier=hedge_bank
73
1197710081
1198873218
276937348
1197710085
1325759495
1325763080
920226056
314542602
1183709451
1027838991
1318768784
1318758291
324175252
1325759509
276928915
1321499675
1325762975
114328991
1325758241
1198873251
1213521443
663694627
1321499558
445099559
1185192103
324175271
1316571693
1326192814
276938033
1316572724
276930997
1316556598
276930998
1076761272
920226102
276929082
276938811
705534522
1126355508
112624446
413696320
1321499841
324175299
1253610436
269567427
1198952259
1076761157
920226120
1198969929
1307807692
314536397
1198873166
1325753167
473177806
663859665
1198873171
663689301
1189111384
1197708379
276938078
276928868
663859813
1253610343
276928743
1210450024
1213521383
1321499500
276939759
1066384627
1326188406
567391350
1214165368
1198840060
amenity=financial_advice
73
1325758210
1198873221
1243076358
1126327047
1210450056
1126327307
275214847
1198873227
1318762258
1325758226
663689492
1214165268
1198970006
1327534484
324175256
114328985
444058650
1224763511
663860636
1126327201
276942114
324175267
663689378
428672166
276928808
1321505449
1325748394
1198945961
1318762281
449822891
1318771246
130215988
112624438
276936887
1214165182
1224763584
1222473669
1321505352
1253610440
1325758154
269567435
1307756236
663859661
1197708497
488593489
112664274
1214165463
1198815064
276942167
1325763034
1167307611
920226138
276928866
1318762340
1318770020
1243228644
1214165226
1198840042
488593391
135806318
413696367
1165917424
1318745841
1214165362
1315162737
1165955954
920225907
1318765174
276928880
1242071544
705533562
473183483
276928767
amenity=atm
73
663694722
1240664710
444041606
1326188427
1167767307
276937357
1318772751
663860111
567391505
1318768786
1318772755
1321499796
314536597
1222473628
1213521565
1321505309
324175263
1332275875
705535013
324175270
1126327333
920226217
1318771242
1126327083
1318743854
1198934575
413696432
567391537
314542510
1321499441
1161008046
1197708469
1321505462
663694647
276930104
1213521718
276942139
1214165307
314536383
1318758336
1198905284
276928710
1326184518
415408712
1321499598
112617172
1326182357
1224763478
1316575959
1316575960
1198815064
1318766682
1321499612
567391324
1321505246
1316588127
1213521760
1198975969
1318743905
1321505379
920226014
1198952187
567391456
276942184
1316576234
663859819
1321505260
324175467
1318766701
671781103
1224763508
567391350
1198969851
office=tax_advisor
73
1198882433
276928770
705534979
1253610500
920226182
1321499784
1198905224
324175241
1126327049
567391378
1253610386
1198970006
275218838
1318772758
663689369
130215962
1321505307
1325762972
1318772766
276939685
705533350
1183641767
413696421
1321499690
920225963
1321505451
1321505324
1222473643
1240664751
1167767340
130215985
428672178
1076761139
276930997
276938805
1318772791
324175287
663694776
1214165433
413696059
1321499580
1213521597
1165917501
276939713
1240664770
1253610434
920226244
1198969926
413696454
1260536905
1318766668
1213521744
1076804690
1326190418
920226263
1224763611
276928733
663689439
1198840033
413696354
1253610341
276939750
1126327016
1321505385
1253610347
413695980
1198744057
663859699
920226293
1185192053
920226166
1326165753
671781119
government=audit
73
1318768768
275215104
473183489
1318743811
1126327171
276939781
1243069829
276938122
1161008011
567391370
663694732
1167767309
1321499660
276938130
276939798
1214165273
1321499292
1210089373
920226078
1222473635
1318771236
1198934569
1165931562
1321499434
1321505452
276928813
1027838510
567391407
276929967
1326182323
567391412
1325758133
567391414
1253610295
275218872
1076761143
567391417
1076761272
314536636
1318763709
1193619006
1164363199
567391427
447872451
413695941
276928835
276928839
276936136
1326171081
1327534411
1307807697
920226003
567391443
1318768854
1165955927
1214165338
1103672538
1321505249
1199479650
314536546
324175462
1321499623
276928745
1316576234
1316567021
920226158
324175220
1199517047
130215928
276930042
1214165372
920225918
1318768767
shop=money_lender
73
1321499393
276939779
1243076360
920226185
671777417
1321505291
1318743820
324175225
1318772757
1318772758
130215960
112624409
1325748250
1325759515
663860636
112664221
1167307551
444041634
920226210
413696422
1198934824
276939689
1198934569
444041641
1213521580
1316572716
25449261
1198946096
130212529
1224763570
1214165303
413696440
324175289
276936887
1318772795
1193618999
324175293
1198840002
920226116
1327534404
1321499845
276929991
1242035528
1313209158
269567436
920226253
1214165452
1253610449
1253610321
1213521491
1189111381
663694679
1197708508
1326182369
1318768868
1126355558
1316576231
1321499624
1318762345
663694699
1198946028
496545517
276938094
663860592
1315162737
1321505266
276938099
1321505395
276942197
1214165369
1307757562
1165917435
445041916
amenity=money_transfer
73
135806338
1214165507
1224763655
1214165255
1318743816
1189108234
1224763531
1214165389
1316566925
1327534479
687994637
1326171924
1189108245
663860120
920226073
324175256
1214165404
663689372
1325758236
663860640
1332814755
1197710116
1318762363
920225827
1198829478
1198970024
428672169
1167307566
276930094
314536622
1213521586
1198839987
1318771255
1318772795
112664253
276938301
1325758144
920225856
1253610307
1213521478
920225866
488593354
1253610314
1318743885
1214165328
1326171088
1253610448
663859667
112664274
1325758166
1318762327
663694684
1167307491
444058596
1316576231
130215911
663694569
1224763626
1253610218
1325763053
1165939310
1126327279
1307798256
1325748209
705534578
663689203
1243215220
1076821365
663694707
324175222
663694585
1198882427
324175230
shop=moneylender
73
1313209221
1260536838
314539784
1243076361
444058634
1321505418
663694731
1197710091
444041612
1126327049
1318765197
276938124
1214165394
705533325
1214165268
1251033238
1126327063
276928793
1325759517
1321505438
1318768797
1164361505
324175266
1167767330
1222473634
1253610405
1224763559
1224763687
1318772777
276942121
663860397
920226226
428672182
1326182327
1325748151
276938041
705533626
705533371
1325758139
276936251
314536638
276928822
1318768832
1318762298
1222473665
1214165315
1240664771
324175302
276928844
276929228
1189111379
1165917396
1325753174
1186433879
1260537050
1198946011
1240664797
705534814
1076821347
920226147
1318770021
1103679462
1253610343
276928743
1076821353
920226158
705533936
663859698
920225909
444041590
1214165243
1325763068
1199485182