6
vending=parcel_mail_in
73
1318765184
275215104
1198905220
1326165764
1325753223
130215944
1327534477
1198829454
663860366
1165917454
1260537107
663694741
705533467
1164361501
1316579871
1260536864
276936865
114328996
1318772776
276939819
663694764
276930093
276942125
413696303
276942127
663689389
1325758258
1165931571
1126355508
1327534384
1243072824
1197708473
1185192122
1316548155
1318763436
1307752766
413695807
1325753172
1143318851
920225859
488593477
413696068
1326171081
920226252
1316588115
276937428
1103672533
112664150
1318766677
314536663
1321499352
1325748314
1321499353
1214165459
314536665
488593374
413695966
705534558
1214165465
1318770019
705534823
314536680
1076804842
1321499500
130215920
276938098
1186433908
663694581
276939768
1167307514
1213521660
1198934653
1224763519
amenity=post_box
73
1326165760
1243069829
1214165382
1183709450
1224763531
1243069836
1076804748
1213521676
1321499662
1198970000
1318758282
1318771221
1126327319
1027838488
1321505435
1307798812
663694622
1321499424
314536616
1076761257
1321499690
920225963
1316572716
1321505453
1167321901
1321499567
413696304
276938801
1243223603
1165917364
1321505333
1213521718
920225847
276942135
1321505465
920225849
1318763701
1076761276
413696319
663859903
1214165313
1327527106
920225859
1318743874
1214165191
1316566983
1241974729
413696332
1325763021
276938828
1076761168
1224763477
1103672535
663859673
1213521755
567391453
444041699
1193621348
276942183
324175207
1214165352
663860586
663860200
1103679468
1318766701
1214165230
276930031
324175216
1076822767
1224763506
1198882421
112618357
1321505403
amenity=post_office
73
1321505280
1318765192
130215947
1318743822
1321499536
488593425
112624402
1253610256
1260536980
413695764
920226068
276936087
1321499416
1198945944
324175258
1126327188
415406366
1214165373
705534880
488593442
920225826
1188182308
112617124
1198839974
276939687
1222473641
663689389
1318762287
1214165425
1210089394
1321499639
1165917491
1321505337
1318772794
276936891
663860412
920225853
1243069815
1321499328
1307801921
314542531
1165931717
1253610701
1224763470
1214165327
1214165326
314542547
1294003291
1321499228
1325758173
314536670
1321499743
1103672544
473183459
1318766692
1307807720
567391465
663859819
1321505260
276942191
920226032
663694579
1126333940
1321505395
1224763510
705533687
663860344
1199489277
663859707
1325758204
1126327293
1197708414
663689471
post_box:type=*
73
1326165760
1260536833
276928770
1321505411
276937346
920226185
276937354
413695883
1213521549
672696206
1318762359
1214165264
488593426
1321499540
130215963
1213521436
920226077
1318772768
276939808
1321499554
1198905251
1185192099
1213521697
920225962
1027838890
920225834
920225965
1318763438
276928814
1197710125
1222473642
663860146
567391407
1325758258
1126355510
1193618999
1318772794
1318763450
276936251
1307752765
1126355519
1327498944
276938816
1210089411
1166036805
1242035526
444041671
276938823
1126327111
1327546310
1198945866
1318758350
1315159291
1243085268
1253610325
1027838422
444058584
1260536794
276942171
276939743
1243228641
444041703
1198945901
1126333935
705534831
1325763057
663694579
1165931562
276942197
1189111413
445041910
1240664699
920226174
post_office=*
73
1325758208
1325759493
1318768775
1321499657
1253610379
1318772749
444058766
112664207
1325758225
276939793
1318762258
276938133
1165917334
1318765206
1251033240
1224763673
1214165407
276942115
428672165
1318771238
920226088
413696042
1253610411
1213521580
1327534382
1321499441
1076761139
1198905271
130215993
1326182330
1214165307
276936890
1164363196
413696316
413695807
1326190400
1318768833
1224763714
1321505345
276928836
1318763711
1076761162
276936906
276938828
1214165452
269567437
920226131
567391443
1260536789
663689430
1314205270
1241974741
663859674
1076804699
413695963
263571548
1321499231
1325753185
663860583
130215912
1103679464
1318762345
1198840043
1213521644
1327534443
567391214
1199485179
1076821363
473183477
1325763063
135806329
663689211
789717503
amenity=post_depot
73
1325759488
488593409
920226049
1198934532
1214165384
1126327306
1213521676
1321505292
1321499150
112664208
1214165393
1325759509
705533980
1213521567
276939807
663694628
1316572711
1321499561
314542510
663694766
1318771248
324175281
1240664697
1260537011
444041657
314539834
1316573627
1165917372
276928829
1325758141
324175293
1321505343
920226236
413696322
1214165316
1318771270
1321505350
1327534409
1318763466
1325758155
1325763021
1318743886
112664274
1189111381
1321505238
705534935
1294003288
1103679448
112617178
920226009
567391452
276928727
663860443
276928733
413695840
1332816865
1076761187
413696356
1104636517
567391461
1103679467
1076822767
276942192
920226288
1325758192
1198934643
112664304
1321499253
276928886
135806324
415408377
1321505275
1199485180