12
building=construction
73
276937345
1126327045
1199489286
1321499270
112624391
1126327049
1325763083
1165931534
1199489295
1318772752
1167321873
920226193
413696403
1321499290
415406362
1126327196
1197710109
1076761246
1326171930
1318765215
1210089377
1198905251
705533988
663860389
1198946088
428672168
1315167915
112624428
1318763436
1161008051
314536375
1318772791
1321505466
324175291
1214165308
672696253
1214165182
1183708736
1327527105
413696322
276938817
1253610308
1161008065
1224763590
1318771271
1326171081
705533513
920226123
1325758156
1076804813
1126355534
1321505360
920226005
1294003285
663860314
1326182365
1318766686
1214165470
1224758753
1198744037
413695974
663694693
1321499494
1318770025
1164361449
663694699
1318762350
663694580
1198882421
413696376
1321505273
1126295932
324175230
construction=*
73
1027838593
920226181
1199489286
1318765191
1198969990
1318768777
672696207
1321499412
663859989
324175254
488593430
1321499416
314536473
1314203800
920226075
1318771230
663859744
1318768800
1167307554
663859749
1321505318
1126327205
567391272
1027838502
1198970027
444041644
1315189035
1198945970
1224763573
1318762296
112624441
920225850
1222473657
1318762298
1318763452
1327546296
920226114
488593349
1242035527
1165955915
1318766667
130216013
112664269
663689419
1126327248
269567437
1185192018
663860564
1253610325
663860566
1316588120
444058584
444041691
1076804701
1213521758
663860191
1198934879
1027838434
1214165349
920226284
1126333933
1325758192
1224763505
1161017330
1214165235
1165917300
1213521397
1316579830
1316576241
1183709428
130215924
1198840058
444058623
landuse=construction
73
1321505281
1321499521
1326177668
1165917446
1325758087
276939660
1327534479
1213521681
1214165265
1253610386
1167321876
1126327318
1321499799
1214165399
276939670
1198946074
1161008027
1325758107
1126327324
1307798816
1321505441
444058660
1167307556
1198934697
1326188459
276938797
276928814
663859885
314542512
445353647
1253610289
1076761139
1198829491
1318765230
130215990
276939706
1318771259
444041661
920226114
1198905282
324173508
269567429
1224763718
663860422
920226120
112664265
276928843
1321505355
413696334
1325748304
1316526810
1126327259
1224758747
1321505245
1260537052
663860443
413696353
324175203
1321499753
276937066
130215915
1126333932
1214165482
276938094
1321505259
1224763627
1183630444
1183709426
444058610
1167307627
1321499250
1253610230
1199517047
highway=construction
73
444058627
449822855
1167767303
1325758089
1193244171
314539790
324175248
1321499412
276936086
444058647
1315171095
1318758297
1214165402
1316579862
276936860
1325758110
567391392
112617122
1318762277
1326188455
1027838632
276939818
1318772783
705534767
276930993
1318743858
130212528
276928816
275218869
444041651
1253610295
413696312
920225850
1326192829
1315167937
1103952833
1318771268
1253610310
444041671
314536391
1321499336
1161017286
1253610699
1198840011
1318758349
1126355534
413695822
920225869
1260536789
1326171093
276942167
1318770007
1126327257
663860445
663689437
1316576224
112617186
1076821347
276942179
1143318501
444041705
1318766700
1214165228
1198840048
112664177
705534578
1326165746
1214165490
1143316597
276939764
1199485179
1076761212
663689342
amenity=restaurant
73
1198934528
663694593
276939649
1332814852
1199489286
276938119
1126327304
1161017353
1321499658
1326188427
1165931527
1213521680
1321499796
567391381
1318762262
1183708695
130215958
1321499801
567391514
114328981
444058656
276936865
1165917474
276936867
663859749
1325763064
1222473642
663694764
276930093
1199479596
1327529264
1253610289
276938037
1224763575
663694648
672696247
1318763449
1325763003
663859903
445353536
1222473666
1321505477
1167321926
1315184583
920226119
473177799
920225866
1318769996
1318769997
1224763598
567391439
276938066
1318768850
920226003
1126355542
1213521624
1213521757
567391458
1318762342
444041703
413696359
276937064
1213521407
1253610477
276928877
324175601
1321499507
314536437
1253610233
1143316597
705534072
1165955961
314536703
amenity=cafe
73
1197710081
705534211
1318766723
1224763653
1240664708
1076821383
1325759493
276938122
276938125
705534989
130215949
1210450065
1027838353
1198840084
1327534487
663694615
1316548121
1325762970
1325753246
663860383
567391392
1198934692
1316572709
324175269
276929320
705534250
1126327083
1214165297
1243223602
567391411
920225843
1126355508
276928822
672696247
1325762999
1325748151
1167321913
324175286
1316566972
1321505467
413696063
1222473666
1143318851
1316548164
488593477
1161008066
1253610702
1253610320
1316566992
1307798482
1224763472
473183447
1240664792
1325758168
663859802
1241974744
1326182360
1325748314
1198840030
1165955927
672696157
1165917400
1351232689
1316576238
1126327159
663694574
663860337
1183630323
130215925
1242071541
1199517047
672695669
1198873210
amenity=fast_food
73
1198934528
1224763521
705534979
488593413
1213521543
1325748243
1316566931
445353621
1327527060
687994646
1126327194
920226202
276928796
1253610269
1167767324
1321505308
920226208
663859744
1126327330
1197710114
1318763428
1325762981
567391525
1315167914
445099564
276942125
25449263
663859761
567391414
672696247
1222473654
314536377
473183421
1326184509
567391425
1325763010
1165939265
1316566981
276929990
672696135
413695944
276938057
567391434
1321499723
705534413
1253610317
1318766672
276936146
1321505363
1214165330
276939732
705534935
1186433879
413696090
567391196
1198934879
663859808
1318770019
1189111396
1253610470
276939750
1076821351
276936169
663689449
1126327019
1325758186
1321499501
1321505262
1251023344
1198945907
1027838452
314536437
1186433912
amenity=bank
73
1183630465
1325758210
1318765187
276928774
1198969863
444058632
1321505289
567391497
663860620
444058638
276928911
1253610511
663860625
663859731
567391508
1198969879
1126327191
1325758104
1325759512
1198946074
1253610495
1126327320
663694748
276939806
1318771230
1213521568
1314208416
1167767332
1214165413
1198829478
1325758118
413696044
1325748141
1325762988
1161008049
1321499827
444041652
276938805
1222473651
1253610425
1214165433
705533626
447872451
276928710
1307757563
1161017288
276928714
276928715
276936140
1307794380
112664144
705534417
473177810
276928722
1326171093
1198934614
1316575959
276939738
663860573
276928737
663859810
1126333922
705535077
444058599
1198934761
1316567017
413695980
1332815729
1076804722
276939761
1165917300
1325759483
705533695
amenity=pharmacy
73
1253610498
705534084
1318765188
1167767304
567391496
1243076360
1321505291
1198945932
444041613
1198952200
663694735
1318762255
1260536850
663689494
1318772763
1210089374
444058657
1210089378
1325758242
1321505316
413696422
1214165415
1197710125
1318768814
314542510
1198839984
1327546291
1185191989
1210089398
1325763000
1199479609
314539832
1213521720
1326184508
1316573629
1198905279
1325758144
276928833
1183708738
413696451
130212548
276942150
1214165321
269567433
1326171084
1316570574
276938063
473177809
276928722
1165931603
1253610449
1307801941
1240664794
1198934876
1316567005
1325763036
1318770016
1253610337
920226020
276930020
1213521636
1143318501
1318762346
1316567019
663860332
1165955947
276937070
1321499758
324175221
1165955959
1224763514
473183484
1214165373
amenity=bar
73
1326165760
567391489
1199517059
324175236
705534084
276930566
1193244166
1224763655
1161017350
276937354
314542602
276939783
567391495
1318772739
1027838865
1321499410
567391507
130215957
276936087
413696281
705534362
1243218969
1253610394
1307798813
1224763551
314536609
1197710114
1318772772
1321499558
1253610407
663689382
1325758121
130214694
1198969899
1318765226
1318762285
1198839982
1325763118
1214165424
324175281
1318768817
1199479604
920225845
413696442
1307752764
428672189
1321505471
314536383
1164361512
1198952259
276929987
413696071
1076761162
488593354
1307756236
920226126
276928718
1213521656
276942164
314536535
1318765223
276936155
1213521759
1253610465
1199479651
1103679465
1315159277
920226288
1197708405
444041590
1164361462
276932135
1318762367
amenity=pub
73
1213521666
1198905220
1213521669
276939782
1318758284
276937357
1198829454
1321505421
314536593
1318768786
663689363
1321499796
1253610261
1185192085
413695764
1253610393
276928797
1318771230
1183630367
705534880
1161008034
1198829476
1126327205
663694633
1214165290
1210089387
1183709434
1318771241
1321499182
663694638
663689392
324175281
276938033
1076761140
663694773
1326182328
276928825
920225848
314536379
1314217918
324173507
324173508
567391428
920226246
444058619
1318758343
1198934861
276928721
1199499858
276939735
1214165463
920225880
1165939291
276938077
1240664671
496545504
1213521761
920225887
1321499487
112664166
1325762925
1224763629
276937069
444041710
276930037
276938101
276942199
663689208
920225913
1318770042
567391483
1325758204
1214165373
landuse=commercial
73
1126327168
1325753216
1326165760
276939780
1126327045
663859718
488593420
1253610511
1318771219
1199489299
1321505304
444058648
1213521434
112664220
1126327069
1222473630
1318771231
444041632
1224763551
663694754
324173468
1198839975
413696039
1318743849
1253610282
1321505321
1314208423
1224763562
920226215
1198934575
1325758256
1199485230
1351232690
1198839987
276939698
324175287
1326192829
444041664
1325748419
1224763718
1253610441
130216010
1307807693
663689423
1318768852
1213521492
1253610454
1103679447
413696087
663689304
663859708
112664283
1167307611
920226261
1318762326
1253610466
1076761187
1326190437
276939751
567391465
130215915
276928751
705534831
1325763057
1327534448
444041587
1165955956
663689461
112618357
276928881
1213521529
1321499644
1214165375