20
railway=subway
73
567391496
1321505290
1213521675
1197710092
1325763084
1325758220
1325758096
1318766737
1163081619
1126327187
1321505429
314536470
1325758104
415406360
1332816538
1240664731
1253610396
1326188444
1260536986
444041632
1318772771
276942116
1198905253
1126327203
1027839015
1318771238
413696425
1325763114
1325753261
1321499693
25449263
1126355505
413696050
276938803
276938802
1316556598
276938807
1198839990
1325748153
276939709
1210089407
276936896
1197708355
130216004
1327546310
1161008072
413696075
1253610316
1214165326
1213521488
1224763479
1197708503
1332816601
276938073
276928858
663689431
663689437
920226019
276928869
276930023
324175464
1213521385
276930026
444041707
1318770027
1318770029
1318770031
1298415731
473183480
1197708409
920225914
567391483
1161017342
railway=subway_entrance
73
1321499776
663859970
1326177669
1126327045
275214599
1214165384
1327527049
567391497
473183499
1321505293
1326188430
1165917327
663859991
276942104
1321499416
276936090
1253610394
324175262
1321499809
1161008034
444058657
1325753252
567391397
1318768809
1318765226
276930092
1316579888
1224763570
1214165427
1318763703
1321499193
276936251
1224763579
1165917374
276942142
1307752768
567391426
1076804804
447872453
276928710
920225990
1316548169
663689290
1214165325
1198840016
1198934737
1318770000
1224763603
112617171
314536661
1318768854
1318770007
112664274
1224763611
792643035
663860575
1076804832
324175201
1321505251
1318768869
324175466
1321499501
276938094
1224763505
663689203
663689461
1199489270
1318765174
488593397
920226038
324175226
663694589
314536703
subway=*
73
1332816768
1260536961
1321505411
1253610502
1224763529
663694730
1213521419
1214165388
1318772749
1318765198
1253610511
1318762257
1321499673
1161008026
1318765211
1326188444
920226207
1318765215
1325758113
444041639
1198839975
1165917481
1326182314
1321505452
1161008044
1325753262
324175281
1325763066
567391539
1318771252
276938805
1315167927
1210089399
130212535
663859642
1185191993
1165917373
276942199
920226244
1318771270
276938824
1224763720
1316579913
112664269
1224763471
1224763472
1198952276
1307801941
1198840021
1318766678
1197708504
1186433881
1318770011
1316576221
1103672543
705534943
1326190435
1318762340
276928868
324175463
1214165496
314542569
1161017322
1076804842
1027838440
663694701
1126327021
1318772733
1198934515
444058615
1199517048
1318762362
705534845
station=subway
73
1332814852
276939652
112664199
1260536840
1321505417
449822859
1198969996
1325758092
112624402
276939667
1251024532
1165931673
1253610495
314539804
1198969884
663694628
276942113
567391521
112617124
413696037
276939813
1321499175
1224763687
1167767333
1165917350
1222473638
1318768812
25449261
130212526
1213521712
1326192817
276938802
1351232693
920225846
1126327096
1321505464
413696442
1316573627
1193619004
663859645
663859643
1327498944
1307801922
705534921
1318762314
1198945871
1167307601
1318768851
276938067
276938069
1224763481
1325748314
1321499611
1190257242
1126327333
1332816865
314536546
663859682
276928743
1318743912
276937069
1214165230
324175216
1253610480
1213521520
1165931635
663694707
1243215221
1214165232
1224763644
705534845
1197708414
1318770047
public_transport=platform
73
1321499651
324175236
663860363
1325758220
276930573
1198945932
1318772754
1325758227
1214165268
1260536978
1126327196
1198945949
324173468
1165917345
1103464865
1318768802
1027838632
276932141
1222473646
25449265
276930995
1183708726
1318763447
1326184504
276938042
276929082
1198945978
276942141
130215998
1318763454
1327534405
1318771270
1185192007
1165917384
1325758153
130216008
1214165324
269567439
413696338
1253610707
1193621330
1318762325
1214165205
314536663
705533784
920226005
1214165339
473183453
1253610335
1027838560
1316588129
920226017
920226016
276928868
276928741
663694694
1332815207
1253610218
324175467
663860205
920226032
276938099
1316576243
663694580
1243215220
1325763063
444058744
1253610233
1199485178
1321505403
444058620
1198952189
1076804735
railway=station
73
1243076356
130215941
1318772744
112664201
1214165259
275214604
1214165264
663689361
663859731
449822871
276935831
413695900
112664221
1307798814
114328991
1321499296
567391521
663860640
314536611
1325763107
112624416
413696037
663689211
920225959
1321499177
1315189034
1326188459
705534504
1198945961
567391406
1076821422
1316579888
1199479592
1253610291
444041652
1214165430
1318762294
324175288
1318771257
1316572732
276930621
1214165182
444041662
663859651
1224758726
1161017286
920225862
1321499644
276936145
1321499604
1214165461
663859801
1214165214
1027838430
112624352
276928798
1224763490
1198946019
1165917413
663694693
276936169
1260536938
1318766700
276939761
1165917428
473183477
276928885
1185192053
444058616
444058619
1076804732
1199485182
1253610495
building=train_station
73
663859709
705534979
1126355587
1076804741
1318768774
663694602
1316566923
663860363
324175251
1126327187
130215958
567391383
1321499800
1321499673
130215963
276939675
1199479579
663860638
1166036891
276939682
1164361510
276942119
276932136
275217962
276939819
276928810
1318762285
413695917
1321499566
276939824
1321499569
276930097
567391286
1243072825
413696314
1198945978
1315167931
1165939258
324175294
1321499582
1198946111
276938811
488593349
1198934526
1315184583
1224763591
444041670
1321499338
1165955915
1165917388
1241974732
1224758739
1076761171
1321499604
1198946003
1198945883
1260537052
1197708509
1185192029
663860575
413695840
920226145
1318762338
488593381
663859813
276928743
1214165482
276928878
1224763510
1198975990
276928892
1214165501
488593406
highway=bus_stop
73
1076761212
444058625
1199485186
1243069828
1224763526
663689225
444058633
444041612
324175244
1326171921
1321505426
1260536978
444041617
567391508
663860630
1260536984
1318758297
1165917336
444041627
276936862
1321505313
444058661
1318768807
276932136
1325763111
1027838635
1214165420
1197710126
444041594
1351232689
1214165425
1165931573
1240664758
276938039
314536377
663694650
663694651
276936890
1327527102
1321499712
1126355521
663860419
1316548164
276928709
276936900
1167321930
1321505354
1224763600
1193621328
663859665
1325758163
663694673
663859799
1214165336
1224763611
1321499611
413696095
276936159
1027838434
413695844
663689317
130215910
1316526823
1260536936
1165955944
1214165226
1214165358
276939762
473183475
112618358
275215098
415408380
1318768765
bus=*
73
1318768770
1243069828
1126327172
920226183
1126355591
1243076360
671777420
1167767309
314536460
1210450065
1199489302
276939798
567391512
415406362
276936859
276936092
567391390
1318765215
314536479
1318763431
1222473639
663694761
1318765223
1076804779
1198934699
1161017261
413696302
1316571693
276939822
1321499827
1222473653
1199479606
314536632
1307807675
1327534396
663694651
1198839997
1327498944
1214165315
263571526
322941895
276936136
1214165192
413696071
1321499469
1307807693
1213521613
1167307601
314536402
1243085268
413696341
1325748180
1318766677
1326190425
413695833
1314202333
1214165341
1213521504
1253610336
1318758240
920226147
1165939300
130215912
276928873
1198905193
276930024
276937071
1167307505
1199489269
269566454
1214165369
1318765178
1318772731
route=bus
73
1214165505
314536705
1199485187
920225927
1224763528
314536587
130215948
276937357
1165917326
567391382
1167767319
1126327321
1316548122
1318771228
705534236
276928887
1253610402
276939811
705533861
920225962
1214165419
1198934575
1076761264
1321499639
920226228
567391415
314542520
1321499193
324175291
1318771262
1325758142
1321499200
1260536897
322941634
324175297
1325758150
413695945
276936138
705533515
130216010
1186433866
473183436
1214165450
1316566992
1318762321
1213521488
1240664787
705533652
314542549
1076804694
1316588118
276936152
1243081944
276930008
1198815060
444058590
567391326
663860318
324175201
663859809
663859683
276938084
920226273
444058593
130215911
567391468
1224763631
1318772720
1307798255
1076804722
1243074421
276930039
663689208
amenity=bus_station
73
1318765187
1126295940
1253610373
324175224
1243076360
1198952200
1321505289
276938123
112664205
1199485198
1165917326
130215953
324175227
276928788
276939670
112664214
413695896
1214165402
1321499675
1332816284
1321505309
1076761246
1325762975
1315171099
663694749
1076761242
663694627
1327534503
1325758121
276939690
275217962
920226089
445099566
920225967
567391536
663860402
1198839995
276942143
276938816
1126355521
130212546
1260537156
112664132
1325759483
1027838409
314536650
276936143
1318770001
1326171090
663859666
1190257238
1186433881
1318770010
413696090
276928732
1197708379
1325763040
1214165240
1214165348
1260536810
1318762348
1321505260
1327534446
1198975985
1214165362
1126327155
1253610228
276928755
920226168
324175225
1316575994
705533947
920226044
train=*
73
1321499393
1165931639
1318770049
314536705
314539783
1240664712
1318743818
1327534476
663860364
1318766736
1224763666
276928917
663694742
130215959
413695896
1198969881
663694618
567391388
130215965
920226167
314536609
1161008034
1076821414
130215975
413696424
413695782
413696042
920226218
663689466
1321505453
1316571693
413696047
1318765231
1332815024
1188176562
1318768821
112664249
1326184509
314542526
1197708351
1326184519
276938056
920226120
488593354
1198946120
1165955916
1214165324
663859662
1198934734
1198952266
112617174
413696346
1214165468
920226142
1213521631
663859680
1321505383
663694719
413696360
1199485178
276937067
1316575977
663694701
705533936
276938100
663859700
1253610231
324175224
444058618
1027838460
444041597
413696382
671781119
bicycle=*
73
567391362
1199517058
705534979
1199489287
1321499784
1214165385
1161017355
920225934
1210450063
130215951
1325758225
112624402
1240664723
1318766740
1326165782
276928791
705534873
663860634
1307798813
1214165407
1321505313
1321499299
130212521
276929323
1126327083
1214165293
1167321901
663859629
276938035
130212533
413695926
444041655
1321499830
1326182329
276938045
1325758143
663860288
1308680640
1027838529
130212547
276928708
1321499845
314536647
1318763463
1199479624
276929994
1321499467
314536399
488593360
1190257233
1198815056
128657103
413696338
920226005
1325748438
444041687
1103679448
1240664793
1197708377
1318770008
1318768860
314542559
276938085
1104636517
1199479655
1213521388
276938092
444041710
1126327278
920226032
1143316597
1325759482
705533695
amenity=bicycle_parking
73
1321499649
920226051
1199485188
314536701
1243076361
1185192077
1321505296
1197708432
1325759507
1240664723
567391510
1315171095
663860120
1318763416
413696026
1325759514
1325753247
1161017338
1199485218
1326188452
663860389
1210089383
1318762279
663689386
130212522
413696426
1321505452
920225915
1316572719
276930096
1210089393
663694770
1213521459
276930100
1214165428
1321499513
567391419
276939708
276938045
920225856
276938816
276938050
792643010
1222473665
1316569540
1167321927
1321499467
1318769997
488593358
567391439
488593360
1326171090
1214165462
112664279
1314205272
276930007
1253610337
1318766690
1143318501
1321505254
112624357
1316579813
1318770025
1165917298
1197708402
1253610355
1165917303
324175224
1326188409
444041594
663859963
1325759485
1318758271
bicycle_parking=*
73
920226177
1213521538
663694726
1214165255
1213521670
1321499657
324175225
1321505425
1214165268
1318762361
324175257
1318765213
920226078
1321499424
920226212
1318772777
1198934699
1325758126
314536622
1318768816
1318772784
1198945970
920226098
1321499828
1318763701
1315167926
705533623
1318763703
1321505464
1321505338
1318771263
1307801921
1307757562
1325759482
1325763010
276939718
324175302
1165917384
1318768838
1222473670
413696332
1325753166
1307756239
276938064
1318771278
269567443
1161008083
473183445
1165931605
1165917399
663859928
1190257241
1198905301
1332816473
1213521756
473183453
1214165342
276942175
705533919
1318770020
112618341
1332815207
1165955946
1161017323
276928876
1165917296
1243074420
705534965
1253610233
276928889
444058746
1199485181
1198829438
amenity=bicycle_rental
73
1251031297
1189108227
1332814852
1325759493
1189108230
112664199
130215941
1326177670
1321505417
1199485195
1321499150
1325758094
444058641
1325758098
1198829459
1325758101
920226073
1318771230
112664223
1198839976
1326182314
1315189035
276942127
1321499313
1222473651
1318762292
1213521463
1253610425
920226234
663689404
1321499708
413696063
276930624
1243069815
1321499716
1253610310
444041671
276929996
663689421
1213521613
1253610320
920226257
567391441
1165931603
1126327251
473177811
276938070
473183450
1253610331
276928734
920225887
130215903
1224763489
1198952162
1214165475
1318766692
1198744036
1198744038
324175462
1198952164
1198840044
112664302
1307798254
920226035
1183709428
1213521397
1189111413
1253610230
1318745845
276928761
1321499771
1242071548
1198829439
aeroway=taxiway
73
276938113
1251031297
444041603
1126327046
112664201
1321499787
413696397
1213521678
449822863
1027838865
324175251
112664212
1027838869
687994646
1318762263
663694616
1321505308
1325762972
1318762362
1314208416
663859873
920226082
1325758243
314539810
1253610406
1167307559
1222473639
413696428
444041646
324175279
1198934577
1167307570
1076761139
1253610289
1325758138
413696060
1251030077
1326184511
1161008065
324175298
1167307587
1167307589
1321499846
1318769990
1210089413
269567433
663694666
276929227
1326190412
1318762319
920226128
1199479631
473183445
1224763479
1213521624
663694683
276928861
663859806
1316588127
1161017309
1198905315
276928874
1214165483
444041708
920226285
1253610474
1318762351
1198934643
276930036
663860596
920226170
1240664699
1198829436
amenity=taxi
73
413696385
276939778
444058627
663694725
567391496
920226056
1197710090
1240664712
663860620
276930573
1214165392
1027838865
1321505298
1167767317
314536599
1161008026
663694749
444058654
276939679
1185192099
1325763108
324175269
1165931557
276932138
1197710122
112624428
1213521453
1198829486
276938799
275217968
1214165425
1197708467
1325753268
705534773
1325753270
1315167927
1161017271
1318763703
1167307576
920225849
1243196989
1318772797
276939711
1213521600
1321499840
1193619011
1326190404
413696327
413695946
276929996
1307756236
1318769998
1198952272
1325753174
663694679
413696086
1198952157
663860318
1027838560
1318770017
1103679459
1318768868
1260536936
324175465
275215095
1126327278
276928750
1197708402
1210450039
1198905208
473183481
445041916
1185192061
taxi=*
73
920226053
444041608
1318768781
1318766735
276939773
705533587
1325748243
1214165398
1167321878
1318765208
1213521565
663694622
1325753247
663860385
1325753250
276928805
920225830
276942119
663694632
663859752
1214165459
1316566959
1210089391
276938034
1214165301
130215990
276938806
1161008056
1214165305
1325758135
1325758139
1164363196
663859903
269567425
1321499844
1214165445
705533513
314542537
920226123
920226252
473177805
920225870
1318771279
1165917385
1165931600
112618365
1199479635
1224763475
1165931605
920225878
663859799
488593367
444041686
1325753174
1253610323
1326171095
1183630429
1326190431
488593376
1165939299
112618341
413696357
1027838695
324175464
1316588134
1199489264
1198840015
1318745847
1318772730
705533947
1199513852
276938109
705533695
share_taxi=*
73
1318766720
444041601
1325762946
1198882433
663694593
1325758088
1253610377
324175241
663860620
705534989
1214165390
1161008013
1167767313
276939667
449822868
663860630
1198969881
1198829466
1318771229
1126327199
1224763552
1198934689
1224763513
114328997
444058661
1027838502
130212520
1198946088
1318758315
1126327083
413696303
1318768819
1161008051
705534006
663694647
920226232
1260536889
567391418
1332814523
1326182326
276929981
324175300
1210089413
1198946118
1318771270
1318762314
663689419
1199479627
130216013
276942158
663859668
112664150
276930008
1186433883
1321499612
663694685
1198934879
1243228642
276938084
276928870
324175207
1321499494
1307807722
1253610219
1316567021
1165939310
1214165233
1318772722
1165939315
112664177
1213521529
1198829436
1199489277