144
1208
1241362717
288201934
1229010123
288201931
1249745469
1249745446
1249745515
1249745439
1249745479
1249745592
1249745633
1249745269
1249745586
1249745643
1249745521
1249745622
1249745476
1249745536
1249745344
1249745395
1249745645
1249745225
1249745564
1249745511
1249745578
1249745412
1249745253
1249745490
1249745457
1249745600
1249745205
1249745554
1052938467
1052938325
1052938475
1052938374
1249745211
1249745611
1249745523
1249745492
1249745593
1249745428
1249745535
1249745509
1252224648
1252224705
1252224653
1252224674
1252224566
1252224582
1252224510
1252224720
1252224608
1252224665
1252224531
1252224489
1252224704
1252224745
1252224645
1249745553
1249745382
1249745434
1052938323
1052938398
1052938423
1338672350
1338671990
1338672111
1338672224
1338672395
1338672024
1338672291
1052938362
1052938464
1052938445
1052938489
1242512437
1249745408
1249745574
1249745547
1249745190
1249745368
1249745158
1249745337
1249745533
1249745508
1249745654
1242512387
1229047667
288201960
1242512475
288201958
1242512358
1242512431
1242512409
1242512370
1242512478
1242512440
1249745339
1249745468
1249745431
1249745596
1207585554
1207585912
1207585868
1207585783
1207585454
1207585829
1207585527
1207585866
1207585497
1207585423
1207585732
1207585698
1207585464
1207585835
1207585401
1207585532
1207585624
1207585653
1207585368
1207585871
1207585695
1207585823
1207585365
1207585360
1207585629
1055447070
1055447068
1207585686
1207585894
1207585587
1109149473
1207585508
1109149310
1109149458
1109149348
1109149340
1109149411
1109149377
1109149453
1109149480
1109149328
1109149441
1207585677
1207585798
1207585371
1207585635
1207585436
1207585584
1207585756
1207585644
1238411795
1207585753
1207585766
26130570
26130564
26130566
1207585357
1238411761
1238411894
1054703937
1229010163
1229010133
1229010122
1229047670
1229047674
1229010129
1229010160
1229010153
1229010132
1229047654
1229010134
1229010152
1229010149
1052803035
1052802992
1052802976
1052803034
1052802819
1052802722
1238411826
1238411820
1238411852
1238411813
1055447100
1055447102
1055447105
1055447108
1055447111
1246640900
1246641096
1246641023
1246640954
1246640877
1246640930
1051964276
1051964384
1051964146
1059564881
1059564879
1059564876
1059564843
1246640834
367604124
1246640949
26130558
26130555
1239300043
1207585741
1207585646
1207585661
1207585369
1207585385
1207585405
1207585763
1251283373
1246640902
1246641075
1246640863
26130553
1246640947
1246641123
1246640851
1246641026
1246640956
1246640879
1246640800
288201962
288201916
1238411788
1238411895
1054703932
1054703920
1054703897
1054703927
1337026645
1337026755
1337026414
1337026640
26130611
1337026607
1337026314
1337026772
1238411828
26130605
26130602
26130599
1238411904
1238411779
1238411822
1054703912
1054703900
1249745658
1249745561
1054703914
1054703923
26130574
26130616
288201989
288201996
26130619
1054703934
1054703922
1054703910
1246641006
1249745392
1054703898
1249745630
385750416
288201917
1238411874
1238411762
1238411791
1238411771
1238411750
1337026395
1052803080
1338672037
1338672167
1338672305
1338671984
1338672071
1338672218
1338672348
1338672022
1338672105
1338672288
1337026224
1238411860
1052802810
25264987
1238411858
1238411856
1238411775
1238411811
1238411845
1238411841
1241362667
1241362604
1241362512
1241362729
1241362472
1241362588
1241362483
1241362575
1241362528
1241362744
1241362531
1241362723
1241362468
1241362599
1241362497
1241362673
1241362647
1241362596
1241362735
1241362720
1241362628
1241362564
1241362606
1241362535
1241362664
1241362563
1241362627
1241362718
1241362494
1241362595
1241362657
1241362625
1241362687
1241362490
1241362560
1241362654
1241362752
1241362553
1241362484
1241362690
1241362681
1241362618
1241362527
1241362622
1241362558
1241362747
1241362525
1241362612
1052803092
1241362524
1241362713
1241362652
1241362557
1241362716
1241362736
1241362674
1241362587
1241362520
1241362551
1241362511
1338672296
1338672367
1241362697
1338672399
1241362538
1241362755
1241362669
1241362518
1246641024
1338672315
1338671954
1241362574
1241362734
1338672351
1338671993
1338672201
1338672334
1241362530
1241362746
1241362661
1241362598
1241362678
1338672221
1241362488
1241362732
1241362642
1241362581
1241362700
1241362613
1241362546
1241362572
1241362695
1241362635
1241362540
1241362470
1241362671
1251283401
1251283111
1251283169
1251283122
1241362608
1238420222
1238420481
1238420257
1238420345
1238420407
1238420404
1238420412
1238420453
1238420462
1238420221
1238420229
1337026598
1337026797
1337026301
1337026430
1337026629
1052802890
402328723
1238420479
1238420403
1238420248
1238420243
1238420388
1238420449
1238420401
1238420330
1238420426
1238420468
1238420325
1238420287
1238420342
1238420324
1238420353
1238420349
1238420253
1238420224
1238420477
1238420316
1238420293
1238420471
1238420447
1238420280
402328716
402328717
402328721
402328720
402328719
1054703929
1238420323
1238420398
1238420255
1238420475
1238420428
1238420380
1238420361
1238420421
1238420272
1238420465
1238420328
385747129
1242959122
1242959139
1242959119
1242959158
1238420266
1238420359
1238420290
1238420455
1238420451
1238420226
1238420223
402328722
402328714
1238420326
1238420395
1238420457
1238420459
1238420282
1238420376
1238420410
1238420246
1238420391
1238420339
1238420351
1238420483
1238420374
1052802707
1052802828
1052803100
1052802760
1241362583
1052803108
1052802854
385750413
26130608
1242959120
1242959124
1242959160
1242959175
1242959185
1242959131
1242959171
26130613
1052803109
1052802977
1242959130
1242959181
1242959168
1242959142
1055447134
288201990
1241362691
1241362753
1238429125
1238429122
385747128
1241362547
1241362701
1241362478
1241362585
1241362645
1241362550
1241362481
1241362677
1241362692
1241362489
1241362680
1241362685
1241362749
1241362715
1241362500
1241362741
1241362665
1241362726
1241362602
1241362751
1241362731
1241362545
423840627
423840626
423840624
423840622
423840620
423840617
423840615
423840613
423840611
1051964491
423840609
423840605
1241362591
1241362486
1241362711
1241362694
1241362617
1241362579
1241362698
1241362640
1241362675
1241362709
1241362634
1241362607
288201991
385747127
1338672293
1338672083
1338672250
1338672358
1338672040
1338672129
1338672308
1338672398
1338672068
1338672340
1338671981
1338672101
1338672207
1338672383
1338672017
1338672142
1338672284
288201992
26130622
26130626
1241362739
1241362561
26130628
26130631
26130634
26130636
1207585492
1251282881
1251283174
1251283081
1251283257
1251283114
1251283154
1251283000
1251283245
1207585820
26130639
1207585759
26130642
1055447074
1055447084
1051964506
1059564705
1059564707
1059564883
1051964343
1051964098
1051964212
1051964562
1059564704
1059564886
1059564889
1252224507
1252224718
1252224545
1051964304
1252224522
1252224660
1252224600
1252224715
1252224500
1252224456
1252224555
1252224630
1249745572
1249745328
1249745210
1249745570
1249745427
1249745192
1249745448
1249745548
1249745520
1249745174
1249745494
1249745258
1249745429
1249745695
1249745417
1249745582
1249745559
1249745672
1249745242
1249745653
1249745367
1249745464
1249745680
1249745252
1249745656
1249745254
1249745413
1249745409
1249745471
1249745496
1249745522
1249745587
1249745421
1249745452
1249745194
1249745313
1249745610
1252224742
26130480
1109149452
1109149412
26130479
1109164356
1109164684
1109164801
1109164113
1252224752
1252224708
1252224493
1252224525
1252224451
1252224717
1252224701
1252224487
1252224561
1252224471
1252224597
1252224546
1252224683
1109164275
1109164946
1109164309
1109165000
1109164935
1109164549
1252224657
1252224726
1252224521
1252224496
1252224637
1252224575
1252224712
1252224479
1252224757
1252224523
1252224667
1252224579
1252224468
1109164820
899126595
1252224596
899126531
899126569
1109164128
1109164579
1109164943
1109165007
1109164322
899126642
1109164713
1109164365
1109164797
1109164399
1109164282
899126614
1252224744
1252224470
1252224681
1252224623
1252224490
1252224547
1252224747
1252224629
1252224537
1252224484
1252224515
1252224565
1252224585
899126520
899126476
899126689
899126620
1052047846
899126474
899126592
1239300052
899126490
899126547
1239300051
899126589
899126510
899126428
367602642
367604034
367602647
1252224486
1249745424
1249745272
1249745455
1249745525
1249745644
1249745329
1249745240
1249745364
1249745571
1249745404
1249745517
1249745621
1249745198
1249745577
1249745411
1252224763
1252224646
1249745286
1252224700
1252224716
1249745619
1249745397
1249745513
1249745298
1249745414
1249745212
1249745642
1249745391
1249745178
1249745440
1249745489
1249745542
1249745516
1249745667
1249745605
1249745302
1249745626
1249745483
1249745502
1249745277
1249745486
1249745333
1252224454
1252224663
1252224529
1252224554
1252224756
1252224477
1252224594
1252224538
1252224741
1252224672
1252224690
1252224711
1252224574
899126487
1252224636
899126709
1249745226
1249745649
1249745406
1249745638
1249745491
1249745222
1249745652
1249745527
1249745366
1249745237
1249745320
1249745487
1249745567
1249745399
899126705
1252224709
1252224495
1252224445
1252224754
1252224640
1252224559
1252224450
1252224577
1252224714
1252224659
1252224448
1252224527
1252224655
367604115
367604110
367604105
367604099
367604093
367604088
899126607
1252224713
1252224688
1252224603
1252224631
1252224557
367604083
1252224482
1252224463
1252224584
1252224442
1252224722
1252224568
1252224706
1252224472
1252224697
1252224639
1252224540
1252224615
1252224743
1252224725
1252224518
1252224573
1252224710
1252224654
1252224447
1252224755
1252224638
899126430
1249745640
1249745349
1249745602
1249745160
1249745670
288201964
288201961
1052803062
1052803018
1052802978
1052803110
1052802726
1052802963
1052803019
1052802706
1229047701
1229047705
1229047708
1229047680
1229047698
288201957
1242512461
1242512345
1052802712
1052802990
1242512408
1242512342
1242512443
1242512394
1242512378
1242512347
1242512337
1242512365
1242512314
1242512410
1242512479
1242512419
1242512435
1242512467
1242512454
1242512381
1242512463
1242512426
1242512376
1242512326
1242512484
1242512453
1242512331
1242512380
1242512388
1242512433
1242512477
1242512348
1052802780
288201959
1229010130
1229010148
1249745614
1249745595
1242512481
1242512446
1242512360
1242512328
1242512451
1252224508
1252224671
1252224614
1249745657
1249745693
1249745341
1249745331
1249745432
1249745163
1249745379
1249745635
1249745540
1249745557
1249745196
1052938420
1052938432
1052938372
1052938396
1052938338
1052938380
1052938479
1052938440
1052938448
1052938415
1052938345
1052938401
1052938341
1249745381
1249745551
1249745636
1249745315
1249745197
1249745454
1249745615
1249745627
1249745433
1249745678
1249745503
1249745282
1249745403
1249745650
1249745598
1249745415
1241362684
1241362532
1241362748
1241362672
1241362582
1241362702
1249745543
1337026439
1337026753
1338726376
1338726413
1338726331
1338726451
1338726402
1338726366
1338726313
1338726436
1338726388
1338726348
1338726457
1338726420
1338726374
1338726335
1338726442
1338726405
1338726400
1338726435
1338726423
1338726325
1338726364
1338726304
1338726431
1338726446
1338726411
1338726365
1338726330
1338726430
1338726352
1338726303
1337026574
1338726437
1338726314
1338726368
1338726371
1338726417
1338726454
1338726439
1338726393
1338726351
1338726316
1338726356
1338726319
1338726425
1338726391
1338726338
1338726346
1337026309
1338726440
1338726318
1338726396
1338726373
1338726347
1338726312
1338726418
1338726386
1338726333
1338726456
1249745293
1249745512
1246640984
275996478
275996477
275996476
1338726421
1338726349
1338726390
1338726438
1338726315
1338726369
1338726403
1338726453
1338726332
1338726384
1338726415
1338726301
1338726341
1338726394
1338726323
1338726359
1338726410
1338726444
1338726340
1338726382
275996474
275996473
275996472
275996470
275996469
1246641048
275996468
275996467
288214823
275996465
275996466
1338726407
1338726443
1338726337
1338726378
1338726427
1338726321
1338726357
1338726408
1249745689
1249745426
1249745400
1249745568
1249745209
1249745639
1249745385
1249745322
1249745528
1249745458
1249745617
1338726354
1337026277
1337026342
1337026773
1337026287
1337026644
1249745416
1249745256
1249745569
1249745422
1249745425
1249745318
1249745590
1249745273
1249745493
1249745387
1249745268
1249745289
1249745393
1249745465
1249745307
1249745674
1249745419
1249745243
288201938
288201933
1249745223
288201932
288201973
288201976
288201974
1249745501
1249745324
288201970
288201975
1246640980
1246641001
1246640852
1246640854
288195768
288195767
288195765
288195764
288195762
288195752
288195749
288195750
288195753
288195755
288195756
288195760
288195744
288195747
288195748
288201980
288201978
288201977
288201969
288201972
1229010142
1229010128
1229010147
1229010143
1229010145
1241362586
1241362659
1241362706
1229010141
1229010127
1229010144
1241362637
1241362656
1241362679
1241362686
1241362724
1241362663
1241362584
1241362480
1241362616
1241362590
1241362650
1241362682
1241362597
1241362745
1241362529
1241362578
1241362565
1241362712
1229010154
1346179417
1052047900
1052047826
1052047962
1239300050
1052047814
1052047859
1052047721
1052047791
1052047989
1052047690
1052047923
1346179420
1052047682
1346179412
0
5
1338688592
1338688234
1338688649
1338688513
1338688321
3
1338688647
1338688450
1338688370
5
1338688271
1338688465
1338688603
1338688401
1338688551
2
1338688590
1338688391
9
1338688630
1338688323
1338688515
1338688431
1338688652
1338688299
1338688577
1338688236
1338688373
3
1338688400
1338688269
1338688330
4
1338688247
1338688304
1338688765
1338688437
3
1338688510
1338688699
1338688233
3
1338688536
1338688716
1338688253
3
1338688473
1338688666
1338688203
3
1338688453
1338688594
1338688187
8
1338672197
1338672093
1338672021
1338672181
1338672050
1338672269
1338672137
1338672011
3
1338672152
1338672081
1338672183
3
1338672018
1338672388
1338672211
7
1338672136
1338672029
1338672119
1338672303
1338672402
1338672069
1338672163
24
1338672038
1338672356
1338672249
1338672082
1338672004
1338672324
1338672187
1338672053
1338671963
1338672275
1338672138
1338672012
1338672304
1338672125
1338672032
1338672353
1338672244
1338672079
1338671997
1338672322
1338672178
1338672047
1338671962
1338672265
6
1338672113
1338672099
1338672283
1338672377
1338672056
1338672141
5
1338672132
1338672044
1338672385
1338672078
1338671957
3
1338672375
1338672076
1338671947
15
1338672016
1338672313
1338672180
1338671968
1338672216
1338672370
1338672267
1338672091
1338672009
1338672333
1338672154
1338672150
1338672337
1338672203
1338672064
3
1338671967
1338672239
1338672143
9
1338672133
1338672006
1338672363
1338672191
1338672146
1338672320
1338672176
1338672045
1338671959
3
1338672057
1338671995
1338672123
9
1338688424
1338688621
1338688753
1338688501
1338688637
1338688228
1338688367
1338688565
1338688696
5
1338672290
1338671978
1338672065
1338672205
1338672041
3
1338672087
1338672295
1338672025
3
1337336310
1337336314
1337336306
3
1337336312
1337336309
1337336303
3
1337026303
1337026758
1337026726
9
1337026573
1337026721
1337026478
1337026505
1337026295
1337026642
1337026385
1337026457
1337026594
34
1337026655
1337026306
1337026801
1337026610
1337026468
1337026373
1337026262
1337026667
1337026540
1337026558
1337026417
1337026251
1337026702
1337026628
1337026537
1337026368
1337026675
1337026545
1337026312
1337026219
1337026735
1337026604
1337026390
1337026267
1337026554
1337026412
1337026248
1337026695
1337026626
1337026770
1337026692
1337026550
1337026518
1337026352
21
1337026672
1337026647
1337026779
1337026346
1337026512
1337026577
1337026723
1337026289
1337026444
1337026757
1337026278
1337026482
1337026627
1337026700
1337026250
1337026415
1337026556
1337026268
1337026738
1337026227
1337026316
17
1337026543
1337026708
1337026254
1337026434
1337026564
1337026271
1337026404
1337026613
1337026748
1337026236
1337026327
1337026549
1337026690
1337026249
1337026343
1337026555
1337026699
11
1337026476
1337026292
1337026520
1337026657
1337026728
1337026263
1337026456
1337026590
1337026285
1337026437
1337026637
11
1337026330
1337026498
1337026567
1337026710
1337026281
1337026435
1337026354
1337026587
1337026783
1337026291
1337026636
11
1337026348
1337026739
1337026547
1337026318
1337026269
1337026560
1337026399
1337026704
1337026685
1337026491
1337026230
14
1337026630
1337026433
1337026454
1337026687
1337026493
1337026323
1337026270
1337026741
1337026548
1337026402
1337026706
1337026562
1337026350
1337026252
8
1337026553
1337026409
1337026720
1337026570
1337026296
1337026503
1337026336
1337026275
3
1337026246
1337026334
1337026788
5
1337026299
1337026458
1337026247
1337026272
1337026597
3
1337026260
1337026369
1337026333
11
1337026261
1337026305
1337026459
1337026663
1337026800
1337026769
1337026283
1337026500
1337026264
1337026371
1337026539
2
1337026259
1337026453
6
1337026546
1337026798
1337026535
1337026366
1337026603
1337026392
11
1337026244
1337026408
1337026551
1337026265
1337026377
1337026595
1337026732
1337026211
1337026569
1337026474
1337026616
5
1337026495
1337026324
1337026648
1337026515
1337026455
17
1052047947
1052047820
1052047878
1052047736
1052047800
1052048007
1052047990
1052047870
1052047761
1052047871
1337026208
1337026522
1337026660
1052047845
1052047704
1052047677
1337026470
8
1337026205
1337026376
1337026356
1337026257
1337026541
1337026571
1337026308
1337026592
6
1337026461
1337026326
1337026233
1337026631
1337026497
1337026782
4
1337026256
1337026436
1337026568
1337026273
11
1337026255
1337026654
1337026517
1337026310
1337026214
1337026617
1337026480
1337026387
1337026266
1337026673
1337026542
3
1338688596
1338688455
1338688324
3
1338688624
1338688504
1338688639
6
1286223613
1286223578
1286223643
1286223601
1286223566
1286223649
3
1286223561
1286223686
1286223538
5
1286223557
1286223683
1286223717
1286223641
1286223589
3
1286223621
1286223563
1286223597
5
1286223640
1286223544
1286223668
1286223704
1286223681
4
1286223583
1286223709
1286223536
1286223658
9
1286223731
1286223651
1286223675
1286223607
1286223628
1286223548
1286223707
1286223671
1286223568
7
1286223728
1286223645
1286223673
1286223599
1286223626
1286223623
1286223565
8
1286223656
1286223740
1286223702
1286223712
1286223595
1286223559
1286223642
1286223612
5
1286223611
1286223639
1286223552
1286223593
1286223534
7
1286223610
1286223637
1286223551
1286223591
1286223714
1286223666
1286223654
8
1286223710
1286223630
1286223582
1286223581
1286223577
1286223608
1286223735
1286223549
3
1286223547
1286223620
1286223708
6
1286223579
1286223724
1286223644
1286223705
1286223580
1286223546
3
1286223736
1286223550
1286223659
7
1252224550
1252224526
1252224661
1252224601
1252224729
1252224576
1252224473
16
1252224627
1252224687
1252224548
1252224570
1252224443
1252224492
1252224707
1252224723
1252224590
1252224650
1252224513
1252224536
1252224738
1252224506
1252224524
1252224728
5
1252224695
1252224452
1252224604
1252224475
1252224528
9
1251300472
1251300480
1251300460
1251300468
1251300447
1251300441
1251300465
1251300449
1251300482
3
1251300445
1251300479
1251300454
5
1251300485
1251300467
1251300476
1251300457
1251300452
7
1251300475
1251300439
1251300451
1251300481
1251300473
1251300491
1251300462
25
1251283158
1051964354
1051964069
1051964315
1051964328
1251282997
1251283091
1251283380
1251282965
1251283225
1251283336
1251283138
1251283312
1251283131
1251283178
1251283031
1251282873
1251283133
1251282945
1251283197
1251283053
1251283120
1251282908
1251283005
1251283281
26
1251282902
1251283190
1251283270
1251283117
1251283156
1251283304
1251282880
1251283172
1251283254
1251283112
1251283150
1251282990
1251282971
1251283250
1251283123
1251283362
1251283143
1251283201
1251283072
1251283128
1251283390
1251283344
1251282913
1251283199
1251283026
1251283110
3
1251283090
1251282994
1251283021
0
5
1251283296
1251283148
1251282943
1251283079
1251282988
5
1251283078
1251282974
1251283146
1251283048
1251282941
3
1251283157
1251283395
1251283277
6
1251283142
1251283200
1251283059
1251283182
1251283046
1251283119
3
1251283227
1251282900
1251283139
3
1051964551
1051964326
1051964584
4
1249763051
1249763077
1249763036
1249763064
19
1238411893
1238411886
1238411910
1238411830
1238411839
1238411837
1238411853
1238411912
1238411890
1238411872
1238411864
1238411888
1238411752
1238411911
1238411765
1238411753
1238411760
1238411878
1238411777
3
1251282899
1251283180
1251283102
3
1109149468
1109149456
1109149346
7
1251283192
1251283289
1251283145
1251283214
1251283076
1251283130
1251282938
14
1249763044
1249763033
1249763056
1249763038
1249763061
1249763080
1249763076
1249763049
1249763043
1249763060
1249763047
1249763063
1249763059
1249763075
16
1051964090
1051964578
1051964232
1051964140
1051964192
1051964374
1051964297
1051964042
1051964142
1051964161
1051964516
1051964274
1051964502
1051964258
1051964124
1051964365
3
1052047898
1052047742
1052047801
3
1207585680
1207596215
1207585825
8
1207544185
1207544172
1207544164
1207544173
1207544184
1207544168
1239302237
1207544192
3
1251283334
1251283137
1251283194
122
994629163
994629175
402328970
994629150
402328965
402328964
402328963
402328962
402328961
402328960
402328959
402328958
402328957
402328956
402328955
402328954
1052802858
1052803023
1052802980
1052803111
1052803078
1052802793
1052802710
1052802949
1052802784
1052803036
1052802884
1052803000
1052802728
1052802902
1052803131
1052802754
1052803043
402328987
402328986
402328985
402328984
402328983
402328982
402328980
402328979
402328978
402328977
402328976
1052803082
1052802958
1052803014
1052802816
1052802868
1052803116
1052802721
1052802775
402329062
402328944
402328943
402328942
402328941
402328940
402328939
402328938
402328881
402328882
402328883
402328884
402328885
402328886
402328887
402328888
402328889
402328890
402328891
402328892
402328893
402328894
402328895
402328896
402328897
402328898
402328899
402328900
402328901
402328902
402328903
402328904
402328905
402328906
402328907
402328908
402328909
402328910
402328911
402328912
402328913
402328914
402328915
402328916
402328917
402328918
402328919
402328920
402328921
402328922
402328923
402328924
402328925
402328926
402328927
402328928
402328929
402328930
402328931
402328932
402328933
402328934
402328935
402328936
402328937
402328945
402328949
402328950
402328951
402328952
3
1251283140
1251283126
1251283229
3
1251283216
1251283024
1251283132
24
367602637
367602526
367602529
367602531
367602533
367602535
367602538
367602544
367602548
367602552
367602556
367602560
367602564
367602570
367602575
367602580
367602585
367602588
367602592
367602597
367602602
367602606
367602612
367602618
14
1241374679
1241374677
1241374683
1241374673
1241374676
1241374674
1242512425
1242512374
1242512324
1242959126
1241374675
1241374681
1241374684
1241374678
3
1249745607
1249745284
1249745594
5
1052047818
1052047902
1052047944
1052047661
1052047680
3
1052047679
1052047797
1052047930
9
423785039
423785040
1038409300
423785041
423785043
423785044
423785046
423785045
1038409294
3
1246641031
1246640861
1246640938
7
288201963
1051988596
1051988600
1051988653
1051988639
1051988642
1051988626
8
1251282931
1251282962
1251283135
1251283082
1251283223
1251282986
1251283147
1251283103
19
402328791
402329041
402329042
402329043
402329044
402329045
402329046
402329047
402329048
402329049
402329050
402329051
402329052
402329053
402329054
402329055
402329056
402329057
402329058
4
1051964207
1051964369
1051964340
1051964097
3
1051964052
1051964513
1051964391
3
1051964226
1051964118
1051964397
6
1251282960
1251283134
1251282882
1251282919
1251283125
1251283332
3
1051964482
1051964121
1051964295
5
1051964606
1051964180
1051964230
1051964268
1051964493
5
1051964373
1051964135
1051964348
1051964105
1051964213
2
402328834
402329061
10
994629188
994629166
994629157
994629181
994629172
994629178
994629174
994629182
994629148
994629158
3
994629173
994629151
994629160
3
1052047712
1052047738
1052047949
3
1251283124
1251283057
1251283099
3
1249763078
1249763053
1249763034
13
1241380421
1242959187
1241380433
1241380425
1242959137
1242959144
1241380435
1241380422
1241380427
1241380424
1242959182
1241380436
1241380428
4
1051964615
1051964279
1051964185
1051964079
2
1052047729
1052047974
2
899126685
1109164330
3
1249763057
1249763035
1249763046
3
1246640997
1246641058
1246640946
0
5
288195758
288195829
288195827
288195823
288195818
6
1242959121
1242959179
1242959174
1242959123
1242959128
1242959147
3
1251283333
1251283127
1251283170
9
1251283129
1251282934
1251283028
1251283307
1251283274
1251283118
1251283287
1251283144
1251283202
3
1251283242
1251283252
1251283313
4
1251283162
1251283007
1251283149
1251283310
6
1242512449
1242512466
1242512332
1242512403
1242512362
1242512356
0
1
1246640905
3
1251283284
1251282969
1251283160
0
0
0
