(1451,1)
(2892,3)
(1259,3)
(4884,1)
(1836,4)
(2893,3)
(1418,4)
(1535,2)
(2747,7)
(3892,6)
(2712,1)
(3733,1)
(4819,8)
(669,9)
(3136,8)
(3507,8)
(4662,6)
(352,7)
(1855,4)
(4761,1)
(3122,4)
(4081,1)
(3692,3)
(1011,5)
(2364,4)
(3052,10)
(3491,10)
(533,2)
(3650,3)
(977,3)
(1129,4)
(1904,4)
(3919,3)
(4818,8)
(2148,1)
(3137,8)
(6,2)
(3053,10)
(686,10)
(2407,4)
(2975,8)
(170,4)
(976,3)
(4597,6)
(4107,3)
(678,2)
(733,5)
(2923,6)
(3246,3)
(1132,3)
(4989,8)
(700,4)
(4043,7)
(171,4)
(1002,1)
(679,2)
(1200,2)
(3732,1)
(4171,2)
(447,1)
(2088,4)
(706,4)
(3603,3)
(3247,3)
(3812,2)
(2512,2)
(4663,6)
(1128,4)
(1854,4)
(4535,2)
(1531,7)
(3490,10)
(3584,3)
(4011,5)
(1046,6)
(2567,9)
(127,6)
(1888,2)
(545,2)
(4470,4)
(1870,10)
(3961,4)
(2047,1)
(4342,7)
(1108,2)
(4675,9)
(484,9)
(2167,5)
(393,2)
(3068,3)
(581,5)
(836,3)
(3365,4)
(4490,4)
(2973,4)
(3430,1)
(613,1)
(1984,2)
(544,2)
(4539,10)
(580,5)
(1047,6)
(3025,7)
(3478,8)
(4562,4)
(4665,1)
(2142,2)
(4503,4)
(612,1)
(4681,2)
(2122,7)
(4195,2)
(3024,7)
(4569,3)
(1484,2)
(3991,3)
(953,7)
(1140,4)
(455,3)
(3244,8)
(3453,4)
(4674,9)
(1736,2)
(4935,4)
(1717,1)
(2876,1)
(1770,9)
(2531,4)
(1720,9)
(3099,3)
(1207,2)
(3834,2)
(2080,1)
(2251,2)
(1051,1)
(3630,10)
(1545,1)
(4012,2)
(3215,2)
(4040,6)
(1561,1)
(3772,3)
(454,3)
(2471,2)
(3252,2)
(671,10)
(1988,4)
(1362,5)
(3863,10)
(912,3)
(2748,9)
(3621,3)
(4355,10)
(4614,7)
(3598,5)
(3903,8)
(1206,2)
(2539,3)
(2693,5)
(4610,10)
(3051,9)
(4078,1)
(827,2)
(1416,2)
(354,1)
(2509,4)
(725,2)
(3716,10)
(210,4)
(4575,9)
(101,1)
(3452,4)
(45,3)
(2908,4)
(115,1)
(2880,6)
(1716,1)
(2831,4)
(1917,4)
(3810,4)
(1485,2)
(3766,1)
(4077,4)
(392,2)
(1871,10)
(2195,1)
(3406,1)
(1234,3)
(2727,3)
(1413,4)
(4800,1)
(1737,2)
(3738,4)
(1705,5)
(3618,8)
(2879,1)
(4220,4)
(2933,3)
(4198,3)
(1228,1)
(3393,4)
(3773,3)
(3978,3)
(1771,9)
(3936,1)
(2768,3)
(4223,1)
(656,10)
(4129,2)
(3037,3)
(4934,4)
(657,10)
(994,3)
(4306,5)
(3407,1)
(4886,4)
(1363,5)
(4574,9)
(2143,2)
(2174,2)
(1032,4)
(2749,9)
(2081,1)
(4032,2)
(38,4)
(3599,5)
(1572,2)
(3505,5)
(1061,9)
(2530,4)
(958,3)
(4611,10)
(3631,10)
(4154,4)
(4041,6)
(4824,2)
(816,4)
(1799,4)
(355,1)
(3664,4)
(2076,4)
(3301,3)
(2250,2)
(4651,9)
(2332,2)
(4281,1)
(2909,4)
(3894,6)
(899,5)
(4990,6)
(2030,4)
(3811,4)
(4517,7)
(4615,7)
(4650,9)
(1727,1)
(2856,4)
(895,10)
(1982,3)
(2929,4)
(4280,1)
(4079,1)
(4516,7)
(1417,2)
(1660,5)
(3036,3)
(3739,4)
(896,1)
(3115,7)
(2456,6)
(3397,2)
(82,10)
(2881,6)
(356,6)
(3937,1)
(282,2)
(1721,9)
(4316,2)
(4579,6)
(151,1)
(670,10)
(2491,1)
(2508,4)
(3034,10)
(4033,2)
(98,2)
(1235,3)
(2960,9)
(3619,8)
(4054,10)
(4199,3)
(1986,3)
(4155,4)
(2769,3)
(3678,10)
(4676,6)
(4825,2)
(3835,2)
(4640,7)
(3001,3)
(3608,3)
(3979,3)
(817,4)
(3790,4)
(1060,9)
(2077,4)
(2333,2)
(4000,5)
(1655,6)
(4648,8)
(4048,6)
(4991,6)
(1704,5)
(2857,4)
(1542,10)
(2877,1)
(1033,4)
(3168,1)
(3158,4)
(3985,4)
(39,4)
(1480,4)
(952,7)
(1573,2)
(1983,3)
(2720,1)
(4545,3)
(4594,9)
(982,3)
(3895,6)
(83,10)
(1560,1)
(2031,4)
(3098,3)
(2576,8)
(4317,2)
(589,2)
(2586,4)
(1544,1)
(2457,6)
(207,1)
(308,4)
(3423,4)
(3704,4)
(756,7)
(1199,2)
(628,4)
(3705,4)
(309,4)
(1198,2)
(629,4)
(4348,3)
(206,1)
(757,7)
(3422,4)
(4349,3)
(1526,6)
(4367,2)
(8,3)
(4647,4)
(3306,2)
(4953,4)
(1353,2)
(1694,4)
(870,8)
(3923,1)
(1728,2)
(2419,2)
(428,1)
(3003,4)
(2404,8)
(4417,9)
(3341,5)
(3372,3)
(4300,8)
(1096,6)
(3483,7)
(1346,3)
(1377,3)
(722,4)
(3325,8)
(1962,4)
(1993,7)
(415,5)
(3836,6)
(1915,4)
(3776,2)
(607,1)
(4492,2)
(902,5)
(3509,3)
(3976,4)
(1163,10)
(2008,2)
(125,1)
(1644,2)
(538,3)
(2605,7)
(1157,2)
(3134,10)
(957,1)
(2826,4)
(2970,2)
(3541,1)
(1641,1)
(4108,1)
(2378,2)
(3525,4)
(16,3)
(1393,4)
(582,3)
(3419,2)
(916,1)
(1497,3)
(1527,6)
(1914,4)
(2466,4)
(4411,6)
(224,9)
(4937,1)
(1674,1)
(2525,4)
(3534,4)
(3627,2)
(1944,1)
(2833,3)
(1822,3)
(2069,4)
(1398,1)
(3497,9)
(2079,4)
(4966,6)
(412,2)
(1663,3)
(3563,5)
(4926,4)
(429,1)
(3910,2)
(522,7)
(3047,8)
(4908,4)
(1330,2)
(4179,2)
(1347,3)
(1650,4)
(1471,3)
(2534,10)
(661,9)
(1174,5)
(4444,2)
(4967,6)
(705,2)
(1242,3)
(2907,3)
(3922,1)
(1006,2)
(2849,9)
(2574,3)
(2716,3)
(2867,3)
(4629,6)
(3250,2)
(3725,2)
(2325,6)
(2838,7)
(1015,2)
(2874,1)
(4536,2)
(4859,9)
(583,3)
(4486,6)
(1970,2)
(4207,3)
(2445,10)
(3054,3)
(4301,8)
(1097,6)
(4094,4)
(378,1)
(723,4)
(413,2)
(3734,4)
(1376,3)
(4909,4)
(822,9)
(3135,10)
(3019,4)
(4138,2)
(1958,3)
(4209,1)
(1507,5)
(4552,2)
(9,3)
(4644,1)
(1804,1)
(2379,2)
(61,2)
(4104,3)
(200,2)
(3307,2)
(432,2)
(2575,3)
(1578,8)
(2979,5)
(2355,2)
(3312,8)
(225,9)
(2822,10)
(555,7)
(4380,1)
(2717,3)
(2866,3)
(3656,4)
(4657,9)
(1013,10)
(4590,1)
(1945,1)
(4276,2)
(2654,7)
(3530,10)
(4289,6)
(1111,3)
(1924,5)
(190,1)
(4687,9)
(2254,4)
(2535,10)
(2827,4)
(3498,3)
(1759,1)
(1243,3)
(4580,6)
(809,9)
(3018,4)
(3657,4)
(4546,2)
(4551,10)
(104,8)
(917,1)
(3735,4)
(4962,2)
(3970,1)
(4683,2)
(2863,10)
(3958,7)
(1812,3)
(4487,6)
(964,2)
(2321,5)
(2818,6)
(3877,3)
(1233,4)
(3066,4)
(1732,4)
(2823,10)
(1449,9)
(3072,7)
(1824,6)
(4277,2)
(1175,5)
(1852,9)
(1220,8)
(2943,2)
(1012,10)
(4845,2)
(346,1)
(2243,8)
(634,4)
(2875,1)
(2553,1)
(4428,2)
(201,2)
(1080,2)
(1565,5)
(4086,2)
(180,2)
(1579,8)
(660,9)
(3067,4)
(4463,2)
(4680,2)
(349,8)
(450,7)
(1290,2)
(2467,4)
(1703,2)
(4904,8)
(2492,2)
(4095,4)
(818,9)
(4847,4)
(273,1)
(2388,6)
(348,8)
(3839,3)
(1441,3)
(1784,1)
(4645,1)
(2888,3)
(3531,10)
(991,4)
(3262,2)
(903,5)
(1103,4)
(4527,4)
(1925,5)
(2640,1)
(191,1)
(2482,7)
(3496,9)
(3499,3)
(2078,4)
(2655,7)
(523,7)
(4678,5)
(2681,9)
(4194,2)
(2850,3)
(4961,7)
(105,8)
(2334,2)
(116,3)
(217,9)
(4563,4)
(704,2)
(4963,2)
(3409,4)
(4682,2)
(2971,2)
(1733,4)
(2418,2)
(729,1)
(1952,2)
(648,5)
(4381,1)
(4416,9)
(832,4)
(1533,2)
(1701,10)
(2242,8)
(1605,3)
(3580,9)
(17,3)
(216,9)
(2255,4)
(3366,8)
(1374,9)
(4459,3)
(1221,8)
(3850,3)
(871,8)
(2326,5)
(928,4)
(1071,3)
(3373,3)
(1672,4)
(2819,6)
(433,2)
(4656,9)
(370,3)
(4331,1)
(635,4)
(4396,3)
(3343,4)
(4168,10)
(3777,2)
(4366,2)
(1785,1)
(4646,4)
(1971,2)
(4952,4)
(162,2)
(1813,3)
(379,1)
(608,1)
(126,6)
(3879,10)
(3827,7)
(4936,1)
(2405,8)
(3771,1)
(4090,1)
(2389,6)
(2832,3)
(606,1)
(1351,3)
(649,5)
(1162,10)
(3899,1)
(124,1)
(833,4)
(403,6)
(1686,1)
(956,1)
(3851,3)
(1110,3)
(1647,5)
(1291,2)
(4410,6)
(819,9)
(4858,9)
(3469,7)
(4808,4)
(3611,4)
(4134,1)
(4526,4)
(322,5)
(4433,1)
(2527,2)
(4874,10)
(2997,1)
(3614,5)
(797,4)
(1628,2)
(3203,4)
(4438,4)
(1998,4)
(2670,4)
(3861,1)
(849,5)
(1678,6)
(4525,3)
(4754,3)
(878,1)
(1415,6)
(314,2)
(5005,8)
(3869,1)
(4394,4)
(223,8)
(3202,4)
(3175,3)
(3556,4)
(2773,4)
(4850,6)
(3855,7)
(4604,1)
(4722,9)
(4925,2)
(1268,8)
(4725,4)
(4007,1)
(4630,1)
(3198,7)
(3795,1)
(2124,3)
(4778,3)
(4833,3)
(2859,8)
(5004,8)
(2477,9)
(2772,4)
(3721,2)
(4924,2)
(21,5)
(4319,3)
(4832,3)
(4051,2)
(4160,1)
(4386,1)
(4439,4)
(1324,9)
(1709,2)
(5,2)
(4432,1)
(315,2)
(4050,2)
(2778,4)
(3557,4)
(304,4)
(4851,6)
(1947,4)
(4950,10)
(243,1)
(2304,7)
(86,2)
(4723,9)
(2014,1)
(3257,7)
(1708,2)
(4631,1)
(796,4)
(1107,4)
(3639,4)
(4898,3)
(3323,1)
(3566,4)
(876,5)
(4587,7)
(2429,1)
(2996,1)
(230,6)
(2671,4)
(145,9)
(246,4)
(247,4)
(510,2)
(2702,9)
(3261,1)
(3232,3)
(4779,3)
(4,2)
(1955,1)
(242,1)
(511,2)
(848,5)
(3199,7)
(3185,1)
(3256,7)
(3131,1)
(4524,3)
(1106,4)
(3741,1)
(1414,6)
(4875,10)
(3638,4)
(4161,1)
(3615,5)
(3868,1)
(3322,1)
(3533,3)
(2897,3)
(4586,7)
(306,2)
(1681,4)
(3747,2)
(3854,7)
(534,4)
(1501,7)
(2695,1)
(4724,4)
(2125,3)
(3260,1)
(834,2)
(4387,1)
(879,1)
(2526,2)
(1927,8)
(2828,3)
(3174,3)
(3567,4)
(2631,3)
(4668,3)
(930,4)
(3763,1)
(959,3)
(2382,7)
(1286,2)
(1783,7)
(1911,1)
(2944,4)
(2965,2)
(4619,4)
(1020,6)
(1661,5)
(2023,1)
(2992,9)
(1018,2)
(3191,3)
(420,2)
(2391,3)
(339,4)
(2258,8)
(858,2)
(4871,6)
(2490,1)
(3665,4)
(829,4)
(4060,3)
(984,7)
(4737,2)
(3767,1)
(4620,6)
(64,4)
(1620,10)
(4021,8)
(2606,3)
(3415,1)
(3674,4)
(4341,3)
(132,1)
(421,2)
(645,1)
(4414,3)
(4434,8)
(946,4)
(985,7)
(995,3)
(3084,9)
(472,5)
(1089,10)
(3703,1)
(3980,4)
(563,2)
(3744,2)
(99,2)
(3902,8)
(1116,3)
(3737,8)
(4346,2)
(4721,2)
(897,1)
(1050,1)
(695,5)
(4136,6)
(736,6)
(4917,9)
(2766,3)
(4313,3)
(4325,1)
(3414,1)
(4567,3)
(1340,1)
(4759,4)
(1910,1)
(3095,1)
(3442,8)
(3995,6)
(2007,5)
(4356,1)
(193,1)
(452,3)
(4391,2)
(4408,7)
(1861,1)
(4042,7)
(1349,3)
(2300,1)
(2713,1)
(2569,4)
(4460,2)
(1333,4)
(1193,10)
(4870,6)
(62,2)
(4561,10)
(1287,2)
(2021,2)
(2750,6)
(321,9)
(2126,8)
(4299,1)
(1024,4)
(1058,4)
(2629,6)
(2945,4)
(3292,7)
(338,4)
(1067,3)
(3190,3)
(2676,1)
(3813,2)
(84,7)
(3823,10)
(1769,9)
(4736,2)
(1648,1)
(4263,2)
(2922,6)
(4441,4)
(1298,1)
(4121,4)
(40,1)
(2917,3)
(2481,9)
(3094,1)
(587,1)
(4560,10)
(759,1)
(4340,3)
(3057,8)
(3702,1)
(693,3)
(3166,9)
(3129,1)
(4596,6)
(961,10)
(3896,1)
(4353,4)
(303,4)
(2267,9)
(4572,3)
(701,4)
(3506,8)
(3070,4)
(4235,4)
(1426,8)
(2775,10)
(1008,7)
(3511,3)
(1583,1)
(3450,2)
(562,2)
(4189,2)
(860,2)
(3675,4)
(1707,1)
(3736,8)
(446,1)
(2365,4)
(2677,1)
(1059,4)
(3156,10)
(3277,2)
(4720,2)
(1295,7)
(3238,3)
(1308,4)
(4399,4)
(694,5)
(2197,2)
(1009,7)
(3382,2)
(4097,1)
(4906,3)
(1632,1)
(3177,6)
(3314,3)
(4867,2)
(2137,1)
(3602,3)
(3293,7)
(4402,3)
(1794,2)
(2233,1)
(586,1)
(1443,2)
(2687,3)
(3898,1)
(2800,1)
(2993,9)
(4534,2)
(1309,4)
(3994,6)
(3681,4)
(3918,3)
(842,3)
(2259,8)
(2650,4)
(3167,9)
(1010,5)
(2149,1)
(908,1)
(2424,8)
(4969,8)
(1768,9)
(2741,4)
(302,4)
(1621,10)
(687,10)
(2494,2)
(1334,7)
(1873,6)
(63,2)
(1294,7)
(719,1)
(4714,2)
(220,5)
(1427,8)
(1795,2)
(2006,5)
(7,2)
(3924,7)
(2607,3)
(4100,2)
(594,3)
(1419,4)
(3111,4)
(4324,1)
(4390,2)
(4760,1)
(4907,3)
(2202,1)
(2801,1)
(1965,9)
(2296,4)
(133,1)
(2810,2)
(3804,10)
(4409,7)
(947,4)
(3276,2)
(3123,4)
(4988,8)
(1066,3)
(4227,1)
(4973,8)
(1335,7)
(2568,4)
(732,5)
(1793,4)
(2349,2)
(3510,3)
(1003,1)
(4698,10)
(1192,10)
(3400,3)
(4599,1)
(2131,1)
(2180,10)
(2811,2)
(3377,2)
(4436,1)
(3044,3)
(3981,4)
(1227,3)
(4918,10)
(51,4)
(4750,3)
(1964,9)
(2861,8)
(1168,2)
(4017,3)
(843,3)
(3822,10)
(718,1)
(1357,1)
(773,1)
(3176,6)
(65,4)
(2294,2)
(3489,1)
(329,1)
(4972,8)
(1743,1)
(2540,2)
(1117,3)
(3762,1)
(2241,2)
(3606,9)
(4101,2)
(4120,4)
(861,2)
(2022,1)
(192,1)
(2425,8)
(4137,6)
(4312,3)
(692,3)
(1633,1)
(828,4)
(1267,6)
(4403,3)
(3554,5)
(4357,1)
(1299,1)
(4566,3)
(1088,10)
(2297,4)
(3045,3)
(4188,2)
(4866,2)
(1099,1)
(3110,4)
(1782,7)
(2119,1)
(4618,4)
(4751,3)
(1169,2)
(4398,4)
(3071,4)
(4718,3)
(1895,7)
(4102,3)
(85,7)
(1266,6)
(789,2)
(1898,1)
(167,10)
(3296,3)
(3204,10)
(3297,3)
(1082,10)
(1667,3)
(1118,9)
(1348,3)
(3383,2)
(1373,1)
(1894,7)
(390,2)
(1281,9)
(1341,1)
(2240,2)
(4020,8)
(3355,4)
(3714,2)
(1957,3)
(3076,4)
(3369,6)
(3009,2)
(4666,6)
(1582,1)
(2357,2)
(1635,2)
(1666,3)
(4262,2)
(4715,2)
(1280,9)
(1499,2)
(3354,4)
(4103,3)
(3056,8)
(3805,10)
(3127,10)
(3338,9)
(1098,1)
(3745,2)
(3008,2)
(3205,10)
(2118,1)
(4347,2)
(770,4)
(1083,10)
(221,5)
(1442,2)
(3126,10)
(3715,2)
(532,2)
(3925,7)
(4667,6)
(4862,6)
(1688,9)
(4669,3)
(788,2)
(3077,4)
(391,2)
(845,3)
(4212,5)
(1372,1)
(4783,9)
(2089,4)
(2916,3)
(2740,4)
(2767,3)
(2732,3)
(3339,9)
(1706,1)
(4919,10)
(1899,1)
(3368,6)
(1792,4)
(2733,3)
(4014,2)
(353,7)
(3128,1)
(195,10)
(2480,9)
(4632,2)
(844,3)
(1634,2)
(4213,3)
(407,4)
(3064,3)
(709,1)
(4488,4)
(2803,2)
(4766,3)
(2582,6)
(3357,2)
(1903,8)
(3192,5)
(3781,4)
(1031,1)
(3858,3)
(1580,10)
(4811,4)
(996,3)
(3317,2)
(944,1)
(2341,3)
(1735,9)
(3116,4)
(2128,7)
(4767,3)
(1288,10)
(4993,4)
(1136,10)
(3445,2)
(1872,6)
(2181,10)
(2537,2)
(3416,7)
(1590,6)
(3965,4)
(4070,4)
(4156,4)
(1896,2)
(3217,4)
(1724,1)
(2073,4)
(1594,3)
(4185,2)
(2279,2)
(2795,5)
(3020,1)
(262,8)
(3249,2)
(4582,2)
(4899,3)
(597,2)
(1558,2)
(205,1)
(988,1)
(3973,4)
(4464,1)
(66,2)
(839,6)
(2278,2)
(1208,3)
(2873,3)
(4913,1)
(2298,7)
(4477,6)
(2173,7)
(2986,8)
(620,2)
(2129,7)
(500,3)
(551,4)
(1231,3)
(4126,6)
(67,2)
(2794,5)
(2926,4)
(2288,4)
(184,3)
(2315,1)
(285,3)
(3492,4)
(1883,4)
(4498,10)
(2999,4)
(333,2)
(1343,8)
(1682,3)
(1001,5)
(2514,8)
(3882,4)
(4987,7)
(1627,10)
(4920,4)
(1125,2)
(3828,1)
(3755,1)
(445,1)
(2400,10)
(1679,6)
(3720,2)
(1774,1)
(4793,1)
(814,3)
(1597,9)
(336,4)
(2397,2)
(2257,3)
(3914,3)
(56,1)
(1189,4)
(3633,2)
(4200,4)
(658,2)
(2270,10)
(3785,4)
(278,5)
(2609,2)
(384,4)
(3226,1)
(3521,3)
(1564,5)
(1675,1)
(1536,2)
(4883,3)
(2611,4)
(4802,3)
(1386,1)
(3829,1)
(203,1)
(668,9)
(2615,5)
(4228,4)
(4623,2)
(517,7)
(3302,5)
(264,1)
(2314,1)
(3807,1)
(1607,2)
(3666,2)
(1400,2)
(3789,2)
(1758,1)
(3971,1)
(109,4)
(444,1)
(108,4)
(659,2)
(805,2)
(2966,4)
(3412,4)
(3309,4)
(4738,2)
(2891,8)
(2723,4)
(3694,1)
(2844,1)
(3465,2)
(1618,3)
(3593,3)
(2431,4)
(3998,4)
(1263,4)
(3728,2)
(1437,3)
(4092,3)
(975,3)
(1264,4)
(117,3)
(1392,4)
(676,2)
(4971,3)
(3319,4)
(3814,8)
(554,7)
(2127,8)
(4170,2)
(644,1)
(2281,4)
(1842,5)
(2263,6)
(3162,2)
(3659,3)
(319,5)
(2924,4)
(4287,3)
(4912,1)
(1410,3)
(3461,9)
(1511,4)
(2048,3)
(1581,10)
(1670,2)
(4243,2)
(4838,3)
(699,2)
(1510,4)
(469,4)
(3890,9)
(785,3)
(1796,3)
(2186,6)
(3119,10)
(248,6)
(2145,5)
(761,8)
(2282,3)
(4039,8)
(4672,1)
(598,3)
(1603,5)
(769,9)
(2536,2)
(2656,3)
(3495,2)
(743,6)
(968,2)
(2376,4)
(4879,2)
(4890,3)
(748,8)
(4241,8)
(4717,4)
(2787,4)
(4457,2)
(2528,8)
(3613,6)
(3349,4)
(4284,1)
(927,1)
(3764,2)
(2171,10)
(4328,2)
(298,2)
(721,4)
(1153,6)
(2284,2)
(4261,3)
(2170,10)
(2529,8)
(442,4)
(1753,10)
(4329,2)
(711,4)
(3962,3)
(4471,4)
(4538,10)
(2784,10)
(3091,1)
(784,3)
(2214,5)
(641,2)
(2028,7)
(978,10)
(2884,2)
(4571,9)
(1893,1)
(2946,1)
(2501,6)
(4652,1)
(787,2)
(2168,10)
(2790,6)
(4141,2)
(1350,3)
(3825,1)
(232,6)
(279,5)
(574,4)
(2711,1)
(3103,2)
(1695,4)
(4330,1)
(1138,6)
(3081,3)
(4812,2)
(4897,2)
(1539,3)
(2476,9)
(1114,1)
(4371,8)
(1425,10)
(1652,8)
(367,3)
(376,6)
(979,10)
(2564,1)
(892,3)
(3479,8)
(1150,2)
(4591,1)
(2265,4)
(4378,2)
(1446,1)
(3387,1)
(3803,2)
(2292,4)
(2625,9)
(15,9)
(1586,3)
(3151,7)
(53,1)
(1766,9)
(3817,4)
(824,8)
(4351,1)
(3878,10)
(4343,7)
(826,2)
(4641,7)
(884,10)
(3975,3)
(3526,2)
(4519,1)
(1649,1)
(2348,2)
(1469,5)
(5006,6)
(3872,4)
(4485,4)
(1503,10)
(3468,7)
(3446,1)
(4105,3)
(4528,2)
(4885,1)
(2046,1)
(3381,3)
(2290,4)
(3031,3)
(3653,5)
(2092,9)
(3963,3)
(2123,7)
(4010,5)
(1825,6)
(3324,8)
(731,9)
(1284,3)
(2560,4)
(2821,1)
(1851,3)
(2736,5)
(882,8)
(2111,2)
(572,3)
(2639,1)
(803,5)
(1310,2)
(3075,2)
(4696,5)
(491,1)
(3503,3)
(4344,3)
(2746,7)
(4437,1)
(2390,3)
(3443,8)
(2219,4)
(3144,7)
(1985,2)
(4462,2)
(1789,3)
(3148,4)
(3022,4)
(4151,2)
(96,8)
(4335,3)
(4419,7)
(1937,1)
(4982,3)
(261,9)
(3640,6)
(1990,9)
(4139,2)
(57,1)
(682,4)
(2513,2)
(4326,3)
(938,4)
(3780,4)
(4315,3)
(485,9)
(4712,4)
(1623,3)
(2110,2)
(990,4)
(3689,3)
(3172,4)
(4821,1)
(3540,1)
(4589,4)
(317,3)
(3466,1)
(2220,4)
(4621,6)
(599,3)
(3752,3)
(1972,1)
(3873,4)
(983,3)
(3476,3)
(3841,9)
(4132,3)
(1285,3)
(3194,1)
(114,1)
(4049,6)
(165,3)
(4748,4)
(2013,4)
(3652,5)
(950,2)
(1389,10)
(3183,7)
(3220,4)
(3485,1)
(212,1)
(1405,3)
(1864,1)
(951,2)
(3346,8)
(1388,10)
(1865,1)
(888,5)
(2763,7)
(3641,6)
(1345,5)
(4388,4)
(1152,6)
(4531,1)
(3433,2)
(4082,2)
(4233,3)
(2381,8)
(3265,3)
(3968,4)
(3683,7)
(4290,8)
(821,2)
(1816,4)
(423,5)
(4430,1)
(1555,4)
(2426,10)
(486,3)
(2581,2)
(1408,4)
(3197,9)
(893,3)
(4568,3)
(402,6)
(823,9)
(542,4)
(1815,2)
(585,4)
(981,2)
(2493,2)
(2978,5)
(987,2)
(1554,4)
(1014,2)
(3351,4)
(4311,6)
(4422,2)
(4836,9)
(716,1)
(1831,2)
(1030,1)
(3113,3)
(2121,2)
(2808,4)
(1775,1)
(2392,7)
(154,1)
(3145,7)
(42,4)
(2507,6)
(2427,10)
(3288,9)
(2910,1)
(4115,8)
(100,1)
(1109,2)
(3927,9)
(3944,2)
(416,1)
(460,1)
(4421,2)
(1072,8)
(4765,10)
(1653,8)
(4776,4)
(226,1)
(1718,3)
(1839,4)
(2385,2)
(1378,2)
(3411,5)
(4143,9)
(4692,4)
(345,3)
(963,1)
(2009,2)
(3770,1)
(2072,4)
(4727,4)
(54,7)
(1777,3)
(2253,3)
(3336,3)
(940,8)
(1843,5)
(87,2)
(1500,7)
(696,6)
(3327,4)
(3364,4)
(3643,8)
(1646,5)
(4553,2)
(559,2)
(2474,3)
(2559,1)
(3520,3)
(868,7)
(906,5)
(4773,4)
(688,4)
(3279,4)
(2099,2)
(4180,5)
(436,2)
(853,5)
(907,5)
(4016,3)
(4113,8)
(2925,4)
(3582,3)
(640,2)
(1316,4)
(1849,4)
(1935,6)
(2542,7)
(664,7)
(4521,3)
(1780,2)
(2372,4)
(3831,2)
(4196,2)
(621,2)
(702,4)
(434,9)
(955,1)
(537,1)
(3318,4)
(703,4)
(973,9)
(2204,3)
(2968,3)
(144,9)
(4177,1)
(3435,1)
(4896,2)
(3223,3)
(4282,2)
(2268,2)
(4853,2)
(1496,3)
(4397,3)
(1465,4)
(4764,10)
(1690,1)
(3695,1)
(1791,3)
(4658,5)
(369,4)
(398,2)
(2642,3)
(1640,1)
(2327,5)
(1857,9)
(2596,1)
(3413,4)
(3886,3)
(869,7)
(2100,4)
(1833,1)
(2158,2)
(2316,3)
(2617,10)
(3278,4)
(1092,9)
(2663,10)
(697,6)
(2765,2)
(3434,1)
(268,4)
(1101,1)
(710,4)
(1881,2)
(778,2)
(2373,4)
(509,3)
(3926,9)
(2098,2)
(2437,2)
(4588,4)
(4030,8)
(71,10)
(2890,8)
(1790,3)
(2543,7)
(3347,8)
(3432,2)
(1278,2)
(2117,4)
(2093,9)
(4248,1)
(2761,4)
(2980,3)
(1178,9)
(3243,2)
(3082,2)
(3281,9)
(1240,9)
(3455,3)
(1810,10)
(2151,6)
(774,9)
(4401,4)
(3547,1)
(3604,3)
(443,4)
(4038,8)
(156,3)
(4559,1)
(2264,4)
(4068,6)
(4829,9)
(2694,1)
(3079,7)
(867,5)
(4600,10)
(1845,3)
(4958,3)
(2816,3)
(2871,4)
(137,4)
(2094,6)
(2037,3)
(2058,4)
(1575,9)
(1744,3)
(2228,1)
(4673,1)
(1797,3)
(3874,4)
(1639,2)
(1828,3)
(752,4)
(2394,3)
(3015,4)
(3798,4)
(4293,2)
(859,2)
(1356,1)
(4805,1)
(1868,8)
(3901,1)
(1489,1)
(2417,3)
(2658,4)
(503,3)
(3612,6)
(24,1)
(4067,6)
(3100,4)
(3875,4)
(47,1)
(344,3)
(524,9)
(2927,4)
(3508,3)
(3331,5)
(2556,3)
(3605,3)
(3688,3)
(4109,1)
(883,8)
(3404,2)
(2941,2)
(4264,4)
(363,6)
(1892,1)
(749,8)
(2618,4)
(13,3)
(2338,9)
(3378,3)
(3187,2)
(4504,2)
(2668,2)
(3211,10)
(473,5)
(772,1)
(2590,4)
(2621,9)
(3147,4)
(3290,3)
(808,9)
(831,3)
(2311,8)
(3101,4)
(3118,10)
(1354,3)
(3579,3)
(2226,4)
(4755,3)
(1385,4)
(1478,4)
(22,7)
(2991,2)
(1546,4)
(4839,3)
(1934,6)
(3083,2)
(2346,1)
(4275,1)
(3227,1)
(4786,4)
(792,2)
(3361,3)
(2976,3)
(3967,1)
(4472,2)
(2523,6)
(2690,6)
(4359,5)
(812,2)
(4211,4)
(269,4)
(3750,4)
(1908,3)
(3013,8)
(2049,3)
(2660,2)
(614,6)
(2051,5)
(3206,3)
(3463,1)
(750,5)
(841,2)
(1423,2)
(4450,1)
(2055,4)
(3690,6)
(299,2)
(4716,4)
(2604,7)
(3581,9)
(1368,6)
(1877,3)
(4797,5)
(535,4)
(3794,1)
(2331,9)
(2616,10)
(764,3)
(1563,9)
(164,3)
(875,2)
(1007,2)
(1436,3)
(2515,8)
(1327,8)
(4502,4)
(245,4)
(2729,3)
(744,7)
(4385,9)
(1889,2)
(3380,3)
(2634,3)
(4923,9)
(1687,1)
(2044,9)
(1026,6)
(3173,4)
(4616,5)
(1086,5)
(2585,8)
(913,3)
(2886,2)
(3266,5)
(4167,10)
(1077,2)
(1122,2)
(3329,6)
(3524,4)
(4429,2)
(1194,3)
(4781,5)
(1312,9)
(1315,5)
(2541,2)
(4234,4)
(2705,7)
(1890,8)
(3007,3)
(935,1)
(2318,4)
(4166,10)
(218,1)
(468,4)
(3551,9)
(4303,9)
(179,4)
(516,7)
(965,2)
(1352,2)
(1188,4)
(2599,4)
(1853,9)
(2724,3)
(2223,9)
(3778,1)
(37,4)
(1680,4)
(4951,10)
(3207,3)
(3900,1)
(547,6)
(630,3)
(237,10)
(1930,6)
(2215,5)
(4570,9)
(1364,2)
(3399,1)
(3636,2)
(4467,3)
(2162,2)
(3953,2)
(3561,7)
(3700,1)
(142,2)
(1683,3)
(254,3)
(3645,4)
(1551,7)
(4302,9)
(2134,8)
(2409,4)
(1781,2)
(2956,8)
(2764,2)
(3481,10)
(3558,4)
(2809,4)
(4922,9)
(1297,1)
(3350,4)
(3224,4)
(4059,4)
(2722,4)
(4855,2)
(3219,10)
(3280,9)
(34,10)
(4977,2)
(568,4)
(1433,1)
(3291,3)
(1570,5)
(4835,10)
(2500,6)
(4473,2)
(1126,9)
(4427,2)
(4795,6)
(2164,3)
(2647,10)
(70,10)
(1691,1)
(1747,9)
(4834,10)
(3248,2)
(2261,4)
(3782,10)
(2517,1)
(3906,9)
(1246,3)
(2825,8)
(4298,1)
(2113,1)
(2730,6)
(4265,4)
(813,2)
(1746,9)
(1636,10)
(4237,2)
(4454,3)
(1821,10)
(2444,10)
(2914,4)
(1247,3)
(1676,4)
(2988,3)
(4423,2)
(464,4)
(4099,4)
(219,1)
(934,1)
(3253,2)
(4140,2)
(647,3)
(2554,6)
(998,3)
(1244,1)
(2461,3)
(2489,10)
(2824,8)
(4084,1)
(4369,2)
(4653,1)
(3988,10)
(4731,7)
(1144,7)
(1611,2)
(3233,3)
(4318,3)
(23,7)
(3360,3)
(2067,4)
(4606,10)
(791,10)
(1936,1)
(172,3)
(4581,6)
(2731,6)
(1331,2)
(4844,2)
(477,5)
(2050,5)
(4279,10)
(2059,4)
(3480,10)
(1474,6)
(1745,3)
(1571,5)
(2374,2)
(794,10)
(2497,2)
(3421,2)
(1450,1)
(4697,5)
(873,4)
(1502,10)
(911,2)
(3846,2)
(2012,4)
(2551,3)
(2558,1)
(3677,2)
(742,6)
(1458,10)
(1296,1)
(3073,7)
(1271,2)
(4278,10)
(502,3)
(4249,1)
(380,3)
(1155,4)
(593,4)
(4066,6)
(986,2)
(3289,9)
(1933,4)
(2260,4)
(3328,6)
(3546,1)
(46,1)
(713,3)
(2442,1)
(2375,2)
(3218,10)
(1482,3)
(2065,2)
(837,3)
(2566,9)
(4087,2)
(4206,3)
(3676,2)
(4505,2)
(3087,4)
(3138,2)
(3436,3)
(3943,9)
(2070,3)
(2347,1)
(2036,3)
(2989,3)
(27,1)
(2524,4)
(1932,4)
(3467,1)
(395,3)
(1610,2)
(1592,8)
(3375,10)
(467,4)
(850,2)
(3033,3)
(529,3)
(3222,3)
(4435,8)
(4015,2)
(4782,9)
(2584,8)
(4613,9)
(4286,3)
(4339,10)
(3258,2)
(3671,3)
(1913,1)
(2184,4)
(4091,1)
(41,1)
(4482,2)
(4533,5)
(1452,3)
(2503,3)
(782,4)
(855,5)
(1204,1)
(4949,3)
(1049,4)
(1530,7)
(328,1)
(1846,3)
(2449,2)
(4979,5)
(2301,1)
(4106,3)
(478,2)
(2791,6)
(236,10)
(2843,9)
(1494,7)
(4583,2)
(815,3)
(4792,1)
(1211,7)
(146,1)
(571,3)
(3634,1)
(4769,8)
(1711,4)
(3788,2)
(933,9)
(2664,10)
(2936,2)
(760,8)
(1365,2)
(1493,4)
(4700,1)
(1629,2)
(3740,1)
(2793,6)
(4148,4)
(4790,7)
(505,3)
(3774,4)
(1556,1)
(3809,10)
(239,3)
(1100,1)
(3513,3)
(528,3)
(2651,4)
(771,4)
(1498,2)
(746,7)
(2983,9)
(872,4)
(4809,4)
(72,2)
(480,2)
(854,5)
(3055,3)
(50,4)
(1859,6)
(3555,5)
(3583,3)
(3588,8)
(570,3)
(1269,8)
(3078,7)
(1874,4)
(2595,4)
(1401,2)
(4842,7)
(526,2)
(2283,3)
(2353,2)
(3181,3)
(3456,5)
(1460,2)
(2745,6)
(2227,4)
(4006,1)
(2684,3)
(4363,5)
(1938,1)
(3731,1)
(726,1)
(3993,1)
(251,1)
(332,2)
(3398,1)
(920,7)
(1017,1)
(4557,2)
(4770,3)
(3819,8)
(3966,1)
(488,3)
(1397,1)
(2289,4)
(939,4)
(1063,8)
(1004,4)
(3617,3)
(4880,3)
(3573,7)
(4061,3)
(1876,3)
(2153,2)
(4182,4)
(408,10)
(1229,1)
(2805,10)
(4970,3)
(194,10)
(3457,5)
(3586,2)
(1624,4)
(2869,1)
(2632,1)
(4985,7)
(89,2)
(3410,5)
(1568,3)
(3363,8)
(780,1)
(4537,2)
(2894,1)
(3121,2)
(2095,6)
(2360,10)
(1079,3)
(3784,4)
(1553,10)
(4554,4)
(949,4)
(1396,1)
(1325,9)
(3130,1)
(1064,8)
(3395,3)
(1811,10)
(1252,2)
(2937,2)
(2538,3)
(4055,10)
(3157,10)
(4758,4)
(1669,2)
(3572,7)
(2868,1)
(3589,8)
(419,4)
(2138,1)
(4332,6)
(94,2)
(1508,6)
(4799,9)
(715,2)
(3028,2)
(763,1)
(1127,9)
(2760,4)
(2915,4)
(2578,1)
(4983,3)
(717,1)
(3560,7)
(1379,2)
(2146,3)
(263,8)
(4894,4)
(550,4)
(777,4)
(615,6)
(2638,1)
(1344,5)
(2329,8)
(4530,1)
(1213,8)
(3982,5)
(73,2)
(1574,9)
(4480,4)
(4285,1)
(4352,4)
(1550,7)
(4065,1)
(26,1)
(1081,2)
(1076,2)
(4443,2)
(185,3)
(3751,4)
(4704,2)
(1161,10)
(3724,2)
(149,9)
(1950,1)
(1967,3)
(2614,5)
(4314,3)
(4232,3)
(4659,5)
(1488,2)
(2659,1)
(4746,5)
(3090,1)
(4735,3)
(638,3)
(1939,1)
(922,3)
(3391,1)
(3954,3)
(1807,2)
(3000,3)
(779,2)
(2786,4)
(2555,6)
(4210,4)
(35,10)
(4119,1)
(4392,8)
(820,2)
(3591,5)
(874,2)
(3149,4)
(527,2)
(2448,2)
(654,6)
(2469,3)
(730,9)
(4889,5)
(1528,4)
(2132,1)
(2231,1)
(783,4)
(4798,9)
(1195,3)
(2820,1)
(2862,10)
(476,5)
(810,3)
(4573,3)
(4556,2)
(4841,4)
(1412,4)
(3797,3)
(1835,3)
(3032,3)
(3783,10)
(753,4)
(3792,2)
(29,2)
(1217,2)
(2462,2)
(2343,4)
(2370,4)
(2762,7)
(435,9)
(3388,6)
(2455,1)
(4476,6)
(3997,4)
(1119,9)
(1332,4)
(318,5)
(2591,4)
(3326,4)
(4231,3)
(2669,2)
(3698,1)
(1191,3)
(3152,4)
(1459,10)
(3242,2)
(1902,8)
(3987,2)
(80,4)
(1918,3)
(3029,2)
(4730,7)
(97,8)
(3352,10)
(4976,2)
(2700,9)
(4451,1)
(471,4)
(3622,1)
(1448,9)
(2335,2)
(2280,4)
(3815,8)
(2116,4)
(3847,2)
(633,7)
(2484,1)
(2154,3)
(4304,4)
(4813,2)
(4069,6)
(4868,3)
(1317,4)
(3989,10)
(4772,4)
(2328,8)
(2682,1)
(3629,2)
(176,8)
(3107,3)
(1976,2)
(4891,3)
(3832,6)
(5003,7)
(362,6)
(4047,4)
(4176,1)
(4605,1)
(1875,4)
(4638,3)
(1120,10)
(4083,2)
(2898,4)
(4543,1)
(3440,1)
(4295,2)
(75,6)
(2662,10)
(3571,7)
(168,4)
(437,2)
(1326,8)
(2175,2)
(1788,3)
(3059,4)
(2781,1)
(3578,3)
(174,6)
(490,1)
(557,1)
(334,7)
(1755,2)
(2428,1)
(2985,4)
(3577,4)
(4230,3)
(3826,7)
(4493,2)
(290,3)
(3779,1)
(3405,2)
(451,7)
(2942,2)
(330,4)
(3403,2)
(2636,2)
(4633,2)
(2919,4)
(3348,4)
(1534,2)
(4327,3)
(2218,4)
(2225,1)
(2187,6)
(4840,4)
(2779,4)
(3532,3)
(4639,3)
(1963,4)
(2436,2)
(4365,3)
(438,1)
(639,3)
(3760,4)
(1741,4)
(2780,1)
(1467,2)
(1834,3)
(1677,4)
(2052,4)
(3237,8)
(4928,3)
(2368,5)
(2495,2)
(2964,2)
(3315,3)
(2452,10)
(3761,4)
(937,1)
(1366,1)
(1806,2)
(2981,3)
(1402,8)
(3441,1)
(52,1)
(569,4)
(735,9)
(1844,3)
(2196,2)
(4719,3)
(2592,4)
(5007,6)
(3535,4)
(4098,4)
(2352,2)
(2751,6)
(2312,4)
(4027,1)
(4377,9)
(863,10)
(2646,10)
(1518,3)
(3957,4)
(2413,1)
(2715,2)
(4828,9)
(2782,8)
(2878,1)
(3159,4)
(4307,5)
(1215,2)
(3522,1)
(103,3)
(1339,3)
(3394,3)
(122,4)
(4447,2)
(1403,8)
(4506,4)
(489,3)
(556,1)
(1313,9)
(3146,4)
(2200,2)
(4547,2)
(1566,10)
(2798,4)
(4995,10)
(915,4)
(3904,3)
(3086,4)
(3267,5)
(2667,4)
(4112,8)
(2323,2)
(2593,4)
(1748,7)
(3791,4)
(1258,3)
(1837,4)
(1447,1)
(2714,2)
(2486,10)
(4005,3)
(4046,4)
(4771,3)
(3523,1)
(501,3)
(2872,3)
(272,1)
(3313,8)
(3074,2)
(4869,3)
(2799,4)
(3089,3)
(4254,1)
(1991,9)
(3876,3)
(507,10)
(3080,3)
(626,10)
(4478,2)
(3934,1)
(4291,8)
(924,2)
(2759,4)
(3908,1)
(1616,3)
(4929,3)
(2310,8)
(4479,2)
(371,3)
(4208,1)
(1124,2)
(3493,4)
(3866,4)
(33,6)
(4202,3)
(1490,2)
(4037,3)
(2613,2)
(4008,10)
(512,4)
(4507,4)
(10,4)
(4127,6)
(989,1)
(3362,8)
(1277,6)
(3234,2)
(4752,7)
(675,8)
(1576,5)
(305,4)
(2896,3)
(1177,4)
(3576,4)
(1065,8)
(4734,3)
(4932,2)
(2887,2)
(2940,2)
(3921,3)
(30,2)
(513,4)
(2434,1)
(2987,8)
(3236,8)
(4181,5)
(166,10)
(4863,6)
(1143,2)
(31,2)
(1754,2)
(790,10)
(3023,4)
(2193,1)
(3308,4)
(2350,1)
(3021,1)
(1025,4)
(4900,6)
(3865,2)
(5000,1)
(1671,2)
(1960,2)
(3225,4)
(3284,2)
(530,4)
(1222,4)
(4191,4)
(1529,4)
(4550,10)
(578,3)
(2603,1)
(3528,10)
(3935,1)
(3594,6)
(5001,1)
(289,7)
(2408,4)
(966,2)
(1319,4)
(4741,2)
(2737,5)
(3754,1)
(4986,7)
(1355,3)
(4400,4)
(2209,2)
(2678,3)
(642,2)
(1209,3)
(2548,3)
(4643,3)
(1314,5)
(1954,1)
(2015,1)
(663,1)
(3730,1)
(866,5)
(1685,4)
(3661,10)
(4740,2)
(3658,3)
(4689,1)
(804,2)
(4747,5)
(948,4)
(4893,10)
(358,2)
(1311,2)
(2839,7)
(4458,3)
(291,3)
(4512,2)
(1156,2)
(3367,8)
(1600,5)
(4785,4)
(2478,2)
(4915,6)
(3600,1)
(3649,5)
(143,2)
(3460,9)
(95,2)
(2420,7)
(499,4)
(1548,2)
(2675,8)
(4518,1)
(3648,5)
(4807,1)
(1078,3)
(3303,5)
(806,4)
(1306,4)
(3321,3)
(618,4)
(2091,8)
(504,3)
(643,2)
(3132,8)
(4607,10)
(211,4)
(3862,10)
(737,6)
(1420,4)
(1625,4)
(1658,5)
(102,3)
(2351,1)
(4601,10)
(627,10)
(4532,5)
(323,5)
(3184,1)
(439,1)
(4218,1)
(227,1)
(1738,4)
(1776,3)
(1887,2)
(2000,2)
(1070,3)
(3977,4)
(4272,4)
(4483,2)
(900,4)
(1657,3)
(1710,4)
(2190,8)
(2071,3)
(2287,4)
(4162,2)
(2796,10)
(3259,2)
(405,4)
(2672,2)
(602,4)
(603,4)
(5002,7)
(901,4)
(2600,2)
(2140,4)
(4661,1)
(1729,2)
(2906,3)
(1514,3)
(2903,1)
(1880,2)
(2619,4)
(3833,6)
(4558,1)
(1975,5)
(1684,4)
(4149,4)
(410,1)
(4229,4)
(1232,4)
(2725,3)
(1515,3)
(4256,1)
(28,2)
(745,7)
(1850,3)
(4019,1)
(4074,6)
(74,6)
(1819,9)
(3917,9)
(4372,5)
(610,3)
(2653,5)
(283,2)
(2470,2)
(3214,2)
(3268,3)
(4225,5)
(4350,1)
(157,3)
(802,5)
(3221,4)
(3570,7)
(2696,4)
(4625,8)
(652,4)
(4373,5)
(359,2)
(2688,2)
(2115,1)
(3793,2)
(4002,10)
(406,4)
(2777,4)
(506,10)
(2406,4)
(2697,4)
(623,2)
(136,4)
(1637,10)
(2112,1)
(3748,4)
(3999,4)
(653,4)
(967,2)
(1456,10)
(541,2)
(4544,3)
(677,2)
(1668,2)
(2689,2)
(4881,3)
(4914,6)
(250,1)
(2463,2)
(519,4)
(3568,1)
(1457,10)
(2498,3)
(1725,1)
(1808,4)
(698,2)
(2912,6)
(2520,7)
(2815,4)
(1303,5)
(3686,4)
(4111,3)
(4274,1)
(255,3)
(3742,1)
(3454,3)
(4777,4)
(1139,6)
(3687,4)
(4028,2)
(288,7)
(2271,10)
(4491,4)
(4664,1)
(2269,2)
(2396,2)
(2674,8)
(2752,2)
(3543,1)
(1159,2)
(3696,2)
(422,5)
(1863,3)
(2473,9)
(1689,9)
(4916,9)
(204,1)
(3775,4)
(1043,10)
(3096,1)
(267,2)
(2454,1)
(3006,3)
(3905,3)
(921,7)
(1134,4)
(1928,3)
(2421,7)
(3255,1)
(4810,4)
(999,3)
(1307,4)
(3358,1)
(327,1)
(3112,3)
(2229,1)
(1167,4)
(4468,6)
(3647,3)
(3726,6)
(2624,9)
(3085,9)
(2003,4)
(1382,1)
(3595,6)
(2806,3)
(3333,8)
(3848,3)
(138,1)
(2237,2)
(158,10)
(1885,6)
(734,9)
(3385,7)
(453,3)
(2579,1)
(4968,8)
(60,2)
(1151,2)
(1444,1)
(2735,8)
(2026,3)
(2623,3)
(4216,3)
(1862,3)
(3625,4)
(3928,2)
(440,2)
(3929,2)
(3669,9)
(2841,3)
(3016,9)
(2211,4)
(2998,4)
(276,3)
(441,2)
(1591,6)
(2430,4)
(3188,3)
(277,3)
(2458,4)
(838,6)
(2299,7)
(3193,5)
(4266,8)
(4345,3)
(4418,7)
(932,9)
(4693,4)
(1827,3)
(3356,2)
(1907,3)
(2950,6)
(364,3)
(3437,3)
(1740,4)
(1742,1)
(2637,2)
(1445,1)
(1462,1)
(2266,9)
(310,10)
(2665,10)
(257,8)
(1486,4)
(684,10)
(1619,3)
(4142,9)
(738,4)
(2085,2)
(2852,3)
(274,7)
(2771,6)
(2412,1)
(3955,3)
(2273,3)
(4930,4)
(3587,2)
(1390,7)
(4057,4)
(1160,10)
(3757,1)
(2245,4)
(4980,4)
(3559,4)
(3620,3)
(4064,1)
(4831,4)
(481,2)
(2901,1)
(4998,2)
(3108,4)
(3709,9)
(4584,3)
(4701,1)
(498,4)
(3799,4)
(1593,8)
(3972,4)
(2441,9)
(4310,6)
(457,10)
(2744,6)
(4192,3)
(4975,3)
(213,1)
(904,2)
(3920,3)
(4117,6)
(1638,2)
(3569,1)
(4242,2)
(1980,1)
(3141,2)
(482,2)
(3867,4)
(3106,3)
(3949,9)
(1829,3)
(2238,1)
(296,7)
(475,8)
(616,7)
(3353,10)
(4892,10)
(754,4)
(2443,1)
(2959,1)
(1901,3)
(2544,4)
(2161,5)
(3502,3)
(1959,3)
(3756,1)
(2718,10)
(4541,4)
(515,10)
(3470,4)
(1756,2)
(2679,3)
(470,4)
(3719,9)
(3711,1)
(3712,3)
(1577,5)
(1734,9)
(617,7)
(962,1)
(2958,1)
(3299,3)
(3787,2)
(2107,7)
(3857,1)
(4670,7)
(1338,3)
(1929,3)
(1948,3)
(2039,1)
(1891,8)
(425,2)
(2954,4)
(1035,3)
(4453,1)
(4654,3)
(188,2)
(300,3)
(459,8)
(1121,10)
(3182,7)
(2836,3)
(4655,3)
(3801,5)
(4660,1)
(3316,2)
(4745,4)
(1521,3)
(3758,4)
(4110,3)
(2588,4)
(4205,1)
(4116,6)
(4703,3)
(409,10)
(2692,5)
(1019,2)
(2860,8)
(375,9)
(1142,2)
(2902,1)
(2864,3)
(3298,3)
(4728,4)
(1802,2)
(2837,3)
(1549,2)
(4292,2)
(1803,2)
(2188,1)
(2435,1)
(3710,1)
(3816,4)
(2367,1)
(4118,1)
(1941,1)
(4522,1)
(795,10)
(1696,8)
(1858,6)
(1973,1)
(4496,2)
(926,1)
(4125,1)
(4224,5)
(2521,7)
(3039,3)
(4384,9)
(2189,1)
(3063,4)
(4158,1)
(646,3)
(1145,7)
(238,3)
(1223,4)
(123,4)
(2792,6)
(2955,4)
(674,8)
(3133,8)
(426,4)
(3913,3)
(1214,2)
(2035,6)
(781,1)
(4846,4)
(2302,2)
(3449,2)
(960,10)
(3451,2)
(2303,2)
(2704,7)
(3488,1)
(3668,9)
(1394,2)
(2565,1)
(3837,6)
(3838,3)
(1463,1)
(3402,2)
(1273,2)
(3670,3)
(2159,2)
(2812,5)
(4257,1)
(4624,8)
(3448,2)
(3727,6)
(150,1)
(2783,8)
(3821,9)
(4150,2)
(36,4)
(4031,8)
(4787,4)
(2817,3)
(3660,10)
(1841,4)
(4872,10)
(270,10)
(4495,5)
(1523,5)
(2172,7)
(3947,4)
(4203,3)
(178,4)
(3163,2)
(361,7)
(1506,5)
(1270,2)
(3897,1)
(3026,6)
(4501,2)
(374,9)
(4273,4)
(2797,10)
(2846,7)
(1569,3)
(3048,4)
(600,9)
(4873,10)
(1435,5)
(2324,6)
(624,6)
(1000,5)
(2961,9)
(3504,5)
(3424,1)
(3796,3)
(3931,10)
(209,6)
(3120,2)
(275,7)
(3282,7)
(1461,2)
(2920,1)
(4742,2)
(2086,1)
(2963,3)
(1470,3)
(1953,2)
(208,6)
(2597,1)
(1598,4)
(2423,1)
(2785,10)
(4362,5)
(4446,2)
(662,1)
(4305,4)
(253,3)
(2698,4)
(3950,2)
(181,2)
(3418,2)
(1856,9)
(2433,7)
(2032,3)
(2905,4)
(2918,4)
(4093,3)
(3447,1)
(4686,9)
(2895,1)
(4364,3)
(1176,4)
(2155,3)
(830,3)
(2851,3)
(2921,1)
(4244,3)
(1805,1)
(4876,3)
(2133,1)
(4484,4)
(234,9)
(1879,3)
(2432,7)
(4053,4)
(1817,4)
(2602,1)
(1495,7)
(2858,8)
(546,6)
(2947,1)
(320,9)
(1905,4)
(2025,4)
(4219,1)
(3590,5)
(18,2)
(1997,8)
(877,5)
(1538,3)
(313,3)
(1596,9)
(793,2)
(840,2)
(140,8)
(2053,4)
(383,10)
(3330,5)
(2450,3)
(337,4)
(631,3)
(2990,2)
(2033,3)
(2166,5)
(2075,1)
(2738,4)
(1943,2)
(3682,7)
(3251,2)
(4288,6)
(1886,2)
(2557,3)
(3986,2)
(4267,8)
(1522,5)
(3713,3)
(2776,4)
(4089,1)
(1818,9)
(4921,4)
(3542,1)
(3673,2)
(936,1)
(4135,1)
(311,10)
(3818,8)
(4707,4)
(776,4)
(1093,9)
(43,4)
(2016,4)
(1764,4)
(4466,3)
(4981,4)
(2230,1)
(4497,2)
(768,9)
(4283,2)
(1254,6)
(1693,3)
(3637,2)
(286,2)
(2949,1)
(3626,2)
(4123,1)
(3417,7)
(4804,1)
(1787,4)
(3304,10)
(295,2)
(993,1)
(2522,6)
(680,2)
(1537,2)
(3088,3)
(1123,2)
(1292,1)
(4190,4)
(724,2)
(4169,10)
(2045,9)
(3294,4)
(970,2)
(3345,7)
(461,1)
(2719,10)
(3516,2)
(1969,4)
(3512,3)
(163,2)
(3482,7)
(4413,6)
(4442,2)
(3853,4)
(4960,7)
(325,4)
(4358,5)
(4705,2)
(1453,3)
(3930,10)
(2546,4)
(4445,2)
(847,1)
(1614,9)
(3706,1)
(2506,6)
(3945,2)
(55,7)
(4412,6)
(266,2)
(4803,3)
(1434,5)
(3011,5)
(1027,6)
(1786,4)
(2904,4)
(4713,4)
(465,4)
(1532,2)
(1212,8)
(1615,9)
(4114,8)
(256,8)
(294,2)
(4255,1)
(3201,2)
(4882,3)
(1149,2)
(2911,1)
(4708,2)
(316,3)
(3344,7)
(4449,1)
(2410,9)
(2913,6)
(3200,2)
(4425,10)
(4540,4)
(1823,3)
(3002,4)
(846,1)
(1255,6)
(1651,4)
(2320,5)
(1968,4)
(2948,1)
(3517,2)
(1645,2)
(4122,1)
(233,6)
(2178,3)
(2249,1)
(3956,4)
(728,1)
(3911,2)
(386,8)
(531,4)
(3005,3)
(4174,2)
(886,1)
(3693,3)
(1226,3)
(4415,3)
(155,1)
(2224,1)
(4709,2)
(4820,1)
(1399,1)
(3216,4)
(1692,3)
(1765,4)
(4448,1)
(1475,6)
(1714,6)
(2900,1)
(4201,4)
(1045,4)
(4424,10)
(1293,1)
(4420,2)
(202,1)
(3651,3)
(811,3)
(4226,1)
(2451,3)
(2179,3)
(3408,4)
(4679,5)
(567,4)
(1466,2)
(3272,9)
(4481,4)
(1068,3)
(1407,10)
(4617,5)
(929,4)
(1102,4)
(1820,10)
(566,4)
(1487,4)
(1567,10)
(864,2)
(1197,10)
(4565,2)
(971,2)
(4564,2)
(2248,1)
(3475,4)
(573,3)
(2734,8)
(1069,3)
(2244,4)
(3305,10)
(2398,3)
(3553,2)
(3171,1)
(3852,4)
(324,4)
(681,2)
(1196,10)
(3549,2)
(2001,2)
(2608,2)
(3824,1)
(4927,4)
(1697,8)
(2628,6)
(287,2)
(1044,4)
(1440,3)
(2384,2)
(2519,1)
(417,1)
(4994,10)
(215,2)
(3010,5)
(387,8)
(1406,10)
(1860,1)
(3239,3)
(411,1)
(2610,4)
(479,2)
(331,4)
(3646,3)
(3887,3)
(4854,2)
(1283,8)
(1602,5)
(2972,4)
(4905,8)
(196,8)
(2387,7)
(4258,1)
(1606,2)
(2899,4)
(942,1)
(3274,6)
(3749,4)
(1041,1)
(2510,3)
(1141,4)
(1726,1)
(741,9)
(4826,8)
(183,4)
(1359,8)
(3334,3)
(520,10)
(1251,8)
(3759,4)
(3425,1)
(4694,2)
(3679,10)
(4578,6)
(244,4)
(1525,9)
(673,2)
(1516,1)
(4045,10)
(4784,4)
(341,2)
(3230,6)
(1181,2)
(4440,4)
(1261,2)
(3428,4)
(3539,1)
(241,2)
(4500,2)
(2789,6)
(25,1)
(2336,10)
(800,6)
(3565,6)
(2337,10)
(3552,2)
(1464,4)
(1601,5)
(4945,1)
(2572,2)
(3545,1)
(540,2)
(1749,7)
(19,2)
(1778,1)
(3287,2)
(1878,3)
(2661,2)
(1257,9)
(1996,8)
(4814,5)
(3069,3)
(3642,8)
(4309,1)
(2322,2)
(3663,3)
(4626,4)
(767,3)
(4270,2)
(2010,2)
(4337,2)
(543,4)
(862,10)
(650,2)
(4827,8)
(894,10)
(2293,4)
(3429,4)
(3564,6)
(2377,4)
(4374,1)
(3043,6)
(4796,5)
(604,1)
(3585,3)
(14,9)
(1517,1)
(1055,3)
(1147,2)
(3186,2)
(90,1)
(347,1)
(1587,3)
(4984,7)
(1265,4)
(1800,9)
(493,3)
(4379,2)
(525,9)
(898,5)
(3610,4)
(281,4)
(766,3)
(2577,8)
(4222,1)
(382,10)
(3983,5)
(110,5)
(588,2)
(4903,3)
(720,4)
(969,2)
(1654,6)
(182,4)
(1779,1)
(3240,1)
(427,4)
(492,3)
(4407,4)
(2928,4)
(4001,5)
(76,4)
(881,2)
(1951,1)
(2034,6)
(918,10)
(4253,1)
(4789,1)
(4954,1)
(1585,3)
(3871,4)
(4794,6)
(2626,4)
(3765,2)
(389,4)
(1146,2)
(1094,2)
(1617,3)
(4022,3)
(1185,9)
(3300,3)
(801,6)
(4860,7)
(1481,4)
(1798,4)
(2386,7)
(3335,3)
(825,8)
(2169,10)
(2620,9)
(2739,4)
(418,4)
(3231,6)
(3984,4)
(4221,4)
(1762,1)
(3269,3)
(4406,4)
(2102,7)
(4025,4)
(2587,4)
(3870,4)
(141,8)
(691,2)
(3379,3)
(1073,8)
(4044,10)
(856,4)
(2465,6)
(3392,4)
(4887,4)
(1029,3)
(3342,4)
(4801,1)
(2932,3)
(4595,9)
(12,3)
(690,2)
(1801,9)
(4815,5)
(2319,4)
(3840,9)
(4592,2)
(1021,6)
(2726,3)
(458,8)
(1719,3)
(3960,4)
(762,1)
(4183,4)
(342,4)
(4271,2)
(1989,4)
(2721,1)
(4128,2)
(77,4)
(1922,4)
(3093,4)
(4076,4)
(3544,1)
(4383,2)
(2152,2)
(2573,2)
(3042,6)
(3050,9)
(4677,6)
(919,10)
(2276,2)
(4004,3)
(4529,2)
(388,4)
(651,2)
(2194,1)
(2383,7)
(558,2)
(4852,2)
(3909,1)
(4636,4)
(1336,9)
(4375,1)
(508,3)
(2017,4)
(2139,1)
(3396,2)
(4013,2)
(4749,4)
(4780,5)
(1095,2)
(2758,4)
(3486,2)
(4085,1)
(3035,10)
(4354,10)
(112,5)
(2103,7)
(2502,3)
(3717,10)
(1814,2)
(2475,3)
(1712,10)
(2627,4)
(4152,4)
(1256,9)
(1369,6)
(235,9)
(1342,8)
(4131,1)
(4320,4)
(1916,4)
(3169,1)
(3384,7)
(4959,3)
(576,1)
(1358,8)
(3241,1)
(1987,3)
(3114,7)
(1170,2)
(1391,7)
(189,2)
(1282,8)
(1543,10)
(2830,4)
(3685,3)
(4788,1)
(118,4)
(4023,3)
(58,4)
(4861,7)
(549,4)
(880,2)
(3974,3)
(625,6)
(2804,10)
(2728,3)
(4627,4)
(1977,2)
(3092,4)
(4024,4)
(44,3)
(4649,8)
(3124,7)
(3802,2)
(4259,1)
(740,9)
(1524,9)
(2657,3)
(4382,2)
(4865,3)
(2120,2)
(2635,3)
(3210,10)
(3699,1)
(1166,4)
(357,6)
(1184,9)
(148,9)
(2165,3)
(1713,10)
(3125,7)
(4124,1)
(672,2)
(4333,6)
(3208,4)
(4695,2)
(4864,3)
(2097,3)
(3058,4)
(3060,3)
(91,1)
(1700,10)
(430,3)
(3477,3)
(280,4)
(3753,3)
(683,4)
(2598,4)
(1260,2)
(3245,8)
(3990,3)
(885,10)
(343,4)
(4252,1)
(1040,1)
(2011,2)
(4955,1)
(4996,6)
(2201,2)
(4628,6)
(3390,1)
(3487,2)
(4637,4)
(2848,9)
(3959,7)
(548,4)
(1923,4)
(4133,3)
(431,3)
(2074,1)
(1337,9)
(4944,1)
(1673,4)
(3170,1)
(1809,4)
(4726,4)
(798,2)
(2511,3)
(5008,3)
(2222,9)
(2561,4)
(2995,2)
(2291,4)
(2550,3)
(4404,4)
(923,3)
(3386,1)
(340,2)
(2633,1)
(173,3)
(360,7)
(891,3)
(974,3)
(2339,9)
(4376,9)
(4153,4)
(2464,6)
(4321,4)
(1942,2)
(3529,10)
(197,8)
(1028,3)
(2788,6)
(2685,3)
(4830,4)
(3154,9)
(3519,3)
(1992,7)
(2547,4)
(3662,3)
(4593,2)
(4603,1)
(307,2)
(1946,4)
(1329,7)
(2042,4)
(1411,3)
(3820,9)
(2277,2)
(4878,2)
(1432,1)
(4073,2)
(229,10)
(3518,3)
(214,2)
(1375,9)
(536,1)
(1757,2)
(2221,4)
(4056,4)
(4902,3)
(1115,1)
(3844,1)
(2208,2)
(119,4)
(890,3)
(925,2)
(4370,8)
(4733,1)
(59,4)
(2994,2)
(1054,3)
(3139,2)
(4336,2)
(3155,9)
(4510,6)
(799,2)
(2002,4)
(4130,1)
(2483,7)
(4178,2)
(1763,1)
(3912,3)
(1622,3)
(2487,10)
(113,5)
(3286,2)
(1130,3)
(2589,4)
(2552,1)
(4877,3)
(3684,3)
(4469,6)
(1455,7)
(1702,2)
(3431,1)
(2641,1)
(3046,8)
(579,3)
(4052,4)
(3494,2)
(5009,3)
(3263,2)
(3562,5)
(857,4)
(4602,1)
(605,1)
(2680,9)
(1662,3)
(2889,3)
(3195,1)
(4888,5)
(910,2)
(1279,2)
(3150,7)
(3209,4)
(414,5)
(1897,2)
(786,2)
(3061,3)
(2068,4)
(3295,4)
(2096,3)
(4513,2)
(4245,3)
(1171,2)
(4308,1)
(2082,8)
(2755,4)
(1999,2)
(2829,3)
(3860,4)
(228,10)
(2061,2)
(4511,6)
(4732,1)
(1328,7)
(4297,9)
(835,2)
(3310,4)
(3845,1)
(4296,9)
(240,2)
(2399,3)
(1866,1)
(3575,1)
(401,9)
(2004,3)
(2005,3)
(3768,1)
(3027,6)
(4576,3)
(462,10)
(495,4)
(2645,2)
(2754,4)
(4711,1)
(1203,4)
(4214,2)
(2157,5)
(4822,10)
(2083,8)
(2930,4)
(1454,7)
(3140,2)
(4250,2)
(81,4)
(2029,7)
(2562,2)
(2362,2)
(4215,2)
(1112,1)
(1305,3)
(394,3)
(483,2)
(2150,6)
(1038,3)
(1513,4)
(3,3)
(3880,2)
(4768,8)
(2707,7)
(169,4)
(1236,3)
(186,4)
(1512,4)
(2403,1)
(3701,1)
(4062,4)
(4269,8)
(131,4)
(2156,5)
(2309,2)
(3932,3)
(2060,2)
(2363,2)
(4688,1)
(4843,7)
(4895,4)
(1608,1)
(2371,4)
(2402,1)
(1643,2)
(3952,2)
(1165,2)
(1224,1)
(1995,4)
(2380,8)
(2683,1)
(3951,2)
(2275,8)
(4946,4)
(2247,3)
(4204,1)
(284,3)
(2401,10)
(161,4)
(575,4)
(3628,2)
(4598,1)
(187,4)
(1056,3)
(4147,3)
(2344,4)
(2953,4)
(2246,3)
(4823,10)
(2109,2)
(350,10)
(4911,2)
(1023,7)
(2308,2)
(1422,2)
(3389,6)
(1016,1)
(2855,2)
(3102,2)
(4251,2)
(1761,4)
(4948,3)
(1371,8)
(3160,4)
(1205,1)
(2691,6)
(3550,9)
(1202,4)
(2043,4)
(945,1)
(1154,4)
(3273,9)
(3548,2)
(400,9)
(1473,1)
(2938,4)
(3161,4)
(3891,9)
(1472,1)
(4577,3)
(134,4)
(1519,3)
(865,2)
(1772,4)
(2939,4)
(3632,2)
(4938,8)
(3474,4)
(4175,2)
(1133,3)
(3680,4)
(2024,4)
(4145,2)
(931,4)
(2356,2)
(1062,8)
(4236,2)
(887,1)
(3376,2)
(3142,4)
(1201,2)
(4080,1)
(707,4)
(1048,4)
(2666,4)
(4461,2)
(128,1)
(1847,3)
(2136,1)
(2369,5)
(1087,5)
(1380,4)
(3893,6)
(4096,1)
(1966,3)
(2439,10)
(4455,3)
(595,3)
(2974,8)
(129,1)
(2411,9)
(2438,10)
(2488,10)
(2774,10)
(4699,10)
(1956,3)
(4247,6)
(747,7)
(4978,5)
(758,1)
(2203,1)
(2453,10)
(4144,2)
(111,5)
(909,1)
(2130,1)
(1468,5)
(1659,5)
(1381,4)
(4612,9)
(2232,1)
(3607,9)
(2982,9)
(3143,4)
(259,4)
(4146,3)
(609,1)
(2354,2)
(560,10)
(4164,2)
(4763,3)
(2571,5)
(4974,3)
(3109,4)
(3153,4)
(4240,8)
(2306,9)
(4361,2)
(539,3)
(1604,3)
(1173,3)
(2648,3)
(2361,10)
(4702,3)
(3040,5)
(1022,7)
(4609,10)
(2020,2)
(4035,8)
(4901,6)
(2206,1)
(2649,3)
(93,3)
(1840,4)
(106,2)
(2041,3)
(3996,4)
(1084,1)
(2753,2)
(708,1)
(2969,3)
(153,4)
(2027,3)
(4368,2)
(121,3)
(2414,8)
(1599,4)
(4184,2)
(1509,6)
(3340,5)
(4848,4)
(4957,2)
(2210,4)
(3806,1)
(3883,4)
(2710,1)
(3427,3)
(3786,2)
(4729,4)
(3049,4)
(4238,4)
(3697,2)
(4634,2)
(2505,6)
(3856,1)
(552,2)
(1275,1)
(2313,4)
(3012,8)
(1589,4)
(3884,6)
(3180,3)
(3655,6)
(3964,4)
(496,1)
(1289,10)
(1182,6)
(3623,1)
(2415,8)
(4036,3)
(1322,7)
(2040,3)
(2141,4)
(297,7)
(4548,2)
(1631,4)
(3948,9)
(1367,1)
(3672,2)
(381,3)
(2340,3)
(258,4)
(1595,3)
(3030,3)
(3065,3)
(775,9)
(1005,4)
(3708,9)
(301,3)
(448,2)
(565,5)
(1752,10)
(2108,2)
(4389,4)
(1052,7)
(3915,3)
(4338,10)
(2440,9)
(2845,1)
(807,4)
(3723,9)
(4260,3)
(1113,1)
(2342,4)
(1504,1)
(2105,8)
(1158,2)
(4509,2)
(1940,1)
(3830,2)
(4003,10)
(160,4)
(293,1)
(1994,4)
(2199,9)
(584,4)
(3017,9)
(2286,4)
(4515,3)
(2185,4)
(2622,3)
(4753,7)
(1039,3)
(1383,1)
(4009,10)
(4816,3)
(1253,2)
(4322,2)
(1431,1)
(3228,9)
(372,1)
(1476,6)
(2177,2)
(404,4)
(2295,2)
(3420,2)
(1042,10)
(2709,3)
(92,3)
(373,1)
(2191,8)
(4622,2)
(463,10)
(1180,2)
(941,8)
(32,6)
(561,10)
(1428,4)
(2699,4)
(2706,7)
(4172,2)
(2106,7)
(2479,2)
(260,9)
(2345,4)
(2563,2)
(2532,5)
(2813,5)
(1225,1)
(3616,3)
(4671,7)
(2644,2)
(3515,10)
(1250,8)
(4163,2)
(1884,6)
(2307,9)
(3104,2)
(3235,2)
(1262,4)
(4159,1)
(4058,4)
(4063,4)
(292,1)
(377,6)
(3881,2)
(1477,6)
(2834,1)
(3359,1)
(130,4)
(1131,3)
(2485,1)
(4762,3)
(2570,5)
(3229,9)
(69,2)
(2770,6)
(852,5)
(2101,4)
(3609,3)
(1172,3)
(3179,7)
(1148,2)
(1838,4)
(3707,1)
(2673,2)
(2962,3)
(385,4)
(1491,2)
(3038,3)
(1395,2)
(1424,10)
(3940,6)
(4775,1)
(252,3)
(1361,4)
(3514,10)
(199,4)
(1053,7)
(4494,5)
(2460,3)
(2853,3)
(3537,9)
(2533,5)
(3426,3)
(1135,4)
(1642,2)
(739,4)
(4706,4)
(1216,2)
(4187,2)
(198,4)
(3212,9)
(4197,2)
(2885,2)
(3942,9)
(2285,2)
(4026,1)
(3939,4)
(3189,3)
(3472,3)
(601,9)
(2835,1)
(3722,9)
(1919,3)
(2952,4)
(4173,2)
(3864,2)
(4817,3)
(1075,1)
(3574,1)
(3691,6)
(4710,1)
(2216,1)
(3213,9)
(4456,2)
(152,4)
(2977,3)
(365,3)
(3596,3)
(2652,5)
(3473,3)
(1584,3)
(1739,4)
(1249,3)
(2422,1)
(2957,8)
(637,5)
(2274,8)
(1304,3)
(3635,1)
(3270,2)
(4217,3)
(2840,3)
(3907,9)
(3105,2)
(3536,9)
(3275,6)
(3438,4)
(1981,1)
(2198,9)
(665,7)
(2882,4)
(2018,1)
(4931,4)
(632,7)
(4071,4)
(4165,2)
(48,10)
(1949,3)
(351,10)
(622,2)
(655,6)
(1520,3)
(3667,2)
(4542,1)
(1978,10)
(2217,1)
(1274,1)
(1321,9)
(1323,7)
(3014,4)
(4523,1)
(889,5)
(2160,5)
(4072,2)
(2135,8)
(2358,3)
(3464,2)
(3941,6)
(1387,1)
(2,3)
(2054,4)
(2931,4)
(4910,2)
(1190,3)
(1630,4)
(3439,4)
(4268,8)
(487,3)
(2366,1)
(1912,1)
(4514,3)
(4997,6)
(592,4)
(3769,1)
(4642,3)
(4849,4)
(564,5)
(1091,2)
(1238,2)
(4499,10)
(1179,9)
(2252,3)
(943,1)
(2612,2)
(954,1)
(3337,3)
(714,2)
(755,4)
(1360,4)
(424,2)
(4933,2)
(1767,9)
(1848,4)
(2701,9)
(4964,7)
(366,3)
(3500,10)
(3969,4)
(107,2)
(1974,5)
(2496,2)
(4856,1)
(4965,7)
(494,4)
(4837,9)
(2182,3)
(4857,1)
(1245,1)
(1276,6)
(2176,2)
(2183,3)
(4942,3)
(1609,1)
(1429,4)
(1612,4)
(4943,3)
(1183,6)
(4520,3)
(1613,4)
(3196,9)
(368,4)
(2395,3)
(265,1)
(1656,3)
(88,2)
(1409,4)
(1057,3)
(3264,3)
(2147,3)
(4294,2)
(2104,8)
(3933,3)
(335,7)
(2756,3)
(619,4)
(2468,3)
(1318,4)
(2757,3)
(1430,1)
(1979,10)
(2870,4)
(3601,1)
(1731,9)
(3938,4)
(2601,2)
(2814,4)
(4157,4)
(1272,2)
(4806,1)
(78,1)
(3501,10)
(4690,3)
(1218,1)
(2359,3)
(2847,7)
(4018,1)
(1505,1)
(1882,4)
(3484,1)
(4426,2)
(4999,2)
(1219,1)
(4186,2)
(3916,9)
(4075,6)
(2317,3)
(3654,6)
(1302,5)
(2499,3)
(3527,2)
(1722,4)
(4029,2)
(2234,3)
(4193,3)
(1723,4)
(2472,9)
(1164,2)
(3041,5)
(1664,9)
(4431,1)
(175,6)
(4334,3)
(4691,3)
(1665,9)
(3992,1)
(1239,2)
(1541,4)
(3178,7)
(727,1)
(2236,2)
(2686,3)
(3271,2)
(4774,1)
(139,1)
(2163,2)
(3624,4)
(1421,4)
(2516,1)
(2630,3)
(1830,2)
(2235,3)
(2883,4)
(2459,4)
(3592,3)
(521,10)
(1540,4)
(685,10)
(2842,9)
(914,4)
(4791,7)
(1492,4)
(1931,6)
(1730,9)
(2090,8)
(2144,5)
(4585,3)
(1090,2)
(2207,1)
(466,4)
(1715,6)
(2518,1)
(4939,8)
(249,6)
(456,10)
(2114,1)
(2643,3)
(980,2)
(3285,2)
(2087,1)
(3718,9)
(4743,2)
(1909,3)
(4608,10)
(399,2)
(611,3)
(3800,5)
(4034,8)
(514,10)
(2239,1)
(79,1)
(1248,3)
(1034,3)
(3471,4)
(636,5)
(3401,3)
(4246,6)
(4685,1)
(1832,1)
(2865,3)
(177,8)
(2084,2)
(3320,3)
(4323,2)
(2504,6)
(4684,1)
(4947,4)
(1869,8)
(3462,1)
(2967,4)
(4088,1)
(667,4)
(1186,2)
(312,3)
(1921,4)
(1037,10)
(2330,9)
(222,8)
(3311,4)
(147,1)
(2594,4)
(1187,2)
(1384,4)
(20,5)
(2703,9)
(765,3)
(1210,7)
(1699,9)
(4756,9)
(231,6)
(1926,8)
(751,5)
(1562,9)
(1300,2)
(1559,2)
(666,4)
(1479,4)
(1404,3)
(3459,6)
(2984,4)
(4395,4)
(2062,1)
(2393,7)
(1036,10)
(4757,9)
(2272,3)
(4635,2)
(689,4)
(1920,4)
(1698,9)
(2063,1)
(596,2)
(4555,4)
(1230,3)
(4475,1)
(2305,7)
(3746,2)
(1301,2)
(1552,10)
(1547,4)
(2854,2)
(1557,1)
(2212,4)
(2807,3)
(518,4)
(1241,9)
(1588,4)
(4393,8)
(3374,10)
(4465,1)
(497,1)
(1438,1)
(3597,3)
(4452,1)
(2064,2)
(4489,4)
(326,1)
(397,5)
(2580,2)
(3885,6)
(2743,1)
(3458,6)
(1750,10)
(2583,6)
(712,3)
(1237,3)
(1074,1)
(3843,1)
(2446,3)
(2951,6)
(3165,3)
(3254,1)
(1826,3)
(4405,4)
(590,2)
(1105,9)
(449,2)
(3538,1)
(2802,2)
(3743,1)
(3097,1)
(4474,1)
(2262,6)
(2213,4)
(2416,3)
(159,10)
(2742,1)
(2192,1)
(2935,4)
(1626,10)
(4239,4)
(1137,10)
(1320,9)
(577,1)
(3946,4)
(4941,3)
(3062,4)
(3729,2)
(2066,4)
(3117,4)
(997,3)
(3644,4)
(1085,1)
(4940,3)
(3371,4)
(4508,2)
(2708,3)
(3889,2)
(1961,2)
(3164,3)
(905,2)
(4360,2)
(396,5)
(2057,2)
(49,10)
(1104,9)
(271,10)
(1906,3)
(1867,1)
(3842,1)
(591,2)
(2038,1)
(2549,3)
(4956,2)
(3332,8)
(553,2)
(3808,10)
(1751,10)
(3444,2)
(1439,1)
(4992,4)
(2447,3)
(4744,4)
(68,2)
(3283,7)
(120,3)
(3849,3)
(1370,8)
(1773,4)
(474,8)
(1483,3)
(135,4)
(3004,3)
(1900,3)
(2019,1)
(2545,4)
(3370,4)
(11,4)
(3888,2)
(2056,2)
(3859,3)
(851,2)
(992,1)
(1760,4)
(972,4)
(2205,9)
(2256,3)
(4549,2)
(2934,4)
(4739,2)
