317
41
1330250107
1330250284
1330250240
1330250168
1330250227
1330250329
1330250152
1330250300
1330250184
1330250283
1330250078
1330250136
1330250554
1330250175
1330250483
1330250274
1330250448
1330250330
1330250361
1330250302
1330250582
1330250243
1330250268
1330250169
1330250167
1330250313
1330250426
1330250200
1330250121
1330250470
1330250091
1330250392
1330250524
1330250341
1330250386
1330250279
1330250224
1330250401
1330250444
1330250325
1330250572
32
1330250054
1330250130
1330250354
1330250276
1330250178
1330250116
1330250321
1330250423
1330250057
1330250548
1330250311
1330250369
1330250292
1330250462
1330250345
1330250115
1330250219
1330250564
1330250275
1330250100
1330250383
1330250352
1330250176
1330250234
1330250158
1330250129
1330250414
1330250480
1330250350
1330250370
1330250068
1330250193
26
1330250312
1330250522
1330250117
1330250442
1330250073
1330250355
1330250567
1330250146
1330250309
1330250159
1330250418
1330250055
1330250086
1330250156
1330250288
1330250375
1330250166
1330250225
1330250198
1330250120
1330250358
1330250215
1330250244
1330250083
1330250393
1330250506
35
1330250482
1330250272
1330250157
1330250460
1330250412
1330250233
1330250334
1330250394
1330250562
1330250366
1330250190
1330250067
1330250478
1330250241
1330250186
1330250080
1330250108
1330250124
1330250154
1330250331
1330250269
1330250170
1330250140
1330250317
1330250246
1330250540
1330250340
1330250060
1330250500
1330250211
1330250328
1330250253
1330250111
1330250557
1330250364
10
1237293056
1237293049
1237293050
1237293062
1237293052
1237293081
1237293078
1237293080
1237293084
1237293076
42
1237295860
392953383
718771591
718771576
1231321870
402741788
402741790
1232569164
1232569122
1232569153
392953691
402740109
402740870
402740872
402740875
402740877
402740883
1231360283
1231360275
1231360273
1231360281
1231360277
464758657
1232569170
392953501
392953465
1232540740
1232540776
1232540767
1232540773
1232540764
1232540753
1232540723
1232540744
1232540721
464758656
1232540758
1237289840
1237293499
1237293079
1237293498
1237293500
0
3
1341967686
1341966126
404737659
0
2
1232540738
1232540756
100
26019655
26019971
26019975
26019978
998194997
26019982
998194485
998194366
26019986
998195195
26019989
998240512
1259871823
391276926
391276925
998240268
390064500
390064499
390064498
390064496
390064495
998240570
998240555
392953913
998240224
392953857
998240218
998240540
998240177
998240341
392953858
998240375
998240278
26019997
26019976
26019979
998195364
26019983
998194890
998195295
26019988
998194781
26019990
392953852
392953851
392953850
392953849
392953848
392953847
392953846
998240501
26019992
391276720
998240226
998240337
391276856
391276857
391276858
998240440
391276859
391276860
391276861
391276862
391276863
391276864
391276865
391276866
998240232
391276867
998240321
392953895
391276927
998240237
390064890
390064891
1259871802
390064892
1259871835
390064494
998240563
390064887
998240182
402746349
402746348
998240290
402746347
402746346
402746345
998240399
26019991
390064918
998240444
391277666
391277667
391277668
391277670
998240342
391277671
391277672
390064888
15
624265276
624265267
624265261
624265245
624265235
624265224
624265213
624265200
624265184
624265105
624265108
624265116
624265125
624265133
624265161
235
503706237
503706236
503706235
503706234
503706233
503706232
503706231
503706230
503706229
503706228
503706227
503706226
503706165
503706166
503706167
1272500915
1272500937
1272500930
1272500922
1110350197
503706314
1110350199
503706313
457553776
457553775
530710630
457553774
457553773
457553772
530710631
457553771
457553770
1110350195
718791373
503706312
503706311
503706310
718791567
503706309
718791668
503706201
718791770
718791778
718791789
718791797
503706272
503706269
503706268
503706267
503706266
503706265
482743757
482743758
482743759
482743760
482743761
482743762
482743764
482743765
503706263
503706262
503706261
503706260
503706259
503706258
503706257
503706256
503706293
503706294
503706295
503706297
503706298
503706299
503706300
503706301
503706302
503706304
503706305
503706306
503706307
503706308
1110350198
1110350192
718791662
718791649
1110350196
718791599
718791580
503706317
503706318
530710613
503706331
530710634
457553766
530710632
457553764
530710633
457553762
503706329
503706328
503706327
503706326
503706325
503706323
503706321
503706320
503706168
503706169
1110318544
503706171
503706172
503706173
1271574711
1271574704
1271574715
1271574717
1271574693
1271574719
1271616013
1271616022
1271616028
1271616016
1271616029
1271616019
1271616026
1271616032
1271616011
1271616023
1271616010
1271616036
1271616031
1271616015
1271616009
1271616021
1271616033
1271600878
1271600889
1271600886
1271600893
1271600877
1271600891
1271602272
1271602271
1271602269
1271600887
1271600879
1271600890
1271600876
1271600888
1271598250
1271574714
1271574709
1271574686
1271574687
1271574708
1271574702
1271574710
1271574696
1271574694
1271574712
1271574692
1271574718
1271574703
503706174
503706175
503706176
503706177
1271562002
503706180
503706181
503706182
503706183
503706184
503706185
503706186
503706187
503706188
503706189
503706190
503706191
503706192
503706193
503706194
503706195
503706196
503706197
503706198
503706199
503706200
503706202
503706203
503706204
503706205
503706206
503706207
503706208
503706209
503706210
503706211
503706212
503706213
503706214
503706215
503706216
503706217
503706218
503706219
503706220
503706221
503706222
503706223
503706225
503706224
503706289
503706288
503706280
503706277
503706274
503706273
503706290
503706291
503706238
503706239
503706240
503706241
503706242
503706243
503706244
503706245
503706246
503706248
503706249
503706251
503706253
503706254
5
1242340735
336969799
336969801
336969805
336969817
1
385013604
151
1167473317
1167473306
464755736
464755752
464755743
464755741
464755740
464755839
464755842
464755844
464755847
1131574742
1131574893
1131574883
1131574810
1131574761
1131574849
1131574864
1131574671
1131574829
1131574886
1131574897
1131574887
1131574736
1131574752
1131574831
1131574707
1131574788
1131574806
1131574875
1131574745
1131574825
1131574847
1131574895
1131574803
1131574872
1131574731
1131574874
1131574704
1131574733
1131574669
1131574760
1131574786
1131574863
1131574821
1167473333
1167473383
1167473343
1167473363
1167473301
1167473302
1167473335
1167473354
1167473351
1167473350
1167473368
1167473294
1167473342
1167473322
1167473348
1167473312
1167473381
1167473366
1167473385
1167473372
1167473364
1167473369
1167473367
1167473371
1167473378
1167473324
1167473326
1167473334
1167473357
1167473344
428671594
428671592
428671591
428671590
428671589
428671588
428671587
1030926708
1030926705
1030926707
410351546
1030926710
410351547
1030926704
1030926711
410351373
1103236582
410351382
410351381
410351380
410351379
410351377
1103236646
410351535
410351537
410351538
1103236606
1103236587
1030926683
410351542
410351550
410351549
410351548
1030926712
1103236595
1030926687
410351543
1030926685
410351544
410351545
428671585
428671586
464755878
1103236593
464755879
464755880
464755881
464755882
464755883
464755884
464755885
464755886
464755888
464755890
464755892
464755895
464755835
464755827
464755824
464755821
464755818
464755815
464755812
464755810
464755803
464755799
464755897
464755754
464755757
464755760
464755705
464755701
464755697
464755691
464755686
464755680
104
1030913373
1052276403
1052276981
1052276983
1052277640
1052277250
1052278388
1052277262
1052277411
1052277338
1052277859
1052277463
1052276427
1052277043
1052277501
1052276576
1052276542
1052276271
1052276628
1052277318
1052276743
1052276547
1103430963
1103430948
1052278300
1052278305
1052278185
1052276341
1052277224
1052277226
994138460
1052276348
1052276268
1052278102
1052276404
1052276256
1052276827
1052278520
1052276819
1052276666
1052277264
1052276627
1052277377
1052277827
1103430954
1103430984
1030922849
994136251
994136199
994138487
994137873
994136501
994137806
994137296
994138402
428671578
1103430949
428671577
428671576
1103430947
1103430932
1103430961
1103430986
1103431005
1103430989
1103430990
1103430960
1103430985
1103430971
1103430993
1103430934
1103430966
1103430992
994137025
994136076
994137583
994138090
994135665
994136619
994137675
994138221
994137454
994137950
994137737
994137602
994136113
994136923
1030913296
1030913253
1030913365
1030913235
1030913250
1030913246
1030913318
1030913221
1103430929
994138118
994137051
1030913357
1030913311
1030913309
1030913228
1030913290
1030913242
114
100166774
100166776
100166778
100166780
100166781
100166749
100166745
100168522
506297911
506297910
506297909
506296056
506296058
506296059
506296060
506296061
506296062
100168468
100168406
100168405
100168409
100168408
100168412
100168410
100168419
100168413
100168431
100168429
100168436
100168433
100168443
100168440
100168446
100168445
100168387
100168388
100168389
100168390
100168391
100174569
100174566
100174565
100174564
100174572
100174575
100174570
100174571
100174629
100174630
100174576
100174628
100174634
100174636
100174632
100174633
100174642
100174645
100174637
100174638
100168759
100168756
100168763
100168761
100168747
100168753
100168779
100168778
100168769
100168767
100168773
100168771
100168797
100174751
100174749
100174747
100174745
100174744
100174743
998240491
100168404
100168403
100168402
998240272
100168400
998240577
100168399
998240546
998240447
100168394
100168393
100168392
506297900
1232229607
506297902
506348130
506297904
506297908
506297907
506297895
506297897
507948430
100168478
100168476
100168474
100168471
100168457
100168453
100168463
100168448
100168447
100168452
100168449
100168513
100168516
34
1108247078
1108247117
1108247084
392954259
534833605
458580214
392954088
330341303
392954092
392954090
392954108
392954109
392954111
392954112
392954113
392954253
404737860
458580252
404737859
458580217
458580220
458580224
458580228
404737858
404737856
404737855
404737854
404737853
404737852
404737851
404737850
392954254
392954255
392954258
85
1103908510
1103908485
1103908498
1103908551
1103908535
1103908522
1103908502
1103908489
1103908542
1103908505
1103908514
1103908517
1103908520
1103908532
1103908526
1103908490
1103908524
1052276387
1136514773
1136514784
1131574857
1131574674
1131574865
1131574851
1131574769
1131574808
1131574823
1131574743
1131574730
1131574884
1131574759
1131574667
1131574894
1131574845
1131574911
1131574859
1131574837
1131574755
1131574871
1131574801
1131574779
1131574700
1131574747
1131574896
1131574885
1131574776
1131574856
1131574756
1131574840
1131574860
1131574912
1131574811
1131574881
1104600959
1104600972
1104600967
1104600963
1104600968
1104600958
1131574789
1131574681
1131574890
1104600961
1136514783
1103908533
1103908513
1103908501
1103908504
1103908539
1103908546
1103908488
1103908515
1103908519
1103908527
1103908544
1103908484
1103908496
1103908509
1103908523
1103908537
1103908483
1103908491
1103908487
1103908499
1103908511
0
5
330341298
330341299
330341300
330341301
330341302
0
3
392953689
392953688
356802770
316
1110673495
1110673503
1110673712
1110673695
1110673626
1110673586
1110673450
1110673416
1110673677
1110673636
1110673532
26020017
26020019
26020022
26020026
26020028
26020031
26020033
26020313
26020315
26020317
26020320
1110673531
1110673723
1110673705
1110673527
1110673554
403629115
403629116
403629118
403629119
1110673651
403629120
1110354858
403629122
403629123
403629927
403629928
390279667
464757278
464757275
1340357477
1340357557
1340357497
1340357474
1340357451
385009960
385009961
385009962
385009963
385009964
385009965
385009959
385009958
385009540
385009966
385009967
385009968
385009969
330341305
330341306
390280425
534833608
330341307
1340357524
534833609
534833610
390280658
1340357465
1340357494
1340357462
1340357476
1340357498
1340357530
1340357536
1340357446
1340357544
1340357551
1340357521
1340357493
1340357505
1340357473
1340357533
1340357449
1340357519
1340357496
1340357547
1167473321
464757272
464757269
464757267
464757260
464757258
464757254
464757250
464757245
1131574870
1131574699
1131574728
1131574799
1131574702
1131574784
1131574804
464757242
464757240
1110354869
1110354853
464757228
385008712
385008858
385008861
385008865
385008870
385008876
385008881
385008885
385010072
330341607
390280427
330341308
390280428
1340357470
1340357527
1340357509
1110673571
1110673473
1110673646
1110673550
1110673508
1110673713
1110673660
1110673643
1110673547
1110673552
1110673434
403629113
403629121
391651518
392954442
1110673519
1110673675
1110673693
1110673448
1110673496
1110673624
1110673548
1110673644
1110673661
1110673731
1110673419
1110673567
26020322
1110673484
330341309
402749046
402749052
330341310
403629964
1110673700
1103236635
26020347
1103236580
26020345
26020342
26020340
26020337
26020335
26020332
330341311
26020327
1110673514
1110673667
1110673652
1110673555
1110673529
1110673721
1110673726
1110673658
1110673639
1110673535
1110673490
1110673709
1105969488
1105969489
1105969470
1105969482
1105969478
1105969484
1105969418
1105969421
457547069
1105969492
457547060
457547123
457547116
457547090
457546983
457547006
457547001
1103236629
1103236617
457547435
1103236585
1103236648
457547448
457547455
457547477
1103236590
457547432
457547424
457546942
410351800
410351799
410351794
1103236642
410351795
410351796
410351797
410351798
1315886909
1315886917
1315886916
1315886922
1315886921
1315886935
1315886939
1110673637
1110673576
1110673692
1110673622
1110673668
1110673687
384987429
1110673632
384987432
457547386
457547382
457547327
457547337
457547341
457547347
457547354
698090402
457547315
457547362
1110673699
457547298
457547291
1242340729
384987434
457546997
330341468
26020323
26020018
26020020
26020025
26020027
26020029
26020032
26020034
26020314
26020316
26020319
26020321
1110673648
1110673715
1110673711
1110673497
1110673546
1110673642
1110673659
457547169
384987437
1110673691
390279556
390279555
390279554
390279553
1110673710
390279552
1110673730
390279551
1110673545
390279550
390279549
26020326
26020328
1110673457
26020346
26020343
26020341
26020338
26020336
26020333
26020331
1110673631
457547144
457547146
457547150
457547153
457547156
1110673533
391276631
391276633
391276635
391276636
391276637
391276638
391276639
391276640
330341455
1110673689
1110673694
1110673720
1110673404
1110673702
56
26018671
503706140
1032260690
503706141
503706142
503706143
503706144
503706145
503706146
503706147
503706148
1109624602
1109624603
503706149
719013678
719014070
719013643
503706157
503706156
503706155
503706154
503706153
503706152
503706150
1032260644
1032260736
1032260727
1032260725
1032260714
26018652
26018663
719013787
26018673
26018669
1032260650
719013779
719013772
1032260741
719013701
719013708
719013714
719013717
719013724
719013731
719013735
719013740
719013762
1032260702
1032260758
1032260646
1032260694
1032260719
1032260764
1032260705
1032260685
1032260658
11
458580283
1341967283
1232665838
1232665819
1232665834
1232665852
457515544
1232665826
458580269
458580275
458580276
37
1131574739
1131574710
1131574878
1131574754
1131574902
1131574690
1131574777
1131574888
1131574738
1131574753
1131574832
1131574725
1131574797
1131574813
1131574882
1131574778
1131574858
1131574869
1131574698
1131574861
1131574913
1131574701
1131574780
1131574891
1131574741
1131574757
1131574841
1131574677
1131574771
1131574791
1131574866
1131574748
1131574830
1131574853
1131574898
1131574833
1131574889
3
457516993
457516994
457516995
0
33
391648529
391648192
404735114
392954603
392954598
392954599
392954600
392954601
392954602
404735103
404735104
404735105
404735106
404735107
404735108
404735109
404735110
404735111
404735112
404735113
530710666
530710668
392953955
404735117
404735351
404735133
404735497
404735495
404735493
404735491
404735474
404735342
404735346
0
15
1030945266
1030945314
1030945306
1030945276
1030945272
1030945263
994137074
1030945308
994138456
1030945269
994137338
1030945317
1030945311
1030945256
1030945274
5
1112967246
1112966823
1112966948
814271259
1112967171
7
336969894
336969888
336969885
336969881
336969879
336969869
336969872
4
506297905
392953599
392953699
1237291488
3
1274939484
1274939496
1274939529
0
3
336969863
336969867
1242340718
19
399764079
399764075
391647750
391647752
391647753
399765472
399765481
399765494
399765499
399765504
399764071
399764068
399764062
399764058
399764055
399764051
391647754
391647812
391647835
0
0
2
410351786
410351784
1
391284760
11
336970026
336970030
336970058
336970060
336970042
336970038
336970045
336970049
336970034
336970050
336970052
68
403626878
385015085
384994722
384994723
384994724
384994721
383979511
403626650
403626649
403626648
403626647
383981899
390280982
390280983
390280984
456863207
390280985
390280986
390280987
456863173
456863171
456863170
390280988
456863191
456863189
383982442
456863199
456863198
456863243
456863242
456863241
456863239
383981895
383981892
383981556
383981555
383981554
385014566
385014565
385014564
385015087
385015093
385015091
385015089
403627340
403627339
403628172
403628171
403628170
403628169
403628168
456863186
456863185
403626892
403626891
403626877
456863180
456863216
456863214
456863213
456863223
456863222
456863220
456863225
456863227
456863228
383982411
403626762
23
385010594
385010589
1340357501
404735527
385010590
1110354851
1110354855
385010591
385010592
385010593
404737170
404737171
404737172
530710644
404737173
404737174
404737175
530710653
404737176
404737177
530710654
404737178
404737179
4
457546951
457546963
1110673557
457546977
19
100165894
100165898
100165899
100165902
100165881
100165885
100165888
100165890
100165872
100165916
100165913
100166216
100166213
100166204
100165904
100165906
100165909
100166626
998195278
18
1024974670
1024974480
1024974463
1024974392
1024974830
1024974440
1024974636
1024974771
1024974665
1024974669
1024974638
1024974783
1024974724
1024974577
1024974632
1024974618
1024974735
1024974620
2
391649015
391649014
3
391649009
391649012
391649011
0
20
26058944
26058942
26058941
26058940
26058939
26058754
26058753
26058752
1272432539
1272432647
1272432651
26058751
1272432634
1272432640
26058750
1272432601
1272432577
1272432618
26058749
26058748
1
26058746
19
1103236627
814271354
1103236637
329971157
1103236579
1103236641
1103236622
1103236602
329971158
1103236584
26020360
26020363
403618730
1103236619
403618726
1103236634
403618724
1103236650
403618722
5
26019999
26020001
26020004
26020006
26020008
5
26020013
26020000
26020002
26020005
26020007
51
1052277207
1052278361
1052277219
1052276280
1052276600
1052278036
1052277770
1052277156
1052277398
1052276738
1052276478
1052276621
1052278157
1052277825
1052277811
1052277730
1052276617
1052276613
1052277085
1052277929
1052277653
1052277595
1052276419
1330250222
1330250570
1330250373
1330250196
1330250523
1330250296
1330250074
1330250356
1330250179
1330250490
1330250324
1330250147
1330250432
1330250319
1330250563
1330250174
1330250351
1330250069
1330250248
1330250207
1330250385
1330250103
1330250278
1330250419
1330250132
1330250310
1330250545
1330250251
1
718791482
45
701134642
701134648
701134651
701134654
506348136
458580436
701143517
701143513
701089658
701175084
458580424
458580417
701191163
701002140
701169134
701169137
701005198
701002108
701169135
701169136
701180360
701167049
701002110
349946477
356803177
356803182
356803188
349946476
356803111
356802781
349946481
356802811
701143511
701089651
701089653
701089654
701048787
701048788
701089656
701175083
701002139
701048776
701048778
701048781
701048783
2
1274939524
1274939493
28
410351787
1103236591
464755870
464755708
464755717
464755769
464755771
464755773
1242340730
464755779
464755782
1105969415
464755867
464755869
464755871
1103236636
464755872
1103236621
464755873
1103236599
1103236581
1103236577
1103236639
1103236625
1103236608
1103236649
410351791
410351790
16
1024974809
1024974804
1024974467
1131574826
1131574805
1131574735
1131574706
1131574774
1131574687
1131574807
1131574876
1131574795
1131574868
1131574880
1131574723
1131574855
6
26018618
26018615
26018454
1103684016
1103684013
26018452
7
1330213756
1330213755
1330213779
1330213782
404734193
385010595
1330213753
1
1103684027
2
814271351
814271447
2
1274939516
1274939528
2
1274939515
1274939486
9
687060338
687060339
687060340
687060322
687060323
687060324
687060325
687060326
687060335
6
689479604
689479606
689479583
689479575
689479579
689479578
210
534823201
534823202
1284635483
1284635481
1272146135
1272146137
1272146122
1272146138
1272146139
1272146134
1272146126
1272158093
1272158090
1272158064
1272158091
1272158108
1272158081
1272158083
1272158089
1272158094
1272144876
1272146136
1272148945
1272148947
1272146123
1272475182
1272475184
1272475180
1272475192
1272475188
1274924412
503706164
503706163
503706162
503706161
503706160
1280615257
1271592766
1271592764
1280631300
1280631294
1280631298
1280631302
1280631295
1280631292
1280615256
1280621836
1280621833
1280621814
1280621822
1280621817
1280621820
1280618803
1280629078
1280629080
1280629075
1280629079
1280627869
1280618800
1280631297
1280631299
1280629575
1271594565
1271594567
1271594568
1272503547
1272503549
1272503548
1272501638
1272501639
1272501637
1272500924
1272500921
1272500938
1272500923
1272500949
1272500947
1272500920
1272500932
1272500935
1272500940
1272500917
1272500939
1272500941
1272484091
1068433662
1068433665
1272483366
1272483381
1272483354
1272483364
1272483353
1272483346
1068433651
1068433663
1272483371
1068433657
1068433667
1068433661
1068433658
1068433660
1068433656
1068433670
1068433654
1068433668
1068433650
1068433659
1068433652
1068433666
1068433669
1068433653
1068433655
1068433664
1272483369
1272495264
1272495246
1272495219
1272495228
1272495239
1272495262
1272495244
1272495241
1272495223
1272495217
1272495266
1272495259
1272495260
1272495237
1272495248
1272495242
1272495221
1272495267
1272495226
1272483344
1272483382
1272483370
1272499430
1272498915
1272498904
1272498912
1272498913
1272498914
1272498923
1272498910
1272498911
1272498920
1272498916
1272498922
1272498909
1272462362
1272462349
1272462385
1272462388
1272462352
1272462354
1272462375
1272462387
1272462356
1272483379
1272462386
1272462376
1272462363
534823161
534823162
534823166
534823163
534823164
534823168
534823169
534823170
1272466663
1272466660
1272466678
1272466671
1272466679
1272462370
1272462373
1272465313
1272468968
1272470998
1272470997
1272468971
1272483356
1274924411
1272483362
1272483349
1272483368
1274911977
1274911984
1274911988
1274911957
1274911973
1274911962
1274911979
1274911985
1272475186
1272483351
1272483367
534823171
1272465317
534823172
534823160
534823165
534823173
534823197
1272148948
1284635494
534823196
1272144875
1284635486
41
888393292
888393441
888393498
888393347
687028345
687028343
687028342
687028341
687028339
687028338
687028336
687028333
687028331
687028368
687028323
687028324
687028325
687028329
687060567
687060568
687060569
687060562
687060563
687060564
687060565
687060566
687060341
687060342
687060480
687060479
687060478
687060474
687060473
687060490
687060489
687060487
687060505
687060504
687060503
687060502
687060501
0
5
689479587
689479589
689479601
689479630
689479794
3
410351554
410351551
410351552
14
531585834
457553783
457553784
530710610
457553785
457553786
457553787
530710609
457553788
457553789
457553790
1173286513
457553791
1173286451
5
1274931548
1274931530
1274931541
1274931543
1274931546
2
1112966868
1112966917
8
1112966801
1112967251
1112966890
1112966963
1112966842
1112966865
1112967129
1112967276
13
457553808
1173286509
457553806
1173286498
1173286506
530789057
1173286517
530789058
1173286454
530789059
457553807
1173286477
1173286487
0
0
54
1315886929
1315886920
1315886938
1315886926
1315886914
1315886915
1315886918
336969780
336969777
336969772
1242340703
336969767
336969764
336969753
336969743
336969739
336969735
336969728
1315892675
1315892680
1315892705
1315892721
1315892702
1315892712
1315892720
1315892708
1315892685
1315892683
1315892682
1315892704
1315892664
1315892701
1315892696
1315892668
1315892673
1315892687
1315892666
1315886923
1315892663
1315892714
1315892727
1315892670
1315886924
1315887621
1315887622
1315887620
1315887624
1315886932
1315887618
1315887623
1315887614
1315887615
1315887613
1315887617
19
1167473389
1167473387
1167473328
1167473336
1167473355
1167473339
1167473332
1167473359
1167473305
1167473296
1167473379
1052277932
1052278367
1052277823
1052276971
1167473390
1167473304
1167473358
1167473300
14
410364066
410364067
410364068
410364069
410364070
410364071
410364072
410364073
410364074
410364075
410364076
384987410
384987412
410364078
4
1167473299
1167473291
1167473347
1167473388
9
1274939477
1274939491
1274939490
1274939507
1274939530
1274939502
1274939475
1274939510
1274939511
11
1232229613
1232229619
1232229598
1232229588
26019656
26019973
1232229634
1232229611
1232229590
1232229609
1232229594
5
1232229630
1232229592
1232229638
1232229628
1259871812
3
1271609165
1271609163
1271609164
15
390064447
390064448
385013746
385013745
689479797
385013744
385013743
689479803
385013742
385013741
385013751
385013750
385013749
385013706
385013748
0
0
20
1330651098
1330651039
1330651055
1330646805
1330646818
1330646823
1330646817
1330646807
1330646821
1330646806
1330646813
1330646819
1330646804
1330646803
1330646815
1330646811
1330646814
1330646809
1330646812
1330646822
2
1052276435
1052277814
4
336969647
336969679
336969676
336969660
0
0
1
265801162
0
6
1103236645
1103236592
26020358
1103236616
26020355
1103236644
0
4
1052277514
1052277374
1052277912
1052276665
1
1052277528
0
3
1271612666
1271612668
1271612669
1
392953719
0
0
3
1271614545
1271614546
1271614544
0
1
689479428
11
1103236598
26020348
1103236620
26020351
1103236576
26020354
1103236638
26020356
329971216
1103236624
26020361
0
11
26058957
26058956
26058955
26058954
26058953
26058952
26058951
26058950
26058949
26058946
26058947
6
1173241186
457553813
1173286481
457553811
1173286503
457553812
10
1327589163
1327589149
1327589130
1327589110
1327589108
1327589133
1327589165
1327589151
1327589168
1327589166
0
0
66
100167706
100167703
100167700
100167698
100167695
998195091
998195199
100167790
100167801
100167805
100167797
100167198
100167213
100167233
998194785
100167224
558603997
100167197
100167192
100167189
100167185
100167207
100167205
558604024
558604004
558604006
558604015
558604017
558604019
558603989
558603991
998195298
998194419
998195336
998195262
998194828
100167318
100167320
100165425
100164221
100164334
100164336
100166320
100167628
100167625
100167626
100167619
100167620
100167766
100167768
100167784
100167778
100167788
100167786
100167761
100167757
100167730
100167733
998195415
100167736
100167741
100167688
998194560
998194662
100167689
100167692
2
1274939492
1274939478
26
390067181
390067180
534823190
534789254
534789255
534789260
534789259
534789258
534789257
457555659
457555657
457555653
457555650
457555645
457555642
457555638
457553750
534789229
530710616
390067729
390067650
390067648
534823158
390067652
390067649
390067634
2
1274939479
1274939473
4
1052276253
1052278089
1052277841
1052277692
1
558603987
3
1242340738
384987415
384987424
0
7
402744134
402744131
402744130
402744124
402744127
402744128
402744299
0
7
392954323
392954328
392954327
392954326
701143519
458580412
701187186
1
456854767
9
403629532
403629530
464757324
1167473313
1167473316
464757325
464757200
403629529
403629528
2
482743732
1313346651
1
1173286489
1
482743730
13
384987403
384987400
384987397
384987394
384987390
384987387
384987384
384987380
384987376
384987373
384987370
384987367
384987361
1
1330646810
2
1272475190
399777637
2
384987354
384987357
14
26018650
26018648
26018646
26018644
26018641
26018639
26018637
26018635
26018633
26018631
26018629
26018627
26018620
26018622
3
1271614048
1271614047
1271614046
0
9
336969940
336970069
336969904
336969910
336969914
336969921
336969932
336969936
624293465
4
1232229639
392953853
392953854
392953855
8
339535423
339535444
339535452
339535426
339535463
339535442
336969608
336969639
1
1152177587
0
8
391648551
391648550
391648549
391648548
391648547
391648546
391648545
391648544
1
385013704
2
26058731
26058732
3
1207551499
1207551466
1207551470
0
7
1284646427
1284646428
1284646426
1284646429
1284646430
1284646419
1284646423
1
1231315148
3
100164339
100164346
100164344
46
1330638820
1330638814
1330638816
1330638817
1330638819
1330638818
1330638815
1330213780
1330213772
1330213768
1330213783
1330213781
1330213770
1330213769
1330213767
1330213784
1330213778
1330213775
1330637239
1330637240
1330637242
1330637241
1330637255
1330213765
1330213764
1330213752
1330213766
1330213762
1330213763
404735094
1330213754
1330637244
1330637246
1330637249
1330637247
1330637248
1330637252
1330637253
1330637254
404735096
1330637251
404735097
404735098
404735099
404735102
404735101
20
1330651099
1330651052
1330651068
1330651072
1330651073
1330651067
1330651095
1330651075
1330651101
1330651028
1330651042
1330651038
1330651047
1330651071
1330651033
1330651069
1330651031
1330651070
1330651092
1330651044
3
506348128
506348133
506348134
0
4
1315891219
1315891222
1242340721
1315891217
3
1272151549
1272151547
1272151546
2
506299913
506299923
13
1074045151
1074045138
1074045134
1074045106
1074045095
1074045091
1074045086
1074045118
1074045132
1074045130
1074045111
1074045113
1074045115
1
410351792
2
356803099
506348127
0
3
356802964
356802961
356802989
2
356803033
356803047
0
13
356802831
356802828
356802822
356802820
352646770
352646777
352646776
356802856
356802857
356802870
356802816
356802900
356802904
2
1274939514
1274939488
1
1136514781
0
0
0
1
402747707
9
336969956
336969947
336969980
336969973
458580312
458580327
458580348
458580353
336969969
3
26020372
814271386
26020474
0
3
1272143788
1272143786
1272143785
0
4
456854752
456854745
456854748
456854749
0
10
26020490
26020488
26020486
26020484
26020482
814271646
26020480
26020478
814271426
26020476
0
2
391284648
391650518
1
1330648427
0
4
1330648429
1330648415
1330648438
1330648420
0
1
698090414
3
1272150653
1272150657
1272150651
5
399766684
456854765
456854763
456854760
399766339
0
0
14
464757322
464757321
464757320
464757314
464757311
464757307
464757304
464757298
464757296
464757289
464757287
1167473320
464757286
464757284
0
0
1
814271681
1
390067146
0
0
1
410351375
0
2
336969624
336969627
1
464762410
0
1
356802837
0
0
0
0
2
385011812
385011810
0
0
1
410363854
6
1232229601
1232229596
1232229605
1232229617
1232229603
1232229626
0
3
1271613784
1271613785
1271613782
0
3
464762409
464762408
464762407
1
391284649
0
3
1284648676
1284648672
1284648674
0
1
458580401
0
2
534789205
534789207
1
506348132
1
1167473361
7
410351268
410351267
410351197
814271178
26020373
26020374
814271775
1
336970023
0
0
0
0
0
3
1271610596
1271610599
1271610598
14
1103100935
1103100937
410351739
410351738
410351736
410351734
410351733
410351732
410364012
410351556
410351730
410351731
410363864
410363860
0
0
0
2
1232662997
1232663000
0
11
26058734
26058735
26058736
26058737
26058738
1242340736
26058739
1242340711
26058740
26058741
1242340707
1
392954393
0
2
100165429
100165432
0
0
0
0
1
1330648416
2
1272140552
1272140550
3
410351372
1103236614
1103236647
4
457553777
457553778
457553779
457553780
0
0
0
4
457560238
457560242
457560241
457560240
0
1
1103236586
3
1108285682
26058744
26058743
0
0
3
336969998
336969984
336969990
0
0
0
2
403629525
403629524
1
410351269
0
2
814271414
814271515
0
0
0
0
0
0
0
1
506299915
0
10
1131574873
1131574843
1131574862
1131574657
1131574793
1131574867
1131574879
1131574854
1131574899
1131574772
0
1
390067186
0
1
1341967697
0
1
26058728
0
0
5
534789233
534789242
534789219
534789236
390067184
0
0
1
534789211
3
1271610600
1271610597
1271610594
0
0
1
534789250
1
534823167
0
0
0
0
3
1271611635
1271611637
1271611633
2
1272140731
1271603159
0
1
1274924408
5
1280624169
1280624178
1280624172
1280624170
1280624182
0
0
1
384987349
0
0
0
