(3609,3)
(5726,10)
(3844,9)
(4287,6)
(1260,4)
(5035,9)
(2543,1)
(6262,2)
(1293,5)
(3500,3)
(5182,3)
(5229,2)
(1797,4)
(2758,5)
(4566,9)
(3046,5)
(4195,4)
(2243,1)
(5438,3)
(1537,2)
(3974,1)
(4840,4)
(4545,1)
(4812,6)
(5920,4)
(1261,4)
(1392,1)
(915,8)
(3608,3)
(1323,1)
(5374,3)
(4732,2)
(5559,4)
(2923,1)
(4924,4)
(231,7)
(1960,4)
(1292,5)
(5197,4)
(3712,2)
(5357,8)
(5508,1)
(2984,6)
(4077,10)
(1340,5)
(1351,1)
(5386,1)
(5863,3)
(2744,4)
(4081,4)
(718,2)
(3091,1)
(818,6)
(5905,2)
(4335,4)
(6200,3)
(1568,3)
(4063,4)
(357,2)
(992,1)
(1166,3)
(5095,4)
(1532,1)
(4001,4)
(24,5)
(4743,4)
(90,4)
(997,4)
(1961,4)
(2360,2)
(1533,1)
(4966,9)
(2209,4)
(4854,10)
(1353,5)
(3913,1)
(5192,1)
(1103,4)
(2534,3)
(1884,1)
(3295,2)
(6024,9)
(2049,1)
(3687,8)
(4110,4)
(4876,2)
(5626,2)
(866,5)
(4263,2)
(515,2)
(1610,2)
(867,5)
(1020,10)
(1611,2)
(4961,1)
(2380,4)
(3111,2)
(921,3)
(5456,1)
(2274,8)
(3565,2)
(827,2)
(5024,1)
(1055,3)
(4134,3)
(1915,8)
(4582,2)
(4464,4)
(5767,4)
(294,9)
(4111,4)
(5225,1)
(6040,8)
(1327,5)
(3528,2)
(1489,4)
(1744,1)
(5067,3)
(5130,4)
(778,3)
(1201,7)
(2071,4)
(4102,9)
(461,3)
(2024,8)
(2003,1)
(464,2)
(689,4)
(1394,1)
(3695,5)
(4861,3)
(4030,4)
(4301,5)
(1728,3)
(4459,8)
(4846,3)
(5826,1)
(1526,5)
(2961,3)
(2958,1)
(4483,2)
(5115,2)
(771,1)
(868,1)
(2849,7)
(413,2)
(5014,3)
(1871,2)
(4948,4)
(2870,3)
(4589,1)
(3694,5)
(2057,2)
(4896,6)
(4599,4)
(2566,2)
(3857,4)
(3644,1)
(3985,1)
(5236,7)
(487,7)
(3268,2)
(3472,9)
(358,3)
(1367,3)
(2612,2)
(5345,3)
(5344,3)
(5479,3)
(1105,3)
(5478,3)
(4221,3)
(5092,10)
(1021,10)
(3013,2)
(4262,2)
(6022,6)
(6229,2)
(3012,2)
(3402,4)
(4377,1)
(1035,3)
(3832,1)
(2799,3)
(3742,1)
(2986,7)
(5963,2)
(741,7)
(3892,4)
(1017,1)
(4476,2)
(1277,4)
(2824,2)
(1570,4)
(5135,2)
(1276,4)
(1395,1)
(2987,7)
(532,1)
(6197,2)
(4466,1)
(5891,6)
(2627,2)
(3416,4)
(2613,2)
(5856,2)
(2169,9)
(3394,2)
(2936,2)
(4937,4)
(3051,1)
(4766,4)
(731,2)
(4598,4)
(981,6)
(5342,3)
(5462,6)
(4855,10)
(1169,1)
(1928,7)
(139,2)
(1812,1)
(3077,10)
(3076,10)
(4145,10)
(5378,2)
(5719,2)
(906,8)
(3587,10)
(3011,2)
(1104,3)
(1707,4)
(5836,6)
(5831,9)
(1669,4)
(5830,9)
(1567,9)
(5224,1)
(317,4)
(1668,4)
(2600,1)
(3693,10)
(588,8)
(4303,4)
(456,1)
(5919,1)
(234,9)
(2652,6)
(4663,2)
(948,9)
(2653,6)
(1399,4)
(5517,8)
(5658,10)
(969,3)
(2338,2)
(3119,4)
(5516,8)
(1098,4)
(5947,1)
(3535,2)
(5172,2)
(1352,5)
(1693,10)
(1710,4)
(4783,4)
(4870,3)
(3961,4)
(4502,1)
(753,1)
(3534,2)
(4978,2)
(5315,3)
(599,2)
(968,3)
(1980,2)
(2125,2)
(5348,4)
(6139,2)
(1013,10)
(3220,3)
(1702,4)
(4059,8)
(3221,3)
(4376,1)
(4523,6)
(4614,3)
(3304,9)
(4141,4)
(526,2)
(45,2)
(2440,4)
(3809,1)
(764,8)
(1335,5)
(3895,6)
(5666,2)
(1625,5)
(6152,3)
(5540,5)
(3778,4)
(2270,4)
(2687,2)
(4465,4)
(2532,3)
(2977,2)
(1266,8)
(3327,4)
(4764,2)
(6117,10)
(545,4)
(1334,5)
(886,8)
(2879,8)
(834,4)
(4893,9)
(4493,6)
(6158,4)
(2276,9)
(204,4)
(1864,4)
(2061,3)
(2255,10)
(947,1)
(6042,2)
(1380,10)
(6043,2)
(2066,10)
(2726,1)
(3875,2)
(5744,1)
(54,3)
(5081,3)
(303,4)
(3032,2)
(4858,6)
(2738,7)
(5139,6)
(2279,1)
(4178,3)
(1274,3)
(5179,10)
(4755,4)
(398,2)
(2475,3)
(1775,4)
(3400,1)
(2505,2)
(3606,4)
(2390,1)
(3033,2)
(1507,5)
(1778,8)
(3760,9)
(4005,4)
(3066,4)
(1031,3)
(1178,4)
(3280,1)
(3497,1)
(816,3)
(4243,8)
(399,2)
(3282,2)
(3368,3)
(5813,1)
(1767,3)
(3302,1)
(2545,7)
(3480,3)
(4451,6)
(5408,4)
(235,9)
(891,10)
(4044,9)
(954,1)
(1685,3)
(227,4)
(5226,6)
(2168,9)
(4872,4)
(5103,2)
(2637,2)
(3599,1)
(5758,2)
(2272,4)
(2697,4)
(302,4)
(4473,4)
(197,2)
(3594,3)
(2474,3)
(2951,4)
(3869,7)
(4330,3)
(2397,6)
(5492,9)
(799,3)
(5328,3)
(1086,3)
(5575,8)
(3454,4)
(6019,4)
(3172,3)
(5359,1)
(2427,3)
(4087,4)
(2052,4)
(3232,7)
(4899,2)
(2789,3)
(3382,10)
(2934,5)
(3352,1)
(3427,10)
(3508,1)
(3434,9)
(3751,1)
(3625,2)
(4408,10)
(4264,3)
(1784,7)
(4021,3)
(1993,1)
(5142,3)
(2915,3)
(5974,2)
(3415,2)
(4664,9)
(3898,7)
(5939,1)
(1226,3)
(1753,2)
(3414,2)
(5089,5)
(1233,5)
(3188,3)
(4863,1)
(6142,3)
(852,10)
(5245,1)
(2828,6)
(4418,4)
(5241,10)
(2223,5)
(6106,2)
(4317,7)
(4450,6)
(2611,3)
(3180,3)
(3982,3)
(4125,8)
(865,2)
(986,3)
(132,3)
(593,2)
(1437,1)
(2860,1)
(937,9)
(2852,3)
(4018,3)
(4163,3)
(5833,1)
(6078,4)
(4144,10)
(5827,1)
(952,2)
(381,4)
(3782,3)
(133,3)
(2026,8)
(3,10)
(5938,1)
(2907,2)
(6068,2)
(2286,4)
(5451,8)
(3646,6)
(3863,2)
(3173,3)
(6038,9)
(4575,1)
(5358,1)
(3233,7)
(4908,10)
(2395,9)
(5908,8)
(377,3)
(1354,4)
(2625,3)
(2820,2)
(4153,5)
(533,1)
(1480,4)
(581,8)
(1918,3)
(1857,8)
(2662,6)
(488,2)
(2405,1)
(4666,4)
(279,1)
(914,8)
(1332,3)
(1597,4)
(958,5)
(2445,3)
(2189,6)
(4152,5)
(36,2)
(207,8)
(4042,2)
(3148,3)
(3717,9)
(136,4)
(1511,3)
(5303,4)
(5696,1)
(447,10)
(5526,1)
(6207,4)
(5886,9)
(5933,4)
(3141,4)
(5708,8)
(1382,10)
(2177,2)
(489,2)
(322,5)
(4127,2)
(782,2)
(837,1)
(1018,5)
(2599,1)
(3614,4)
(4714,2)
(6135,4)
(3768,3)
(3435,9)
(4862,1)
(568,4)
(1729,3)
(1229,7)
(5818,10)
(939,7)
(2473,8)
(2287,4)
(4640,4)
(3647,6)
(3286,10)
(3346,6)
(3673,7)
(80,8)
(5165,9)
(1287,5)
(1523,3)
(3018,1)
(2444,3)
(5837,6)
(2713,3)
(3592,3)
(342,7)
(5141,5)
(1343,3)
(4400,9)
(148,4)
(343,7)
(4540,4)
(5049,3)
(233,9)
(700,6)
(1320,10)
(1369,4)
(5512,4)
(6053,2)
(144,1)
(2861,1)
(122,5)
(1619,4)
(6225,7)
(1093,2)
(1242,1)
(878,1)
(1361,10)
(27,3)
(2220,1)
(123,5)
(5200,3)
(1155,8)
(4118,3)
(2278,1)
(4123,9)
(1639,3)
(2944,1)
(3178,3)
(6137,1)
(3438,6)
(4935,3)
(4315,4)
(4512,2)
(212,1)
(4179,3)
(1310,3)
(4585,10)
(596,8)
(2205,3)
(2909,6)
(4202,2)
(3388,4)
(5405,2)
(52,1)
(2047,2)
(2779,1)
(3464,9)
(4676,3)
(681,7)
(1760,3)
(1750,6)
(2945,1)
(497,1)
(5966,1)
(143,3)
(3272,1)
(53,1)
(3924,3)
(1638,3)
(5785,3)
(864,2)
(1547,10)
(3686,8)
(1751,6)
(1844,2)
(5355,1)
(5490,3)
(5769,4)
(5792,8)
(899,7)
(5354,1)
(150,2)
(4359,9)
(5793,8)
(1219,4)
(2088,3)
(2087,2)
(5880,2)
(1148,3)
(4667,4)
(5506,4)
(1747,4)
(1822,5)
(1785,7)
(2284,1)
(4754,4)
(1546,10)
(4331,3)
(2906,2)
(962,2)
(2749,10)
(2752,4)
(5981,2)
(3105,7)
(3298,1)
(142,3)
(1761,3)
(1196,4)
(2663,6)
(3639,4)
(4910,2)
(3925,3)
(5404,2)
(2424,2)
(4041,2)
(268,2)
(911,3)
(3265,1)
(3498,2)
(1538,1)
(777,5)
(1076,4)
(1539,1)
(4584,10)
(2285,1)
(4608,3)
(1642,4)
(3393,2)
(2656,4)
(3655,7)
(4677,3)
(4932,3)
(2316,9)
(5199,1)
(1172,10)
(2946,1)
(3689,7)
(6041,8)
(1746,4)
(6075,8)
(4984,4)
(5117,7)
(129,4)
(4318,3)
(822,8)
(1861,3)
(1634,2)
(1904,4)
(1965,4)
(5401,9)
(1545,10)
(1894,8)
(5371,3)
(3796,6)
(5787,3)
(2724,6)
(4033,1)
(6193,10)
(1650,10)
(3789,3)
(1859,7)
(2880,4)
(2233,4)
(3620,2)
(5993,6)
(4815,1)
(2563,10)
(3002,2)
(4247,4)
(5260,5)
(4816,7)
(3764,5)
(3810,3)
(6107,2)
(149,4)
(1342,3)
(177,1)
(272,10)
(1711,4)
(5193,1)
(3067,4)
(3294,2)
(2595,5)
(5336,8)
(4711,6)
(5098,10)
(6247,2)
(701,6)
(4406,1)
(181,3)
(5812,1)
(2857,1)
(6180,10)
(1425,2)
(4268,2)
(1212,8)
(4940,7)
(6031,4)
(2996,6)
(5099,10)
(5294,2)
(3094,4)
(3357,3)
(1175,2)
(6030,4)
(95,1)
(1534,9)
(1763,10)
(3854,2)
(4269,2)
(4941,7)
(1543,3)
(4022,5)
(5738,4)
(1213,8)
(5086,8)
(1299,3)
(5332,9)
(4710,6)
(5333,9)
(2124,2)
(5021,3)
(4433,2)
(4498,4)
(1932,1)
(2959,1)
(4706,2)
(2263,3)
(2856,1)
(723,3)
(5576,1)
(6246,2)
(5973,3)
(6250,4)
(1605,2)
(3724,4)
(1758,2)
(6121,4)
(2757,3)
(3004,1)
(1898,9)
(4799,2)
(1102,4)
(1885,1)
(1113,4)
(2350,1)
(1144,3)
(5253,10)
(115,8)
(2000,2)
(1858,7)
(4817,7)
(114,8)
(787,4)
(4397,1)
(4814,1)
(38,3)
(198,8)
(409,5)
(1541,8)
(3040,1)
(5109,2)
(1766,3)
(2497,2)
(4794,2)
(6183,10)
(2164,4)
(2222,5)
(3967,5)
(2165,4)
(2670,7)
(1401,3)
(5864,3)
(1697,4)
(4452,2)
(2001,2)
(6223,2)
(91,4)
(1836,2)
(3813,4)
(5232,3)
(1762,10)
(2371,10)
(87,3)
(706,6)
(4973,4)
(5916,3)
(2594,5)
(5679,3)
(3003,2)
(3200,10)
(1703,4)
(3922,7)
(3403,4)
(6228,2)
(2055,4)
(4492,6)
(4577,1)
(5846,2)
(4439,3)
(4480,2)
(4040,2)
(4609,3)
(365,10)
(3612,3)
(4363,10)
(5567,1)
(5646,4)
(519,3)
(4968,1)
(844,3)
(3921,2)
(5423,7)
(6144,7)
(118,1)
(3613,3)
(756,6)
(3211,4)
(2764,4)
(5091,3)
(5150,1)
(6125,4)
(1384,2)
(2377,1)
(760,2)
(1759,2)
(1454,6)
(2335,4)
(3436,3)
(206,8)
(219,3)
(2060,3)
(966,3)
(2985,6)
(267,4)
(3372,10)
(4214,9)
(5633,1)
(3908,10)
(5629,3)
(2759,5)
(3964,1)
(410,1)
(2399,4)
(2658,10)
(5201,3)
(685,4)
(2046,2)
(3325,1)
(4700,8)
(3842,9)
(5027,3)
(1062,2)
(2021,4)
(2533,3)
(4226,10)
(22,4)
(3359,4)
(938,7)
(1959,10)
(390,4)
(4385,2)
(6039,9)
(6192,10)
(3805,7)
(4988,2)
(1906,3)
(3019,1)
(39,3)
(995,4)
(4275,1)
(4644,3)
(1482,8)
(3096,1)
(1297,2)
(2192,6)
(883,1)
(2938,2)
(957,4)
(5638,5)
(715,3)
(2174,2)
(2947,10)
(3688,1)
(4803,6)
(5906,4)
(3736,4)
(4915,6)
(352,3)
(1790,8)
(3749,1)
(5900,10)
(1203,8)
(1450,3)
(356,2)
(1815,2)
(439,2)
(3930,1)
(773,1)
(1356,4)
(1878,1)
(3397,10)
(537,1)
(5373,4)
(5944,6)
(3441,2)
(4490,8)
(3440,2)
(4155,1)
(4349,1)
(4976,9)
(5411,1)
(386,2)
(4771,7)
(2308,3)
(2441,4)
(4914,6)
(5239,3)
(2629,1)
(4113,4)
(3259,7)
(5268,1)
(1476,4)
(1765,10)
(3575,3)
(5372,4)
(3574,3)
(4581,1)
(130,1)
(4665,9)
(5295,2)
(85,7)
(684,4)
(460,3)
(1126,1)
(4499,4)
(2780,4)
(1218,4)
(6149,2)
(336,2)
(2415,2)
(171,8)
(1854,9)
(259,1)
(4160,2)
(1307,4)
(2030,3)
(335,3)
(1786,2)
(3946,4)
(4731,10)
(3635,2)
(4304,2)
(1304,9)
(5023,3)
(4386,1)
(5267,8)
(1862,1)
(6143,3)
(104,3)
(4227,10)
(1624,5)
(4043,2)
(92,3)
(3217,5)
(5002,2)
(4230,4)
(2266,2)
(2775,4)
(4231,4)
(176,1)
(869,1)
(6006,4)
(6013,1)
(2358,1)
(4207,2)
(5577,1)
(2931,2)
(4526,2)
(1012,10)
(5427,7)
(1937,3)
(2202,10)
(3947,4)
(6176,1)
(1420,2)
(2245,2)
(1598,4)
(1741,4)
(2370,10)
(2584,4)
(4705,1)
(46,2)
(2577,3)
(6016,8)
(1355,4)
(3157,2)
(4618,2)
(3939,5)
(2530,2)
(5304,9)
(3258,7)
(5635,6)
(1271,2)
(155,4)
(1850,2)
(2009,2)
(3754,4)
(983,1)
(4758,3)
(3279,2)
(4920,5)
(4588,1)
(6153,3)
(339,2)
(5388,3)
(5753,5)
(1135,3)
(2034,3)
(3485,1)
(3723,4)
(4923,7)
(5718,2)
(4679,4)
(2461,4)
(3034,7)
(1134,3)
(5055,5)
(895,8)
(3622,2)
(5054,5)
(677,4)
(5420,2)
(3840,8)
(4909,10)
(32,2)
(442,3)
(4603,7)
(4519,4)
(2025,8)
(2676,4)
(2363,4)
(2107,1)
(984,2)
(1593,1)
(536,1)
(1979,5)
(3610,2)
(3611,2)
(3194,2)
(3719,8)
(3102,3)
(5265,1)
(1385,2)
(5164,9)
(4017,1)
(4278,3)
(2678,3)
(5651,2)
(3855,2)
(5602,2)
(503,4)
(2808,4)
(3202,1)
(5263,4)
(625,3)
(2716,3)
(1278,1)
(2383,8)
(985,2)
(2110,1)
(332,2)
(5177,3)
(2362,4)
(2503,1)
(1458,5)
(2111,1)
(846,6)
(2063,5)
(1505,7)
(1592,1)
(785,4)
(2262,3)
(1504,7)
(2679,3)
(1174,2)
(2359,1)
(3596,4)
(4037,9)
(720,3)
(991,4)
(2717,3)
(2990,1)
(4430,4)
(2484,4)
(5757,1)
(2234,4)
(4613,5)
(4833,1)
(3547,7)
(5234,2)
(2097,7)
(3548,1)
(1004,1)
(1131,1)
(1764,10)
(3017,2)
(6067,7)
(1404,1)
(5173,2)
(4541,4)
(5140,5)
(1408,2)
(1617,3)
(355,3)
(3426,10)
(2069,5)
(3164,2)
(3994,5)
(4108,1)
(1817,7)
(2372,7)
(1424,2)
(2509,1)
(3536,8)
(4267,9)
(4410,1)
(2186,3)
(4034,9)
(1664,2)
(1869,1)
(2651,1)
(2788,3)
(4922,7)
(5857,2)
(2501,4)
(5574,8)
(4188,3)
(2508,1)
(2146,3)
(5949,10)
(2400,1)
(4867,10)
(4927,1)
(5062,3)
(2896,4)
(6063,10)
(4998,4)
(2897,4)
(5982,3)
(881,7)
(2147,3)
(2709,1)
(5692,2)
(3326,4)
(2082,6)
(3897,1)
(1025,4)
(1799,1)
(6182,10)
(2485,4)
(4171,1)
(4560,9)
(3237,2)
(1112,4)
(5569,3)
(630,1)
(6037,3)
(3607,4)
(4630,3)
(433,3)
(5500,3)
(362,3)
(1000,9)
(3358,4)
(5497,4)
(2884,2)
(3767,5)
(903,6)
(5138,6)
(2842,9)
(3307,3)
(1529,1)
(4146,1)
(2039,9)
(2998,2)
(1197,4)
(4482,2)
(3329,1)
(3852,2)
(5186,2)
(767,1)
(722,3)
(5871,3)
(502,4)
(2171,10)
(4327,2)
(2006,8)
(2999,2)
(3152,2)
(2904,10)
(3793,1)
(4617,2)
(5112,6)
(89,5)
(2454,5)
(2527,1)
(3578,5)
(3354,9)
(5453,4)
(2891,9)
(5848,4)
(678,8)
(2903,3)
(4419,4)
(3300,1)
(4987,4)
(2028,8)
(4895,8)
(3459,4)
(3582,1)
(1127,1)
(5603,2)
(5,5)
(178,3)
(3515,6)
(2159,4)
(4990,4)
(999,4)
(6020,3)
(1003,3)
(1768,4)
(76,8)
(1921,10)
(1791,8)
(6270,9)
(3000,7)
(4969,1)
(972,6)
(5751,4)
(224,3)
(3963,10)
(2597,1)
(5530,10)
(812,1)
(2893,3)
(861,2)
(6136,1)
(3788,3)
(4851,4)
(2494,3)
(4903,6)
(3493,1)
(2883,5)
(3938,5)
(3231,9)
(4974,1)
(4023,5)
(4082,1)
(3262,6)
(325,6)
(1982,8)
(2571,7)
(5660,1)
(933,2)
(3984,1)
(4223,2)
(5922,2)
(5293,2)
(6021,3)
(6094,1)
(1487,3)
(6104,1)
(496,1)
(2375,2)
(1839,9)
(5318,4)
(2696,4)
(5441,5)
(2976,2)
(3505,2)
(2043,2)
(2190,3)
(3633,5)
(2538,3)
(5539,4)
(1865,4)
(3537,8)
(4432,2)
(2809,4)
(5650,2)
(3543,5)
(3720,2)
(2038,9)
(6027,3)
(84,7)
(1651,10)
(81,8)
(5048,3)
(5269,1)
(5484,3)
(226,4)
(1647,9)
(5781,4)
(3877,6)
(3952,2)
(1041,4)
(3918,1)
(553,2)
(1940,3)
(1555,1)
(2552,4)
(4897,6)
(5784,3)
(338,2)
(1235,1)
(1805,2)
(856,2)
(5485,3)
(2834,2)
(2875,2)
(3083,4)
(6198,3)
(2643,7)
(1202,8)
(4741,4)
(4907,4)
(5290,1)
(2081,1)
(4962,8)
(1908,2)
(6255,1)
(1124,7)
(1633,1)
(1798,1)
(6215,10)
(1618,4)
(2261,7)
(2900,1)
(4707,2)
(98,9)
(2753,4)
(3145,4)
(182,6)
(3269,2)
(3656,2)
(5291,1)
(2053,4)
(209,1)
(1938,3)
(3872,4)
(2342,4)
(4775,2)
(3953,2)
(4778,3)
(1091,7)
(1646,9)
(3919,1)
(1321,10)
(3777,2)
(6108,3)
(41,3)
(3792,1)
(4616,2)
(5849,4)
(853,10)
(4232,1)
(2004,2)
(4689,1)
(4892,9)
(4421,4)
(4986,4)
(1249,2)
(2235,1)
(4811,4)
(4832,4)
(2781,4)
(3722,4)
(5447,1)
(1881,2)
(4142,2)
(4717,2)
(5314,3)
(4662,2)
(5213,3)
(1990,5)
(5951,3)
(237,4)
(2616,2)
(4543,9)
(4216,1)
(6245,3)
(3081,2)
(4222,2)
(1991,5)
(3825,4)
(5536,10)
(471,10)
(798,3)
(4505,4)
(5078,5)
(885,4)
(3064,1)
(3772,4)
(3667,6)
(4884,6)
(241,5)
(242,2)
(25,5)
(5016,10)
(1811,4)
(1984,3)
(1888,4)
(5699,8)
(20,2)
(4109,1)
(5690,2)
(4306,4)
(5789,7)
(2602,7)
(6196,2)
(2239,2)
(5778,3)
(2343,4)
(3988,1)
(1149,3)
(5079,5)
(5912,9)
(2969,2)
(3238,2)
(4936,4)
(6059,3)
(438,2)
(5181,2)
(344,3)
(493,4)
(2108,3)
(4501,6)
(3243,3)
(5622,2)
(905,2)
(6212,10)
(5869,1)
(2240,5)
(4471,6)
(2639,4)
(6066,7)
(28,3)
(4470,6)
(29,3)
(168,6)
(1889,4)
(3666,6)
(2919,4)
(5656,4)
(3006,9)
(525,3)
(4612,5)
(1623,2)
(3734,7)
(6177,1)
(2185,1)
(716,10)
(3761,9)
(3030,7)
(3915,8)
(1417,1)
(3070,2)
(249,7)
(5910,2)
(1434,2)
(1743,2)
(1975,2)
(2567,2)
(4422,1)
(481,4)
(3518,8)
(4420,4)
(3355,9)
(1053,2)
(1874,1)
(5148,7)
(850,9)
(3252,2)
(5476,6)
(6203,1)
(4704,1)
(4736,1)
(5261,5)
(5219,2)
(1680,9)
(6105,1)
(254,1)
(2191,3)
(4820,1)
(160,1)
(5637,4)
(1590,3)
(4249,4)
(2426,3)
(3901,4)
(4591,10)
(4906,4)
(1432,7)
(2321,7)
(2161,2)
(6056,9)
(1230,2)
(5281,4)
(1969,3)
(2062,5)
(1636,1)
(4765,5)
(6116,2)
(544,4)
(5455,4)
(2035,3)
(3902,2)
(75,1)
(4902,6)
(4521,2)
(5416,2)
(70,1)
(2631,3)
(3223,7)
(5870,3)
(4534,4)
(5083,7)
(5400,9)
(2401,1)
(604,2)
(3085,1)
(4035,9)
(1907,3)
(3818,4)
(5051,9)
(6018,4)
(1481,4)
(4028,6)
(1947,2)
(5106,4)
(2109,3)
(3522,2)
(2167,6)
(6170,3)
(19,6)
(202,2)
(668,1)
(1485,4)
(74,1)
(2217,3)
(2244,2)
(3137,2)
(2832,8)
(3301,1)
(4338,1)
(4580,1)
(5591,3)
(711,2)
(6124,4)
(4678,4)
(1474,9)
(5003,2)
(1510,3)
(5053,3)
(2241,5)
(5868,1)
(4348,1)
(4843,4)
(917,3)
(5188,1)
(5549,10)
(2416,1)
(1922,3)
(4981,1)
(3139,6)
(6256,3)
(3398,10)
(4547,1)
(4151,2)
(5954,2)
(4148,1)
(4715,2)
(695,2)
(2160,2)
(308,4)
(4291,4)
(5379,2)
(5446,1)
(6062,10)
(2650,1)
(3657,2)
(1204,1)
(1777,3)
(4601,2)
(5507,4)
(2572,4)
(5149,7)
(1314,6)
(1561,4)
(740,7)
(1029,3)
(3861,3)
(4491,8)
(5350,4)
(2481,2)
(3820,3)
(4641,4)
(1809,3)
(1846,2)
(5015,3)
(2971,1)
(5958,5)
(40,3)
(1734,2)
(2555,7)
(4379,2)
(4822,2)
(4796,4)
(5399,2)
(5424,7)
(6093,5)
(5501,3)
(3903,2)
(6206,4)
(2486,1)
(4371,2)
(2268,4)
(4089,2)
(2221,1)
(4050,2)
(5997,6)
(16,2)
(3775,4)
(2366,7)
(4529,2)
(3770,7)
(51,7)
(2008,2)
(656,1)
(3389,4)
(463,1)
(2542,1)
(2297,3)
(5252,10)
(2040,4)
(3740,10)
(3979,4)
(1192,3)
(5415,2)
(3465,9)
(6148,2)
(4399,3)
(5776,3)
(4051,2)
(925,3)
(2608,1)
(69,2)
(5338,5)
(2103,1)
(4996,3)
(5366,7)
(5367,7)
(1239,2)
(4557,3)
(5700,10)
(3484,1)
(3623,2)
(755,6)
(4074,3)
(1298,3)
(2997,6)
(2200,5)
(6025,9)
(4274,3)
(4645,1)
(3313,3)
(3942,8)
(1400,3)
(6261,3)
(18,6)
(613,1)
(1133,6)
(1421,2)
(4299,5)
(4130,1)
(5107,4)
(1517,9)
(1551,3)
(5612,3)
(1118,2)
(4971,4)
(2080,1)
(3053,3)
(3544,3)
(5639,5)
(3811,3)
(5274,2)
(2890,9)
(4655,8)
(1649,3)
(900,4)
(5407,3)
(164,2)
(4643,4)
(300,5)
(5435,8)
(4631,3)
(5246,3)
(511,2)
(5406,3)
(1082,3)
(1963,4)
(2712,3)
(2957,9)
(486,7)
(1465,3)
(3314,2)
(3383,10)
(1089,2)
(1880,2)
(2337,3)
(4045,9)
(4548,5)
(973,6)
(2536,2)
(4725,4)
(346,7)
(2565,2)
(3937,3)
(5704,3)
(4828,4)
(4951,3)
(364,10)
(2431,2)
(819,6)
(4080,4)
(1459,5)
(2720,3)
(2675,10)
(4104,9)
(2417,1)
(5890,6)
(2014,2)
(370,3)
(6112,2)
(696,4)
(6241,3)
(829,1)
(3564,2)
(4434,2)
(4993,3)
(2537,2)
(3136,2)
(1366,3)
(3841,8)
(2735,1)
(5770,1)
(639,7)
(4456,3)
(4579,1)
(1028,3)
(1363,5)
(3554,4)
(4105,9)
(5667,2)
(6130,1)
(2785,2)
(1362,5)
(4117,8)
(712,1)
(5085,1)
(5532,6)
(6235,3)
(3741,10)
(3336,3)
(3980,4)
(5237,7)
(5632,1)
(3896,1)
(59,6)
(3954,4)
(2522,10)
(3031,7)
(3969,3)
(6240,3)
(4423,1)
(826,2)
(2649,3)
(337,2)
(1306,4)
(472,3)
(1289,2)
(726,8)
(2487,1)
(368,7)
(5585,4)
(4746,2)
(5131,4)
(1452,10)
(5381,6)
(2520,1)
(295,9)
(3104,7)
(4319,3)
(2488,3)
(2768,2)
(3989,1)
(641,1)
(500,4)
(1471,3)
(6057,9)
(6060,5)
(3124,7)
(4061,3)
(440,1)
(4823,2)
(5194,6)
(5545,3)
(2131,1)
(5600,6)
(619,2)
(1652,2)
(3743,1)
(1130,1)
(5761,10)
(2388,4)
(6199,3)
(287,1)
(3406,5)
(1435,2)
(6036,3)
(2216,3)
(2943,10)
(2162,2)
(3555,4)
(1484,4)
(5325,9)
(4233,1)
(4340,2)
(5471,1)
(1084,1)
(2765,4)
(823,8)
(4140,4)
(579,1)
(1472,2)
(261,1)
(1974,2)
(3191,3)
(3808,1)
(3615,4)
(4636,5)
(2101,3)
(2422,3)
(3041,1)
(2935,5)
(4574,1)
(1214,4)
(3583,1)
(5541,5)
(1502,3)
(1779,8)
(707,6)
(6072,8)
(1552,4)
(779,3)
(465,2)
(1416,1)
(2442,1)
(2349,10)
(4874,6)
(2705,1)
(2734,1)
(3755,4)
(650,3)
(6051,2)
(44,2)
(765,8)
(5775,4)
(2638,4)
(3227,9)
(909,4)
(3384,1)
(3549,1)
(3774,4)
(21,2)
(3410,8)
(359,3)
(1464,3)
(1019,5)
(5450,8)
(3862,2)
(5809,4)
(1430,2)
(5489,5)
(4038,8)
(4977,9)
(1847,2)
(2784,2)
(3707,4)
(4334,4)
(1195,4)
(2402,3)
(382,3)
(6167,4)
(3771,7)
(5324,9)
(6244,3)
(1721,1)
(2672,10)
(1725,4)
(3626,10)
(3966,5)
(1875,1)
(2620,1)
(3705,5)
(4210,4)
(631,1)
(1742,2)
(1095,4)
(5760,10)
(3487,3)
(304,1)
(3759,4)
(833,2)
(3236,2)
(3597,4)
(3856,4)
(3682,3)
(5955,2)
(5521,3)
(6134,4)
(792,8)
(4808,5)
(1468,2)
(4757,2)
(825,6)
(2590,3)
(1681,9)
(4258,3)
(784,4)
(5069,7)
(1842,2)
(6029,5)
(2296,3)
(1584,4)
(2105,4)
(4478,1)
(5597,6)
(467,7)
(2576,3)
(3260,1)
(5897,7)
(3419,7)
(5752,5)
(5714,10)
(1540,8)
(2048,5)
(5627,1)
(2232,4)
(5275,2)
(2495,3)
(4830,10)
(5980,2)
(669,1)
(615,1)
(1360,10)
(894,8)
(4440,6)
(3391,4)
(4552,3)
(4553,3)
(3823,1)
(797,2)
(5326,2)
(2413,1)
(4166,8)
(78,1)
(3731,2)
(880,7)
(5087,8)
(1542,3)
(3049,2)
(2412,1)
(3619,3)
(1992,1)
(1995,2)
(793,8)
(3408,8)
(5280,4)
(1263,4)
(1968,3)
(400,2)
(5191,2)
(3495,2)
(3506,7)
(4416,9)
(203,2)
(4064,4)
(2443,1)
(5040,2)
(3381,2)
(4220,3)
(2865,4)
(5468,4)
(1941,3)
(3321,3)
(4341,2)
(529,7)
(2130,1)
(99,9)
(6214,10)
(964,1)
(1599,4)
(159,1)
(875,6)
(1442,4)
(5608,7)
(1699,1)
(4692,5)
(6044,3)
(3504,2)
(6159,4)
(912,9)
(1893,4)
(2769,2)
(5748,1)
(4864,4)
(5475,6)
(1614,10)
(6141,5)
(2684,3)
(3210,4)
(4405,1)
(2628,1)
(1240,4)
(1613,3)
(5663,1)
(4602,7)
(713,1)
(1110,1)
(2806,4)
(4989,2)
(3239,2)
(3711,8)
(4444,4)
(4839,3)
(1286,5)
(2467,1)
(602,2)
(5555,8)
(412,2)
(4065,4)
(520,3)
(871,2)
(2075,6)
(5962,2)
(559,3)
(1080,1)
(5550,7)
(4094,2)
(4477,2)
(1259,3)
(3234,3)
(4761,4)
(5356,8)
(330,4)
(5339,5)
(4293,2)
(4384,2)
(3235,3)
(6010,2)
(2979,3)
(4882,8)
(331,4)
(4528,2)
(3466,3)
(6083,3)
(836,1)
(4085,6)
(524,3)
(1447,9)
(1077,4)
(1774,4)
(3478,10)
(3983,3)
(2642,7)
(2029,8)
(2554,7)
(592,2)
(4637,5)
(350,3)
(2535,3)
(174,4)
(3461,2)
(260,1)
(4441,6)
(3860,6)
(5351,3)
(5590,3)
(710,2)
(3821,3)
(3716,9)
(5771,1)
(1475,9)
(5250,9)
(2236,7)
(3311,4)
(4387,1)
(4072,3)
(708,7)
(2387,3)
(528,7)
(673,7)
(2673,10)
(5470,1)
(963,2)
(3998,1)
(1170,2)
(3523,2)
(612,1)
(5749,1)
(2182,5)
(193,8)
(5292,2)
(2496,2)
(3281,1)
(1189,3)
(6266,5)
(179,3)
(2104,4)
(2573,4)
(5488,5)
(372,1)
(5927,8)
(291,3)
(2580,4)
(616,7)
(3029,8)
(5995,8)
(527,2)
(1860,3)
(542,1)
(3431,10)
(1635,2)
(5198,1)
(2267,2)
(4193,2)
(5436,9)
(667,2)
(3098,1)
(1503,3)
(5498,4)
(3169,4)
(3853,2)
(5486,2)
(5959,5)
(2833,8)
(5398,2)
(2204,3)
(4020,3)
(5803,3)
(1712,1)
(5801,2)
(1917,3)
(4722,2)
(2850,10)
(4095,2)
(5687,1)
(2059,3)
(3514,6)
(5866,1)
(232,9)
(591,1)
(1119,2)
(5754,3)
(2389,4)
(2844,1)
(3691,2)
(2874,2)
(5755,3)
(360,1)
(6129,1)
(3995,5)
(5876,1)
(2507,1)
(4970,4)
(2489,3)
(4036,9)
(1248,2)
(2386,3)
(5657,4)
(2740,4)
(3769,3)
(246,2)
(1451,3)
(4257,3)
(5680,7)
(34,2)
(5643,4)
(839,1)
(2506,1)
(1773,2)
(5096,6)
(5477,6)
(2655,5)
(5520,3)
(10,7)
(11,7)
(1692,10)
(1262,4)
(4913,6)
(1205,1)
(2336,3)
(1713,1)
(2016,5)
(3503,4)
(2660,3)
(3631,4)
(1612,3)
(5999,2)
(3474,3)
(5685,9)
(3748,1)
(3977,3)
(4750,1)
(4763,3)
(68,2)
(5189,1)
(4999,4)
(1033,2)
(4912,6)
(3409,8)
(3784,7)
(998,4)
(2089,3)
(1302,1)
(2741,4)
(959,5)
(3496,1)
(516,3)
(3945,1)
(416,5)
(3167,4)
(4489,4)
(5330,1)
(752,1)
(2339,2)
(688,4)
(4103,9)
(4337,4)
(3559,3)
(4062,4)
(1253,2)
(2838,1)
(3118,4)
(3264,1)
(4503,1)
(2100,3)
(6120,4)
(3577,2)
(3797,6)
(5578,1)
(3479,10)
(3864,1)
(4520,2)
(4933,3)
(1171,2)
(3632,5)
(2083,6)
(2094,1)
(728,4)
(3499,2)
(3845,9)
(4026,5)
(297,4)
(2704,1)
(3199,2)
(425,2)
(1660,4)
(1036,2)
(4411,1)
(2187,3)
(4487,3)
(4866,10)
(2084,8)
(1560,4)
(5029,1)
(3750,1)
(4265,3)
(1422,7)
(3455,4)
(1258,3)
(3843,9)
(385,2)
(3364,8)
(3621,2)
(5586,3)
(2452,2)
(5661,1)
(2193,6)
(2490,9)
(153,4)
(3022,3)
(3827,1)
(468,4)
(4389,5)
(4619,2)
(5634,6)
(567,4)
(3306,3)
(4831,10)
(6194,3)
(845,3)
(2002,1)
(3001,7)
(5556,8)
(220,8)
(5063,3)
(1720,1)
(4333,1)
(1426,6)
(4883,8)
(2835,2)
(5474,6)
(65,3)
(558,4)
(1081,3)
(2700,1)
(3888,7)
(5859,3)
(552,2)
(5247,3)
(1237,4)
(3042,2)
(319,3)
(5740,10)
(2797,4)
(5592,2)
(1890,9)
(5157,6)
(2054,4)
(5493,9)
(2619,7)
(3932,4)
(2798,3)
(5221,9)
(5960,4)
(4576,1)
(6211,10)
(2184,1)
(3149,3)
(195,2)
(1930,4)
(786,4)
(2671,7)
(1431,2)
(3338,4)
(2434,4)
(3791,4)
(3532,10)
(5829,4)
(1270,2)
(3401,1)
(1873,3)
(3747,1)
(4868,4)
(4332,1)
(6011,2)
(1427,6)
(672,7)
(951,4)
(4774,2)
(4963,8)
(3690,2)
(5609,7)
(3965,1)
(5368,3)
(601,8)
(3660,3)
(1396,10)
(521,3)
(3224,5)
(572,5)
(2529,2)
(860,2)
(2425,2)
(169,6)
(1726,10)
(3337,3)
(1994,2)
(4169,4)
(312,4)
(2967,4)
(1032,2)
(2579,10)
(3309,1)
(5990,10)
(4500,6)
(5551,7)
(501,4)
(1048,2)
(4016,1)
(1591,3)
(1944,5)
(2805,10)
(3858,4)
(1883,5)
(2763,7)
(6082,3)
(448,2)
(3997,3)
(772,1)
(2727,1)
(3254,10)
(5783,10)
(988,1)
(3867,1)
(830,4)
(4701,8)
(5628,3)
(3653,8)
(5858,3)
(801,4)
(3664,4)
(1796,4)
(5001,3)
(2659,10)
(5636,4)
(5046,3)
(1419,6)
(3320,3)
(3926,4)
(1252,2)
(4215,9)
(1927,2)
(2254,10)
(1152,1)
(2085,8)
(1440,3)
(4821,1)
(5715,10)
(4460,2)
(5689,2)
(1154,8)
(3889,7)
(3100,5)
(3345,2)
(4260,1)
(989,1)
(2007,8)
(4266,9)
(4486,3)
(4056,1)
(2277,9)
(4756,2)
(640,1)
(5923,2)
(6015,1)
(3859,4)
(3452,3)
(5709,8)
(225,3)
(4724,4)
(1558,5)
(4751,1)
(1830,4)
(3679,9)
(1562,1)
(5599,4)
(3131,2)
(5481,7)
(4091,4)
(5244,1)
(273,10)
(514,2)
(1034,3)
(2175,8)
(4782,4)
(4802,2)
(1698,1)
(5495,6)
(1001,9)
(3140,4)
(3956,1)
(724,4)
(4455,4)
(5153,3)
(5472,6)
(2821,2)
(4556,3)
(2521,1)
(5548,10)
(4217,1)
(1423,7)
(5728,1)
(299,10)
(3700,1)
(4718,3)
(1153,1)
(3790,4)
(5601,6)
(2561,1)
(3570,6)
(194,2)
(3715,6)
(3181,3)
(3868,7)
(2992,2)
(4437,1)
(3785,7)
(3996,3)
(4237,4)
(2610,3)
(3865,1)
(2657,4)
(2778,1)
(255,1)
(4590,10)
(1493,3)
(2076,7)
(1945,5)
(5616,7)
(6023,6)
(4143,2)
(879,1)
(3654,7)
(64,1)
(843,3)
(2701,3)
(931,10)
(4402,3)
(4684,2)
(5617,7)
(3344,2)
(5195,6)
(14,2)
(2665,1)
(930,4)
(2682,1)
(4403,10)
(4683,4)
(3816,1)
(6061,5)
(469,4)
(3350,3)
(6221,4)
(813,1)
(5928,10)
(1221,4)
(4234,1)
(4729,2)
(5952,3)
(3738,8)
(2892,3)
(6155,3)
(2464,10)
(4235,1)
(6086,8)
(2448,4)
(5553,3)
(3366,1)
(5259,9)
(3909,10)
(1225,8)
(620,9)
(1313,3)
(3367,1)
(5248,4)
(2320,7)
(6085,4)
(1486,3)
(5249,4)
(310,1)
(851,9)
(3377,1)
(5010,2)
(2355,3)
(2280,2)
(2295,10)
(5218,2)
(4088,2)
(4979,2)
(3162,2)
(5985,2)
(1901,5)
(3092,3)
(4370,2)
(3624,2)
(5502,3)
(6081,4)
(6263,2)
(882,1)
(5251,9)
(2460,4)
(4425,2)
(2677,4)
(5068,7)
(2170,10)
(4535,4)
(3721,2)
(5176,3)
(3443,1)
(5648,1)
(58,6)
(920,3)
(3451,3)
(2517,1)
(6026,3)
(766,1)
(211,9)
(2516,1)
(216,7)
(4749,3)
(1716,4)
(4055,2)
(5168,4)
(210,9)
(4053,1)
(3065,1)
(3161,10)
(4054,2)
(1043,4)
(4052,1)
(137,4)
(4368,6)
(1042,4)
(4537,3)
(4818,9)
(4975,1)
(3153,2)
(3866,1)
(2468,6)
(2927,2)
(2581,4)
(6014,1)
(508,1)
(6109,3)
(1899,9)
(3992,10)
(290,3)
(4307,4)
(306,5)
(3063,3)
(1383,10)
(5562,4)
(4255,2)
(5788,7)
(1359,3)
(3062,3)
(126,2)
(170,8)
(3247,9)
(3893,4)
(5588,3)
(354,3)
(5143,3)
(2253,4)
(3826,1)
(5352,2)
(1757,3)
(6238,3)
(1456,4)
(6003,2)
(1115,4)
(5266,8)
(4563,1)
(5894,10)
(665,4)
(2718,2)
(863,1)
(2818,7)
(2188,6)
(116,9)
(473,3)
(775,3)
(4218,8)
(157,2)
(2086,2)
(1372,9)
(3824,7)
(5537,4)
(2148,2)
(4561,9)
(1121,2)
(5674,3)
(2041,4)
(4116,8)
(4865,4)
(5800,2)
(1615,10)
(3978,4)
(1756,3)
(5449,6)
(2550,2)
(3095,4)
(660,4)
(1147,2)
(561,4)
(5668,3)
(2304,1)
(3099,1)
(5764,7)
(127,2)
(2421,1)
(4162,3)
(1111,1)
(4522,6)
(1882,5)
(5413,9)
(26,3)
(3473,9)
(363,3)
(5026,3)
(2022,1)
(5998,2)
(1735,2)
(4654,8)
(4661,9)
(987,3)
(3190,3)
(2298,3)
(4509,3)
(2211,9)
(3678,9)
(33,2)
(2482,4)
(4289,8)
(5125,1)
(1406,4)
(6087,8)
(2449,4)
(12,2)
(1407,4)
(4,5)
(4797,4)
(1006,3)
(5799,1)
(13,2)
(3835,1)
(5686,1)
(3834,1)
(5867,1)
(213,1)
(4246,4)
(5337,8)
(6074,8)
(3082,4)
(3876,6)
(3794,5)
(2745,4)
(2922,1)
(2017,5)
(5824,3)
(902,6)
(4709,4)
(161,1)
(2260,7)
(3156,2)
(5945,6)
(3197,5)
(3492,1)
(1090,7)
(5047,3)
(1920,10)
(3787,1)
(3509,1)
(2853,3)
(5066,3)
(2748,10)
(2901,1)
(3025,1)
(5120,5)
(5121,5)
(1717,4)
(4468,10)
(1833,3)
(1388,4)
(5385,7)
(3024,1)
(3786,1)
(4525,4)
(1296,2)
(2939,2)
(2708,1)
(5625,2)
(3588,7)
(5203,5)
(77,8)
(4524,4)
(3757,1)
(4192,2)
(2302,2)
(2367,7)
(1247,2)
(2398,4)
(117,9)
(6002,2)
(2774,4)
(3739,8)
(3756,1)
(320,1)
(1023,6)
(2564,6)
(2624,3)
(5705,2)
(1288,2)
(2269,4)
(3071,2)
(3586,10)
(4898,2)
(3010,2)
(4129,3)
(4871,3)
(309,4)
(2982,4)
(1806,2)
(3469,7)
(3489,3)
(1580,3)
(4107,1)
(2292,10)
(4097,4)
(2123,2)
(5160,8)
(1324,2)
(2315,1)
(3468,7)
(3591,5)
(3044,10)
(3363,1)
(1336,1)
(1581,3)
(6208,1)
(1368,4)
(3661,3)
(284,3)
(5605,7)
(1670,3)
(5417,2)
(353,3)
(1325,2)
(4282,2)
(907,8)
(1200,7)
(4336,4)
(982,1)
(3973,2)
(1851,2)
(217,7)
(3362,1)
(4623,2)
(5624,2)
(1220,4)
(2095,1)
(2364,2)
(2374,2)
(4203,2)
(4047,5)
(5072,6)
(842,3)
(5589,3)
(4058,8)
(5093,10)
(622,5)
(5353,2)
(128,4)
(4157,2)
(190,1)
(315,3)
(3590,5)
(3833,1)
(1337,1)
(5220,9)
(43,2)
(5340,4)
(458,4)
(3579,5)
(2585,4)
(5262,4)
(2499,5)
(3291,4)
(5992,6)
(4972,4)
(5665,5)
(1550,3)
(5595,4)
(1530,7)
(1665,2)
(5301,6)
(2804,10)
(6171,3)
(828,1)
(2435,4)
(3803,3)
(5084,1)
(391,4)
(3804,7)
(470,10)
(3287,10)
(3933,4)
(5879,4)
(6210,10)
(4770,7)
(5205,8)
(2258,3)
(4773,3)
(106,2)
(4747,2)
(4224,4)
(5147,3)
(5206,2)
(800,4)
(2079,1)
(1513,2)
(5380,6)
(1853,3)
(3540,1)
(3801,8)
(4288,8)
(2523,10)
(4944,2)
(1983,8)
(4090,4)
(37,2)
(4600,2)
(1027,1)
(3460,2)
(1329,1)
(5828,4)
(855,5)
(1644,4)
(5469,4)
(4186,4)
(4201,1)
(2630,3)
(5941,2)
(156,2)
(1823,5)
(990,4)
(5583,2)
(607,3)
(2128,5)
(107,2)
(2134,6)
(953,2)
(4926,1)
(2300,3)
(4925,4)
(1231,2)
(3014,3)
(383,3)
(2942,10)
(1648,3)
(3072,7)
(3929,1)
(4504,4)
(4885,6)
(1097,1)
(1210,2)
(457,1)
(42,2)
(6169,4)
(4738,6)
(5695,3)
(3253,2)
(4836,8)
(2176,2)
(5697,1)
(4837,8)
(5284,3)
(1506,5)
(3941,2)
(2074,6)
(5041,2)
(2851,10)
(2864,4)
(5204,8)
(831,4)
(2348,10)
(4357,3)
(4992,3)
(3222,7)
(6181,10)
(269,2)
(5739,4)
(429,3)
(1688,9)
(146,2)
(4857,1)
(4204,8)
(5741,10)
(2115,1)
(4632,4)
(2647,2)
(4844,1)
(120,4)
(4093,3)
(1216,3)
(4508,3)
(4633,4)
(4472,4)
(4549,5)
(1217,3)
(3198,2)
(5097,6)
(4536,3)
(5983,3)
(3203,1)
(4206,2)
(2457,1)
(5948,10)
(5915,2)
(5956,4)
(1935,1)
(4900,3)
(296,4)
(4997,3)
(644,1)
(1933,1)
(796,2)
(1755,2)
(3907,3)
(4873,4)
(5102,4)
(1094,4)
(6213,10)
(432,3)
(1443,4)
(5865,3)
(5448,6)
(5669,3)
(1828,3)
(4702,1)
(4917,4)
(1748,4)
(2615,7)
(3684,1)
(1588,9)
(4119,3)
(1179,4)
(4356,3)
(258,1)
(1117,2)
(1060,3)
(1275,3)
(735,2)
(2498,5)
(5369,3)
(6096,1)
(750,3)
(1236,4)
(1781,6)
(657,1)
(3392,2)
(23,4)
(384,2)
(3445,7)
(4200,1)
(5169,4)
(1594,3)
(5009,4)
(3618,3)
(4469,10)
(3927,4)
(5258,9)
(387,2)
(1622,2)
(2210,9)
(3125,7)
(3413,5)
(4388,5)
(145,1)
(2480,2)
(1140,4)
(1609,3)
(2317,9)
(571,2)
(974,2)
(3538,2)
(1208,6)
(2015,2)
(2881,4)
(5678,3)
(734,2)
(2227,1)
(1209,6)
(3052,3)
(5414,2)
(578,1)
(4753,2)
(5116,7)
(1831,4)
(3412,5)
(4740,4)
(3912,1)
(4128,3)
(2070,4)
(1037,2)
(3390,4)
(2357,8)
(5940,2)
(3273,1)
(4122,9)
(944,1)
(5881,2)
(5196,4)
(5727,10)
(245,2)
(1390,9)
(3361,2)
(4804,4)
(805,4)
(6260,3)
(600,8)
(1690,2)
(5389,3)
(4344,5)
(4959,9)
(945,1)
(3080,2)
(2224,8)
(3038,6)
(3087,1)
(4787,8)
(334,3)
(4583,2)
(1409,2)
(531,1)
(1058,10)
(1838,9)
(1957,4)
(5673,2)
(1418,6)
(3685,1)
(636,3)
(5185,3)
(2747,1)
(3550,4)
(154,4)
(2323,7)
(3050,1)
(3189,3)
(573,5)
(3020,5)
(1641,4)
(5264,1)
(714,3)
(1173,10)
(1566,9)
(804,4)
(1879,1)
(3430,10)
(4887,4)
(555,5)
(874,6)
(97,4)
(1586,5)
(3115,5)
(5750,4)
(3962,10)
(5391,9)
(347,10)
(1238,1)
(3936,7)
(5701,2)
(6239,3)
(2406,10)
(2845,1)
(936,9)
(3305,9)
(1557,1)
(4078,4)
(1553,4)
(5064,4)
(1466,9)
(5329,3)
(3290,4)
(3765,5)
(5496,4)
(901,4)
(4956,2)
(455,3)
(4324,2)
(2064,2)
(3955,4)
(1438,4)
(2212,7)
(510,2)
(4957,2)
(4995,2)
(5710,3)
(228,3)
(5039,4)
(2331,4)
(2027,8)
(2898,1)
(1826,10)
(4829,4)
(8,3)
(1985,3)
(229,3)
(4762,3)
(4994,2)
(5991,10)
(4510,4)
(5711,3)
(1349,2)
(3106,1)
(4748,3)
(5745,1)
(4511,4)
(5038,4)
(483,3)
(5524,4)
(2869,1)
(2930,2)
(4798,2)
(5525,4)
(5929,10)
(6154,3)
(2465,10)
(3432,3)
(5320,5)
(5953,3)
(158,1)
(4259,3)
(1160,1)
(2888,3)
(3069,3)
(1470,3)
(3993,10)
(1671,3)
(3166,4)
(2502,1)
(6195,3)
(1433,7)
(2858,2)
(2420,1)
(3246,9)
(6259,4)
(4136,6)
(977,4)
(5832,1)
(286,1)
(5889,2)
(480,4)
(3407,5)
(3251,9)
(5257,1)
(697,4)
(5584,4)
(727,8)
(1132,6)
(1168,1)
(5644,2)
(2829,6)
(4124,8)
(4928,9)
(5231,3)
(4100,3)
(4407,1)
(2275,8)
(4772,3)
(2382,8)
(2807,4)
(3672,7)
(5935,8)
(3093,3)
(2102,1)
(3248,8)
(3541,3)
(3800,1)
(5815,1)
(6226,1)
(2042,2)
(5691,2)
(517,3)
(4484,1)
(4595,10)
(691,3)
(5730,4)
(3054,3)
(5511,3)
(2340,2)
(2455,5)
(3944,1)
(4298,5)
(3935,3)
(5762,4)
(2218,8)
(5309,6)
(2410,9)
(2575,10)
(5823,4)
(3971,3)
(5794,1)
(2058,3)
(3433,3)
(5321,5)
(5552,3)
(554,5)
(5457,1)
(369,7)
(5888,2)
(2219,8)
(4562,1)
(166,3)
(1049,2)
(4086,4)
(4409,10)
(208,1)
(449,2)
(1585,4)
(1776,3)
(1996,2)
(3545,3)
(2010,2)
(3557,2)
(2683,1)
(4060,3)
(1303,1)
(2654,5)
(247,2)
(1868,1)
(5531,10)
(6046,4)
(55,3)
(4004,4)
(1689,9)
(2483,2)
(3249,4)
(5124,4)
(5814,8)
(3891,1)
(5190,2)
(694,2)
(311,1)
(376,3)
(401,2)
(3817,1)
(4236,4)
(2816,1)
(4875,6)
(1088,2)
(2817,1)
(2528,2)
(4809,5)
(1640,4)
(2259,3)
(2674,10)
(4518,4)
(333,2)
(3542,5)
(2201,5)
(5720,6)
(2970,1)
(3481,3)
(4760,4)
(2346,10)
(6071,2)
(513,3)
(1870,2)
(676,4)
(3333,8)
(5276,9)
(5361,4)
(2953,9)
(1436,1)
(3009,7)
(548,3)
(3991,2)
(138,2)
(3121,4)
(3008,7)
(5851,8)
(105,3)
(1518,2)
(549,3)
(556,7)
(3477,4)
(4462,5)
(1923,3)
(5850,8)
(557,7)
(3138,6)
(3293,8)
(3399,10)
(3476,4)
(60,2)
(367,9)
(262,1)
(5289,1)
(1571,4)
(5207,2)
(5394,8)
(2365,2)
(4728,2)
(1637,1)
(109,4)
(3218,8)
(3219,8)
(4886,4)
(543,1)
(5598,4)
(1473,2)
(1964,4)
(1804,2)
(3417,4)
(4467,1)
(6140,5)
(2478,5)
(4239,5)
(2479,5)
(635,7)
(4256,3)
(5698,8)
(5913,9)
(4322,3)
(6007,4)
(3839,1)
(495,3)
(1056,1)
(2731,2)
(2730,2)
(5681,7)
(888,6)
(6185,3)
(2546,7)
(2557,4)
(5155,4)
(3213,1)
(5580,1)
(1326,5)
(2787,4)
(1375,2)
(6114,5)
(791,5)
(5242,9)
(3665,4)
(4190,3)
(4006,3)
(2428,2)
(5243,9)
(1589,9)
(1010,2)
(5581,1)
(3212,1)
(4225,4)
(5594,4)
(6243,3)
(61,2)
(5134,2)
(2711,1)
(3128,3)
(1047,3)
(2756,3)
(1849,1)
(3652,8)
(6232,4)
(1180,8)
(3005,1)
(4931,5)
(5270,3)
(584,4)
(1677,10)
(2695,3)
(1912,7)
(4607,3)
(257,7)
(1181,8)
(2876,1)
(221,8)
(256,7)
(396,1)
(5841,3)
(278,1)
(2138,3)
(4197,3)
(872,6)
(1603,2)
(3177,6)
(6080,4)
(873,6)
(2854,2)
(452,1)
(717,10)
(1783,5)
(5816,1)
(4621,1)
(435,9)
(3520,2)
(5570,1)
(5817,1)
(2114,1)
(3773,4)
(1887,1)
(4848,7)
(918,4)
(2827,3)
(4849,7)
(2408,4)
(5113,6)
(1886,1)
(4213,4)
(298,10)
(2409,4)
(1782,5)
(2855,2)
(5082,7)
(5693,2)
(2456,1)
(2721,3)
(240,5)
(4189,3)
(3838,1)
(1044,5)
(5283,3)
(1840,10)
(2158,4)
(2815,3)
(3226,9)
(3819,4)
(5934,8)
(326,2)
(2459,2)
(5729,1)
(6168,4)
(474,1)
(2345,4)
(1522,3)
(5100,6)
(5209,2)
(3562,1)
(4721,7)
(1007,3)
(285,3)
(2226,1)
(4167,8)
(5798,1)
(2122,2)
(4991,4)
(2319,3)
(5604,7)
(704,4)
(4719,3)
(417,5)
(5202,5)
(705,4)
(1498,2)
(475,1)
(2556,4)
(2318,3)
(2547,7)
(1643,4)
(4934,3)
(738,5)
(1499,2)
(314,3)
(4283,2)
(3630,4)
(5519,8)
(5151,1)
(5214,2)
(3278,2)
(3424,3)
(3425,3)
(4154,1)
(4759,3)
(1429,9)
(2728,3)
(4622,2)
(239,2)
(680,7)
(2661,3)
(2814,3)
(942,2)
(1461,8)
(761,2)
(2334,4)
(4295,4)
(4308,8)
(2121,3)
(3546,7)
(4571,1)
(2265,4)
(3296,1)
(1145,3)
(5970,6)
(847,6)
(5621,6)
(1694,8)
(4695,3)
(3511,1)
(5932,4)
(3061,1)
(4694,3)
(1604,2)
(3060,1)
(4383,4)
(2045,9)
(1576,2)
(3297,1)
(218,3)
(1455,6)
(1667,2)
(4390,1)
(3729,1)
(4106,1)
(783,2)
(1666,2)
(4084,6)
(6127,4)
(4302,4)
(5077,3)
(2512,3)
(2601,1)
(589,8)
(926,4)
(2541,10)
(2762,7)
(1891,9)
(2020,4)
(252,2)
(6005,2)
(1501,1)
(3692,10)
(1063,2)
(5672,2)
(1936,3)
(2145,3)
(6004,2)
(927,4)
(1412,1)
(3735,7)
(5732,2)
(4859,6)
(4960,1)
(6098,2)
(1500,1)
(6133,4)
(509,1)
(1616,3)
(1052,2)
(1413,1)
(4447,2)
(6132,4)
(4446,2)
(2621,1)
(4360,2)
(1913,7)
(3486,3)
(4606,3)
(4629,2)
(577,4)
(5671,10)
(6190,3)
(2839,1)
(6268,1)
(3015,3)
(324,6)
(4159,7)
(5122,2)
(1136,2)
(5459,1)
(3228,2)
(5123,2)
(3117,3)
(3214,3)
(5158,2)
(5515,5)
(2492,9)
(2755,7)
(2248,7)
(2493,9)
(2593,3)
(3116,2)
(4150,2)
(5159,3)
(134,1)
(2989,1)
(1509,1)
(1556,1)
(395,2)
(4170,1)
(415,2)
(1754,2)
(3650,3)
(6033,4)
(794,1)
(5011,2)
(6227,1)
(3165,2)
(3334,8)
(2980,5)
(414,2)
(3255,10)
(6079,4)
(647,1)
(5852,6)
(2404,1)
(5563,4)
(5774,4)
(1793,3)
(6088,1)
(3135,10)
(5080,3)
(1125,7)
(5582,2)
(780,3)
(4413,7)
(762,1)
(3949,8)
(748,4)
(5759,2)
(443,3)
(1344,4)
(3089,7)
(5593,2)
(5772,3)
(1345,4)
(2132,9)
(4342,10)
(4703,1)
(876,4)
(1009,1)
(3055,3)
(5076,3)
(5649,1)
(4240,1)
(5487,2)
(5902,3)
(2294,10)
(3283,2)
(2,10)
(3899,7)
(590,1)
(1227,3)
(3084,1)
(2562,10)
(642,5)
(3201,10)
(643,5)
(1902,2)
(3322,3)
(345,3)
(4156,2)
(3444,7)
(4827,3)
(1903,2)
(3718,8)
(6,5)
(3781,3)
(1108,8)
(3571,6)
(3285,3)
(4712,1)
(175,4)
(121,4)
(1514,3)
(1478,2)
(6103,4)
(2793,3)
(5652,1)
(2225,10)
(4786,8)
(2558,3)
(5233,3)
(1138,4)
(5653,1)
(4271,3)
(5183,3)
(5834,1)
(2955,2)
(3342,10)
(1054,3)
(1139,4)
(3360,2)
(6267,5)
(4135,3)
(2994,6)
(3387,5)
(3120,4)
(3185,4)
(5684,9)
(4075,3)
(4098,1)
(482,3)
(1469,2)
(4099,1)
(4138,1)
(3776,2)
(4139,1)
(2322,7)
(4401,9)
(485,5)
(4248,4)
(5184,3)
(484,5)
(1397,10)
(444,2)
(5899,4)
(445,2)
(3822,1)
(2238,2)
(4675,7)
(754,6)
(478,2)
(4165,1)
(250,7)
(5717,3)
(1678,2)
(3205,1)
(3524,5)
(4853,4)
(5978,1)
(2750,4)
(5979,1)
(30,4)
(1679,2)
(2751,4)
(3960,4)
(3703,7)
(4880,6)
(6145,7)
(790,5)
(2429,2)
(1141,4)
(5396,6)
(6216,4)
(205,4)
(1834,4)
(1835,4)
(5022,3)
(506,9)
(1215,4)
(1727,10)
(507,9)
(628,5)
(2149,2)
(2902,3)
(3883,9)
(2143,4)
(2889,3)
(251,7)
(859,3)
(6156,1)
(404,2)
(6157,1)
(2596,1)
(3601,4)
(1512,2)
(3261,1)
(4205,8)
(2307,4)
(3600,4)
(4445,4)
(5662,1)
(5004,7)
(5907,4)
(2470,3)
(5005,7)
(1691,2)
(5618,9)
(162,10)
(3241,4)
(2471,3)
(5008,4)
(1595,3)
(2968,2)
(2636,2)
(2937,2)
(1281,4)
(5642,4)
(3589,7)
(4850,4)
(2065,2)
(2504,2)
(2183,5)
(2926,2)
(5322,1)
(238,2)
(3439,6)
(66,6)
(5323,1)
(3179,3)
(3396,10)
(67,6)
(4852,4)
(6222,2)
(4454,4)
(6113,2)
(2288,4)
(4693,5)
(2289,4)
(5428,2)
(2800,1)
(3349,2)
(1970,4)
(2419,3)
(3369,3)
(5240,10)
(2965,2)
(3088,7)
(3990,2)
(5659,10)
(3539,2)
(4546,1)
(6035,3)
(6034,3)
(6049,10)
(3463,4)
(6048,10)
(2887,3)
(3462,4)
(922,8)
(3195,2)
(1524,4)
(4687,4)
(2886,3)
(2949,10)
(550,2)
(1525,4)
(5606,3)
(6111,3)
(5903,3)
(6110,3)
(551,2)
(3142,1)
(2152,2)
(1268,1)
(2153,2)
(870,2)
(5167,2)
(664,4)
(1269,1)
(3846,2)
(316,4)
(2568,4)
(3847,2)
(4311,3)
(6070,2)
(1183,2)
(2178,1)
(5480,7)
(3914,8)
(5683,4)
(1706,4)
(1065,3)
(5682,4)
(1837,2)
(5936,6)
(1074,3)
(2569,4)
(1075,3)
(2090,1)
(4083,1)
(2719,2)
(5694,3)
(910,3)
(4739,6)
(371,3)
(373,1)
(3714,6)
(4660,9)
(2591,3)
(4894,8)
(5522,3)
(5731,4)
(3568,4)
(5341,4)
(1794,2)
(5327,2)
(2293,10)
(5418,4)
(3056,5)
(3525,5)
(3057,5)
(4698,3)
(4699,3)
(5722,2)
(5716,3)
(5723,2)
(1939,3)
(3900,4)
(1146,2)
(1398,4)
(3225,5)
(4881,6)
(2760,4)
(4597,2)
(661,4)
(768,8)
(1942,9)
(769,8)
(1943,9)
(4878,1)
(3078,1)
(4879,1)
(546,7)
(3746,1)
(547,7)
(2469,6)
(5166,2)
(100,4)
(427,4)
(2617,2)
(4604,2)
(4869,4)
(4284,7)
(4605,2)
(1655,2)
(4716,2)
(1820,10)
(4285,7)
(1722,10)
(1821,10)
(1723,10)
(733,2)
(5030,2)
(4670,1)
(1896,2)
(2213,7)
(4550,5)
(2776,3)
(5647,4)
(4238,5)
(5217,4)
(736,10)
(737,10)
(3126,1)
(3127,1)
(2862,4)
(5305,9)
(2863,4)
(3526,2)
(2037,8)
(3318,4)
(3319,4)
(2666,4)
(4395,1)
(6054,7)
(6065,1)
(2796,4)
(6055,7)
(172,4)
(3849,2)
(2578,10)
(3315,2)
(1348,2)
(5931,2)
(2195,1)
(5510,3)
(1333,3)
(4672,7)
(2841,1)
(3806,4)
(2418,3)
(2801,1)
(375,2)
(2126,9)
(1039,3)
(5546,4)
(4191,3)
(2251,8)
(4007,3)
(5146,3)
(4559,3)
(2993,2)
(4690,3)
(3230,9)
(3681,1)
(993,1)
(5862,3)
(4015,9)
(4112,4)
(4838,3)
(1483,8)
(3879,4)
(4680,1)
(3648,3)
(4681,1)
(1190,2)
(1191,2)
(3068,3)
(3649,3)
(3637,1)
(5025,1)
(5316,1)
(540,1)
(5163,10)
(31,4)
(6032,4)
(214,3)
(857,2)
(757,6)
(1602,2)
(5942,4)
(655,2)
(2458,2)
(5101,6)
(5154,4)
(5808,4)
(5365,2)
(747,2)
(5222,1)
(1780,6)
(4009,5)
(1606,1)
(564,4)
(2313,3)
(5444,8)
(4196,3)
(6097,1)
(2767,4)
(3668,1)
(976,4)
(4901,3)
(3669,1)
(5104,6)
(2910,9)
(4697,7)
(1022,6)
(3229,2)
(1439,4)
(4532,7)
(3552,4)
(6173,6)
(1243,1)
(3242,3)
(1952,4)
(6271,9)
(523,1)
(5392,4)
(1925,5)
(2826,3)
(111,10)
(5706,3)
(3450,3)
(3905,4)
(4187,4)
(5918,1)
(2230,6)
(3595,3)
(4938,3)
(4939,3)
(1040,4)
(4183,9)
(2916,2)
(4495,3)
(5227,6)
(1167,3)
(2096,7)
(1803,8)
(2312,3)
(2948,10)
(5607,3)
(2394,9)
(5613,3)
(645,1)
(1548,10)
(3168,4)
(4587,4)
(2688,3)
(1657,3)
(5162,10)
(3324,1)
(3725,4)
(1364,3)
(1491,1)
(1319,9)
(3556,2)
(5887,9)
(378,2)
(3428,1)
(1477,4)
(3884,3)
(3885,3)
(4652,4)
(5503,3)
(3353,1)
(5504,1)
(2644,4)
(4653,4)
(3385,1)
(4014,9)
(79,1)
(632,4)
(2645,4)
(4842,4)
(3709,9)
(3976,3)
(3271,4)
(4578,1)
(597,8)
(1946,2)
(1818,3)
(3453,3)
(2163,2)
(5984,2)
(1123,1)
(2361,2)
(5756,1)
(2491,9)
(4046,5)
(3780,3)
(4219,8)
(5460,9)
(2531,2)
(7,5)
(574,10)
(1872,3)
(3079,1)
(243,2)
(2328,2)
(4364,3)
(6217,4)
(4365,3)
(749,4)
(5288,1)
(763,1)
(3702,7)
(666,2)
(729,4)
(411,1)
(4494,3)
(494,3)
(1057,1)
(1654,2)
(5943,4)
(598,2)
(949,9)
(420,3)
(629,5)
(2005,2)
(6164,8)
(380,4)
(1463,4)
(3560,3)
(3783,3)
(3073,7)
(4800,1)
(3186,3)
(4801,1)
(1462,4)
(3187,3)
(4286,6)
(4514,2)
(5921,4)
(2369,7)
(4350,1)
(4025,3)
(1370,6)
(2667,4)
(4024,3)
(5437,9)
(1371,6)
(4788,5)
(2733,3)
(3882,9)
(4251,8)
(4309,8)
(6028,5)
(2802,4)
(5791,6)
(4361,2)
(2203,10)
(5892,3)
(6151,2)
(3699,4)
(3728,1)
(196,2)
(2231,6)
(5853,6)
(919,4)
(4212,4)
(5571,1)
(3521,2)
(6150,2)
(3890,1)
(4149,1)
(675,1)
(3370,5)
(3270,4)
(3331,1)
(595,2)
(5012,4)
(5733,2)
(6012,1)
(2144,3)
(6099,2)
(2871,3)
(5743,8)
(5742,8)
(5807,3)
(637,3)
(5806,3)
(72,2)
(424,2)
(3529,2)
(1661,4)
(4780,3)
(4781,3)
(5538,4)
(1816,7)
(2257,3)
(803,1)
(2539,3)
(2664,1)
(321,1)
(1038,3)
(318,3)
(6234,3)
(802,1)
(5533,6)
(450,3)
(971,1)
(1244,10)
(758,1)
(1245,10)
(1092,2)
(6231,1)
(274,3)
(759,1)
(2166,6)
(5623,2)
(275,3)
(1014,10)
(185,2)
(490,6)
(282,4)
(5145,4)
(283,4)
(2928,2)
(4558,3)
(1272,1)
(2929,2)
(491,6)
(2078,1)
(994,4)
(1066,3)
(1273,1)
(2746,1)
(1067,3)
(2964,2)
(5126,4)
(5443,2)
(1453,10)
(2786,4)
(1658,3)
(5313,2)
(896,2)
(4373,6)
(5057,8)
(2791,5)
(3617,10)
(5854,4)
(2181,3)
(4372,6)
(2250,8)
(4339,1)
(897,2)
(2962,9)
(2710,1)
(187,8)
(1998,1)
(530,1)
(4507,1)
(934,1)
(5431,3)
(5820,8)
(6073,8)
(1662,1)
(3405,3)
(3593,3)
(4198,1)
(102,1)
(5641,4)
(1411,8)
(5430,3)
(1083,3)
(6252,4)
(1410,8)
(2707,4)
(4180,3)
(5821,8)
(1962,4)
(1973,3)
(3886,1)
(2199,1)
(5110,9)
(1377,2)
(5640,4)
(2247,1)
(3108,1)
(3598,1)
(1955,2)
(2198,1)
(1972,3)
(5737,9)
(6265,1)
(1954,2)
(3491,9)
(3196,5)
(103,1)
(6264,1)
(1977,10)
(3490,9)
(112,2)
(1663,1)
(1376,2)
(6253,4)
(1976,10)
(3745,2)
(3744,2)
(4067,6)
(402,3)
(2463,1)
(451,3)
(4066,6)
(73,2)
(970,1)
(2036,8)
(2329,2)
(3527,2)
(1620,5)
(3101,5)
(5286,1)
(5957,4)
(960,3)
(1989,8)
(5287,1)
(961,3)
(4242,8)
(1800,4)
(2589,9)
(1813,1)
(1986,8)
(4133,1)
(1069,1)
(956,4)
(3683,3)
(1162,3)
(2393,4)
(1305,9)
(1156,2)
(3943,8)
(3641,10)
(4668,1)
(108,4)
(4669,1)
(1316,3)
(1563,1)
(892,3)
(3871,4)
(1317,3)
(6209,1)
(686,6)
(3429,1)
(4158,7)
(4351,1)
(4394,1)
(2423,3)
(2899,1)
(4980,1)
(1608,3)
(6257,3)
(436,2)
(5335,3)
(6242,3)
(2354,3)
(17,2)
(4515,2)
(4813,6)
(2771,4)
(5334,3)
(4650,2)
(4967,9)
(1386,5)
(4745,9)
(5312,2)
(3674,1)
(4353,1)
(4458,8)
(199,4)
(408,8)
(770,1)
(3467,3)
(1631,1)
(4620,1)
(2068,5)
(5909,8)
(1516,9)
(6251,4)
(1403,1)
(1536,2)
(3569,4)
(6092,5)
(2606,2)
(3533,10)
(222,1)
(699,4)
(683,6)
(1101,2)
(4352,1)
(1745,1)
(5542,4)
(624,3)
(1981,2)
(1659,3)
(4955,3)
(5020,3)
(5310,4)
(5543,4)
(1488,4)
(2941,1)
(703,4)
(2940,1)
(5425,7)
(1457,4)
(4254,2)
(702,4)
(3675,1)
(3958,1)
(4381,6)
(4475,3)
(4530,2)
(2770,4)
(2618,7)
(3347,6)
(1559,5)
(3308,1)
(3957,1)
(2983,4)
(4320,3)
(5208,2)
(2960,3)
(3727,3)
(253,2)
(5156,6)
(5587,3)
(1107,2)
(6084,4)
(2381,4)
(2540,10)
(2510,3)
(3807,4)
(3090,1)
(4733,2)
(6201,3)
(569,4)
(3110,2)
(610,2)
(1876,3)
(2913,7)
(730,2)
(3645,1)
(1574,3)
(6001,2)
(4209,1)
(4270,3)
(266,4)
(3123,2)
(6187,8)
(2091,1)
(3048,2)
(3207,8)
(3456,6)
(96,4)
(1250,1)
(1163,3)
(3798,4)
(3670,10)
(4181,3)
(4120,3)
(340,3)
(1877,3)
(125,9)
(223,1)
(586,2)
(3659,1)
(5610,4)
(5311,4)
(341,3)
(4496,2)
(1867,10)
(4904,2)
(3134,10)
(4919,1)
(4737,1)
(6224,7)
(1280,4)
(2895,1)
(2023,1)
(2912,7)
(3045,10)
(1099,4)
(5972,3)
(2894,1)
(5513,4)
(1389,4)
(1100,2)
(4431,4)
(2859,2)
(2932,6)
(634,7)
(3276,1)
(5043,1)
(884,4)
(2407,10)
(1186,1)
(2513,3)
(4658,1)
(1866,10)
(2933,6)
(849,1)
(3904,4)
(5178,10)
(6219,10)
(4905,2)
(5458,1)
(1282,9)
(3799,4)
(2392,4)
(4497,2)
(1283,9)
(3874,2)
(2872,6)
(3263,6)
(2384,3)
(2511,3)
(2453,2)
(5434,8)
(3035,7)
(3310,4)
(4628,2)
(6191,3)
(1024,4)
(3395,2)
(3906,3)
(3365,8)
(3753,2)
(5256,1)
(1346,1)
(2351,1)
(189,4)
(1948,10)
(4834,6)
(5839,5)
(1161,1)
(2142,4)
(119,1)
(2032,1)
(5059,1)
(5529,4)
(781,3)
(5108,2)
(4611,3)
(5964,4)
(5825,3)
(2518,1)
(4003,4)
(576,4)
(2092,4)
(4261,1)
(1467,9)
(3651,3)
(4290,4)
(4211,4)
(4346,2)
(1246,2)
(3643,4)
(3704,5)
(4835,6)
(904,2)
(2093,4)
(2180,3)
(1071,6)
(3016,2)
(1494,4)
(4347,2)
(1632,1)
(4527,2)
(1582,4)
(1224,8)
(5319,4)
(2466,1)
(4321,3)
(1732,1)
(2013,4)
(2846,2)
(3732,4)
(5255,1)
(1005,1)
(2614,7)
(2823,2)
(4412,7)
(3758,4)
(5805,4)
(2215,10)
(2754,7)
(1381,10)
(1848,1)
(1999,1)
(4506,1)
(646,1)
(6077,2)
(946,1)
(2917,2)
(978,5)
(2803,4)
(5670,10)
(6269,1)
(1843,2)
(5620,6)
(1949,10)
(6076,2)
(979,5)
(1490,1)
(1739,6)
(3510,1)
(3795,5)
(4182,9)
(3097,1)
(3204,1)
(3878,4)
(1365,3)
(3698,4)
(6146,10)
(6233,4)
(4382,4)
(4391,1)
(594,2)
(2519,1)
(2867,1)
(5554,8)
(614,1)
(4513,2)
(388,10)
(1738,6)
(2777,3)
(3916,1)
(5872,4)
(4517,1)
(4954,3)
(1653,2)
(3036,2)
(4856,1)
(1819,3)
(4398,3)
(745,10)
(3340,4)
(1241,4)
(2570,7)
(1951,3)
(2044,9)
(1988,8)
(3244,7)
(3828,2)
(5419,4)
(437,2)
(4516,1)
(88,5)
(4147,1)
(2714,5)
(3829,2)
(477,3)
(744,10)
(3638,3)
(3999,1)
(4682,4)
(4911,4)
(394,2)
(434,9)
(3371,5)
(4252,7)
(5331,1)
(1527,5)
(3420,6)
(1528,1)
(2341,2)
(2782,3)
(5967,1)
(534,2)
(1318,9)
(3335,8)
(1575,3)
(4362,10)
(476,3)
(4253,7)
(4544,1)
(374,2)
(2291,4)
(1629,4)
(2772,1)
(1628,4)
(3561,3)
(928,4)
(3209,2)
(3448,7)
(5071,3)
(3208,2)
(3449,7)
(2773,1)
(5070,3)
(4947,3)
(183,6)
(916,3)
(6089,1)
(1621,5)
(5914,2)
(289,1)
(1914,8)
(441,1)
(4570,1)
(2299,3)
(4010,1)
(6202,1)
(1769,4)
(5566,1)
(2031,3)
(4730,10)
(280,5)
(6009,10)
(3421,6)
(6160,2)
(4538,1)
(5961,4)
(2099,4)
(2526,1)
(887,8)
(3356,3)
(4795,2)
(6166,4)
(1187,1)
(5494,6)
(725,4)
(1122,1)
(3726,3)
(5463,6)
(1199,1)
(4366,9)
(3163,2)
(3762,9)
(5579,1)
(1900,5)
(5461,9)
(1709,3)
(4586,4)
(2282,8)
(2098,4)
(2439,8)
(603,2)
(5466,3)
(1958,10)
(2885,2)
(566,4)
(2283,8)
(1724,4)
(3733,4)
(2813,2)
(6090,1)
(2847,2)
(2978,3)
(3037,2)
(3442,1)
(3437,3)
(459,4)
(1064,3)
(3158,3)
(263,1)
(366,9)
(913,9)
(5810,1)
(5395,8)
(5442,2)
(1177,7)
(3266,1)
(3159,3)
(6000,2)
(618,2)
(2669,4)
(131,1)
(4168,4)
(4241,1)
(4688,1)
(4789,5)
(1708,3)
(4013,1)
(192,8)
(379,2)
(3348,2)
(5429,2)
(2812,2)
(5343,3)
(313,4)
(4945,2)
(6064,1)
(147,2)
(1176,7)
(679,8)
(2438,8)
(3981,4)
(3940,2)
(5285,3)
(2843,9)
(2878,8)
(2368,7)
(4659,1)
(2551,2)
(2668,4)
(835,4)
(5804,4)
(3697,3)
(4012,1)
(2966,4)
(3917,1)
(651,3)
(1683,3)
(6126,4)
(4435,2)
(5132,3)
(1002,3)
(1892,4)
(5031,2)
(2073,4)
(3696,3)
(421,3)
(2732,3)
(2866,1)
(3458,4)
(1549,10)
(5114,2)
(180,3)
(1971,4)
(3850,2)
(5467,3)
(5873,4)
(6091,1)
(1682,3)
(3851,2)
(56,3)
(405,2)
(3328,1)
(5811,1)
(6161,2)
(3986,8)
(5439,3)
(1308,2)
(3193,10)
(57,3)
(858,3)
(2150,2)
(3267,1)
(2112,5)
(3373,10)
(2072,4)
(2151,2)
(3558,3)
(4651,2)
(1330,2)
(2975,2)
(932,2)
(4539,1)
(1497,1)
(2290,4)
(5298,2)
(929,4)
(4946,3)
(3288,3)
(3531,9)
(1061,3)
(3836,3)
(1265,1)
(4126,2)
(1264,1)
(3837,3)
(4415,3)
(5518,8)
(5272,3)
(191,1)
(3870,4)
(94,1)
(3245,7)
(4029,6)
(5088,5)
(5133,3)
(3058,6)
(5845,2)
(535,2)
(4096,4)
(1535,9)
(5216,4)
(1338,4)
(5421,2)
(608,1)
(5797,4)
(633,4)
(6218,10)
(3502,4)
(151,3)
(4358,2)
(5306,9)
(2353,10)
(5032,8)
(200,4)
(4185,3)
(2352,10)
(3289,3)
(1978,5)
(2019,2)
(788,9)
(1825,1)
(5033,8)
(824,6)
(1357,4)
(201,4)
(1824,1)
(3730,2)
(5273,3)
(893,3)
(4184,3)
(4965,4)
(5896,7)
(821,6)
(1322,1)
(6058,3)
(1687,3)
(2140,2)
(924,3)
(1841,10)
(1279,1)
(3563,1)
(5042,1)
(2330,4)
(4101,3)
(5384,7)
(538,5)
(2609,1)
(4279,3)
(4292,2)
(4964,4)
(774,3)
(4647,2)
(638,7)
(5073,6)
(811,3)
(5786,3)
(3277,1)
(5712,3)
(1030,3)
(1863,1)
(810,3)
(3763,9)
(5996,6)
(327,2)
(5282,3)
(742,7)
(1045,5)
(539,5)
(3351,3)
(5230,3)
(5713,3)
(1079,5)
(5410,1)
(1415,3)
(5614,3)
(5018,3)
(5615,3)
(6220,4)
(5019,3)
(5898,4)
(743,7)
(1078,5)
(1832,3)
(5377,1)
(6184,3)
(4039,8)
(4720,7)
(215,3)
(3972,2)
(654,2)
(889,6)
(422,9)
(817,3)
(1026,1)
(1109,8)
(1358,3)
(5675,3)
(423,9)
(2588,9)
(4079,4)
(4280,10)
(135,1)
(1508,1)
(3275,4)
(4824,3)
(1544,10)
(1987,8)
(5390,9)
(5037,4)
(1096,1)
(5065,4)
(2792,3)
(4615,3)
(5426,7)
(3059,6)
(5780,4)
(2737,1)
(5844,2)
(5721,6)
(2952,9)
(4625,7)
(5302,4)
(2437,2)
(2736,1)
(941,2)
(1672,1)
(3627,10)
(3766,5)
(3386,5)
(6189,3)
(1106,2)
(2385,3)
(2691,2)
(5796,4)
(3154,8)
(5725,9)
(541,1)
(908,4)
(2583,3)
(4564,8)
(4310,3)
(698,4)
(1251,1)
(3658,1)
(5561,1)
(3475,3)
(4463,5)
(4752,2)
(163,10)
(2690,2)
(3831,1)
(4176,2)
(975,2)
(4300,5)
(2347,10)
(3708,9)
(3551,4)
(6230,1)
(1256,2)
(4569,9)
(5547,4)
(184,2)
(4273,1)
(5402,9)
(1701,2)
(3616,10)
(3671,10)
(5056,8)
(403,3)
(2197,2)
(617,7)
(1120,2)
(4635,1)
(935,1)
(1070,6)
(2196,2)
(6115,5)
(2706,4)
(5111,9)
(980,6)
(5119,1)
(1700,2)
(2790,5)
(5403,9)
(5118,1)
(5127,4)
(1011,2)
(1374,2)
(4272,1)
(3129,3)
(4568,9)
(1257,2)
(3026,7)
(1749,4)
(3779,4)
(2451,3)
(3576,2)
(3887,1)
(5370,3)
(5855,4)
(585,4)
(2450,3)
(2462,1)
(3027,7)
(2877,1)
(5840,3)
(397,1)
(2472,8)
(4229,7)
(5988,10)
(4276,2)
(5375,3)
(4121,3)
(1015,10)
(5144,4)
(110,10)
(3605,4)
(1158,2)
(1953,4)
(1143,1)
(4594,10)
(5707,3)
(3987,8)
(5094,4)
(3628,3)
(5235,2)
(2311,2)
(5017,10)
(4250,8)
(5893,3)
(1911,2)
(2228,2)
(4011,1)
(4174,4)
(5174,4)
(4768,2)
(5175,4)
(3501,3)
(4742,4)
(1630,1)
(4769,2)
(5170,10)
(1142,1)
(3457,6)
(2811,2)
(3206,8)
(1795,2)
(1956,4)
(1737,3)
(2810,2)
(1736,3)
(2873,6)
(1905,4)
(3130,2)
(4985,4)
(3330,1)
(5473,6)
(2018,2)
(3629,3)
(389,10)
(2715,5)
(4488,4)
(789,9)
(3530,9)
(4826,3)
(5777,3)
(1290,7)
(5013,4)
(840,2)
(3023,3)
(2237,7)
(5052,3)
(3482,4)
(4369,6)
(3483,4)
(4806,4)
(3216,5)
(4807,4)
(6204,2)
(301,5)
(898,7)
(5028,1)
(6205,2)
(1315,6)
(5688,2)
(2500,4)
(3303,1)
(1596,4)
(4461,2)
(1291,7)
(3642,4)
(658,3)
(4673,7)
(659,3)
(5926,8)
(1931,4)
(3284,3)
(3494,2)
(4713,1)
(2309,3)
(3170,7)
(692,1)
(3507,7)
(1328,1)
(4417,9)
(2635,9)
(5060,3)
(406,10)
(2607,2)
(2549,3)
(2794,5)
(2646,2)
(4649,4)
(3422,3)
(4845,1)
(140,10)
(4457,3)
(3174,7)
(3423,3)
(3171,7)
(5300,6)
(1254,3)
(3175,7)
(5278,3)
(5924,2)
(82,10)
(1255,3)
(83,10)
(3446,2)
(1387,5)
(5946,1)
(3182,3)
(3447,2)
(2477,4)
(3814,1)
(2686,2)
(3183,3)
(4949,4)
(5766,4)
(2271,4)
(3584,2)
(453,1)
(2680,4)
(1966,2)
(3585,2)
(955,1)
(1740,4)
(1967,2)
(3812,4)
(2559,3)
(2954,2)
(244,2)
(5061,3)
(3039,10)
(3086,6)
(3074,4)
(3343,10)
(1188,3)
(3075,4)
(288,1)
(809,3)
(1787,2)
(6008,10)
(4316,7)
(281,5)
(6188,3)
(609,1)
(1656,3)
(2995,6)
(5724,9)
(2173,4)
(3240,4)
(5297,4)
(2648,3)
(3155,8)
(3636,1)
(4565,8)
(2582,3)
(4161,2)
(1391,9)
(2414,2)
(1116,2)
(2179,1)
(2172,4)
(5611,4)
(587,2)
(1182,2)
(4696,7)
(4921,5)
(627,6)
(1587,5)
(6128,1)
(626,6)
(3471,5)
(2848,7)
(4877,2)
(124,9)
(2911,9)
(4396,1)
(3470,5)
(6248,4)
(512,3)
(6249,4)
(5560,1)
(5901,10)
(361,1)
(808,3)
(4805,4)
(3184,4)
(5317,1)
(2626,2)
(4031,4)
(721,3)
(3380,2)
(4404,1)
(5619,9)
(2685,3)
(3894,6)
(2379,2)
(4070,3)
(2868,1)
(4723,2)
(2252,4)
(4071,3)
(2403,3)
(6254,1)
(623,5)
(1016,1)
(1916,3)
(3923,7)
(854,5)
(6123,1)
(6122,1)
(2396,6)
(2905,10)
(848,1)
(3701,1)
(2229,2)
(4438,3)
(2882,5)
(3411,8)
(1645,4)
(1910,2)
(1519,2)
(5454,4)
(4481,2)
(4131,1)
(5050,9)
(5171,10)
(323,5)
(2908,6)
(649,4)
(5128,4)
(5482,7)
(3299,1)
(4314,4)
(2310,2)
(4485,1)
(2783,3)
(5802,3)
(2344,4)
(5161,8)
(2118,4)
(492,4)
(1845,2)
(739,5)
(4414,3)
(4228,7)
(5129,4)
(776,5)
(6095,1)
(62,4)
(1311,3)
(2056,2)
(648,4)
(2119,4)
(682,6)
(1137,2)
(2991,1)
(5483,7)
(1159,2)
(3604,4)
(2525,10)
(4592,10)
(4073,3)
(5702,4)
(965,1)
(4784,2)
(5136,7)
(6101,4)
(709,7)
(1222,7)
(5596,6)
(392,3)
(5655,3)
(1223,7)
(1300,7)
(393,3)
(5464,3)
(732,2)
(4785,2)
(3968,3)
(4593,10)
(3250,9)
(4173,4)
(1301,7)
(1852,3)
(3376,1)
(5499,4)
(5654,3)
(5703,4)
(63,4)
(795,1)
(1772,2)
(466,7)
(5465,3)
(4572,4)
(6017,8)
(652,9)
(3830,1)
(4032,1)
(4573,4)
(428,3)
(4479,1)
(3572,4)
(4177,2)
(3573,4)
(3752,2)
(4172,4)
(2587,8)
(3112,9)
(687,6)
(2376,1)
(1492,3)
(1521,3)
(2378,2)
(50,7)
(3339,4)
(504,2)
(2973,4)
(693,1)
(2264,4)
(570,2)
(1577,2)
(2974,2)
(3133,10)
(1684,3)
(2281,2)
(1331,2)
(5842,10)
(1827,10)
(5382,1)
(1309,2)
(1496,1)
(890,10)
(1087,3)
(276,10)
(565,4)
(1294,1)
(5363,8)
(5572,5)
(1206,10)
(1449,2)
(4810,4)
(1207,10)
(3122,2)
(1446,9)
(4175,4)
(1448,2)
(4943,4)
(5387,1)
(5558,4)
(583,5)
(2373,7)
(2446,1)
(4312,6)
(2476,4)
(3975,1)
(2918,4)
(3007,9)
(93,3)
(674,1)
(582,5)
(3317,10)
(2702,4)
(5843,10)
(2544,7)
(2681,4)
(1295,1)
(4942,4)
(2113,5)
(3132,10)
(2703,4)
(3192,10)
(446,10)
(1909,2)
(3951,3)
(4002,4)
(841,2)
(4424,2)
(1414,3)
(4929,9)
(505,2)
(1234,1)
(3418,7)
(5376,1)
(1714,2)
(2077,7)
(328,2)
(5383,1)
(1715,2)
(2972,4)
(1520,3)
(6131,1)
(5347,8)
(5412,9)
(2604,2)
(4115,4)
(3021,5)
(5346,8)
(4114,4)
(4305,2)
(1114,4)
(5645,2)
(351,3)
(4642,4)
(1228,7)
(1929,7)
(165,2)
(2208,4)
(3634,2)
(5819,10)
(5822,4)
(307,5)
(5036,4)
(2605,2)
(3028,8)
(113,2)
(1770,4)
(4393,1)
(4313,6)
(4392,1)
(2256,3)
(5152,3)
(5977,2)
(4245,2)
(5860,2)
(1068,1)
(1895,8)
(418,2)
(5433,5)
(1050,1)
(3603,2)
(4674,7)
(4244,2)
(5885,2)
(1373,9)
(5950,3)
(2693,4)
(3312,3)
(2819,7)
(4634,1)
(1051,3)
(2411,2)
(2574,9)
(3602,1)
(5432,5)
(5795,1)
(862,1)
(4068,8)
(5861,2)
(5734,7)
(5779,3)
(2249,7)
(2988,1)
(1211,2)
(3640,10)
(3316,10)
(5045,5)
(5573,5)
(5735,7)
(5884,2)
(6069,2)
(5307,9)
(5768,4)
(407,10)
(580,8)
(2548,3)
(3151,8)
(2634,9)
(5911,2)
(1919,3)
(2640,5)
(49,4)
(4092,3)
(2391,1)
(4708,4)
(2641,5)
(6102,4)
(1579,3)
(3150,8)
(141,10)
(248,7)
(1479,2)
(3880,1)
(48,4)
(1515,3)
(4076,10)
(4429,4)
(3881,1)
(4648,4)
(1578,3)
(2795,5)
(2920,7)
(4727,4)
(2698,8)
(4449,2)
(2332,2)
(2921,7)
(4726,4)
(4983,7)
(2333,2)
(4982,7)
(2324,1)
(4685,2)
(832,2)
(2840,1)
(4326,2)
(5491,3)
(3911,4)
(4656,1)
(1267,8)
(1807,5)
(3488,2)
(4374,3)
(4453,2)
(3341,4)
(4375,3)
(5210,1)
(1193,3)
(3160,10)
(2314,1)
(4819,9)
(1696,4)
(5211,1)
(5989,10)
(4691,3)
(4890,10)
(746,2)
(5847,2)
(5878,4)
(1347,1)
(5528,4)
(5568,3)
(5965,4)
(5968,6)
(1495,4)
(4610,3)
(5969,6)
(5986,2)
(562,2)
(2051,10)
(563,2)
(4354,8)
(4355,8)
(5838,5)
(2033,6)
(2050,10)
(4069,8)
(5058,1)
(5987,2)
(167,3)
(1046,3)
(1073,2)
(4008,5)
(4533,7)
(1731,2)
(2632,1)
(4049,3)
(5534,4)
(1730,2)
(5557,8)
(751,3)
(4048,3)
(4428,4)
(4567,9)
(2194,1)
(5523,3)
(3513,2)
(3676,2)
(611,2)
(5409,4)
(47,2)
(3848,2)
(173,4)
(5874,3)
(4380,6)
(5535,4)
(5875,3)
(6045,3)
(6050,2)
(3043,2)
(5882,4)
(6179,7)
(2725,6)
(6178,7)
(560,4)
(1157,2)
(2136,3)
(4825,3)
(188,4)
(1059,10)
(479,2)
(1164,1)
(1801,4)
(4132,1)
(292,9)
(3970,3)
(5747,7)
(5006,1)
(5883,4)
(653,9)
(3274,4)
(236,4)
(5299,2)
(271,1)
(4542,9)
(5746,7)
(293,9)
(2127,9)
(5362,8)
(270,1)
(3677,2)
(4916,4)
(419,2)
(5044,5)
(1150,3)
(2447,1)
(6186,8)
(923,8)
(2560,1)
(950,4)
(4367,9)
(5308,6)
(5895,10)
(1802,8)
(4531,2)
(5223,1)
(4297,5)
(6100,4)
(1719,3)
(4888,3)
(4137,6)
(5364,2)
(2306,4)
(3109,1)
(3710,8)
(2766,4)
(5445,8)
(2524,10)
(3113,9)
(4889,3)
(4958,9)
(1934,1)
(5393,4)
(1924,5)
(5105,6)
(101,4)
(2586,8)
(522,1)
(3873,4)
(3375,4)
(4296,5)
(3374,4)
(3519,8)
(426,4)
(5137,7)
(1855,9)
(4646,2)
(5782,10)
(2305,1)
(5397,6)
(5565,9)
(1718,3)
(2633,1)
(6118,4)
(1829,3)
(4474,3)
(1607,1)
(4638,1)
(152,4)
(575,10)
(6172,6)
(462,1)
(671,3)
(3292,8)
(5765,7)
(877,4)
(1675,8)
(3378,6)
(4671,1)
(4343,10)
(6258,4)
(3553,4)
(5564,9)
(4551,5)
(5422,7)
(3379,6)
(3920,2)
(3512,2)
(3959,1)
(1674,8)
(4639,1)
(2825,2)
(4860,3)
(1897,2)
(3948,8)
(518,3)
(1151,3)
(690,3)
(5187,2)
(1072,2)
(4019,3)
(1008,1)
(6119,4)
(3815,1)
(6174,10)
(1950,3)
(4345,5)
(4596,2)
(4627,9)
(4626,9)
(5763,4)
(6236,5)
(1600,1)
(6237,5)
(2137,3)
(2761,4)
(2246,1)
(5773,3)
(1601,1)
(3934,3)
(1789,8)
(2836,8)
(1788,1)
(2837,8)
(2692,4)
(3516,4)
(5007,1)
(3517,4)
(5075,3)
(6052,2)
(1573,2)
(3737,4)
(5238,3)
(4427,7)
(3931,1)
(5180,2)
(1402,1)
(3713,2)
(1232,5)
(4767,4)
(9,3)
(1810,4)
(1378,5)
(2141,2)
(230,7)
(6175,10)
(1379,5)
(5074,3)
(277,10)
(2273,4)
(5440,5)
(2739,7)
(2950,4)
(5676,2)
(5975,2)
(2914,3)
(5677,2)
(967,3)
(5034,9)
(71,1)
(2356,8)
(35,2)
(1686,3)
(2622,2)
(3680,1)
(6147,10)
(1129,4)
(4792,7)
(2067,10)
(4930,5)
(3950,3)
(1676,10)
(2623,2)
(6162,3)
(2822,2)
(5971,6)
(1926,2)
(5271,3)
(1128,4)
(6163,3)
(1531,7)
(4294,4)
(5790,6)
(662,1)
(4793,7)
(1695,8)
(2120,3)
(186,8)
(2963,9)
(663,1)
(2694,3)
(498,1)
(2743,4)
(4952,2)
(5544,3)
(6047,4)
(499,1)
(3567,3)
(2742,4)
(3580,3)
(3581,3)
(3566,3)
(4953,2)
(1771,4)
(5736,9)
(5976,2)
(4436,1)
(4891,10)
(1808,3)
(3663,2)
(264,4)
(1627,8)
(1626,8)
(1705,3)
(349,8)
(1704,3)
(348,8)
(1185,4)
(1184,4)
(1339,4)
(3215,2)
(5360,4)
(5514,3)
(4657,1)
(1564,1)
(1673,1)
(4624,7)
(1565,1)
(2214,10)
(4323,3)
(4378,2)
(3257,1)
(5452,4)
(3256,1)
(2924,4)
(2925,4)
(5994,8)
(838,1)
(4164,1)
(4779,3)
(621,9)
(605,2)
(1165,1)
(1312,3)
(2514,1)
(2515,1)
(1997,2)
(3802,3)
(2206,8)
(2106,1)
(2207,8)
(2133,9)
(2326,3)
(2327,3)
(3146,8)
(5505,1)
(3332,4)
(5277,8)
(5349,4)
(940,2)
(2129,5)
(2154,5)
(3147,8)
(2135,6)
(6138,2)
(606,3)
(1733,1)
(2155,5)
(2156,2)
(305,1)
(2436,2)
(2116,10)
(2157,2)
(2012,4)
(3323,3)
(5296,4)
(2117,10)
(4448,2)
(1583,4)
(5254,1)
(2699,8)
(3910,4)
(1856,8)
(2325,1)
(2592,3)
(4281,10)
(2722,4)
(1792,3)
(2981,5)
(2723,4)
(3404,1)
(4199,3)
(806,3)
(2689,3)
(15,2)
(4776,1)
(807,3)
(4328,2)
(4329,2)
(4554,2)
(86,3)
(4777,1)
(4555,2)
(5664,5)
(454,3)
(5917,3)
(2956,9)
(4325,2)
(3107,1)
(3662,2)
(4918,1)
(1194,4)
(2303,2)
(3114,5)
(5527,1)
(265,4)
(5930,2)
(3103,3)
(4686,4)
(1198,1)
(3143,1)
(1752,2)
(5090,3)
(5215,2)
(815,8)
(1428,9)
(1085,1)
(2830,10)
(814,8)
(943,2)
(2430,2)
(2831,10)
(4744,9)
(4847,3)
(1460,8)
(1554,1)
(2433,4)
(2432,4)
(5631,10)
(2729,3)
(5630,10)
(2553,4)
(2598,1)
(1405,1)
(4057,1)
(5212,3)
(329,2)
(3928,1)
(6165,8)
(670,3)
(3047,5)
(4208,1)
(4791,10)
(5228,2)
(4443,3)
(5904,2)
(431,5)
(1284,4)
(1569,3)
(3176,6)
(2603,7)
(2242,1)
(5937,6)
(719,2)
(430,5)
(4735,8)
(2011,2)
(3144,4)
(5877,1)
(996,4)
(1393,1)
(4027,5)
(4950,3)
(1441,3)
(4790,10)
(4277,2)
(4734,8)
(1572,2)
(4442,3)
(5925,2)
(1444,2)
(5509,1)
(1350,1)
(5835,1)
(1341,5)
(4194,4)
(4000,4)
(4841,4)
(5000,3)
(2301,3)
(1814,2)
(2139,3)
(820,6)
(1445,2)
(3706,4)
(5279,3)
(1285,4)
(4426,7)
