0.046864
0.0468647
0.0209441
0.0556829
0.00293611
0.05045
0.0519603
0.0503309
0.0514128
0.0517096
0.05296
0.0540674
0.00308762
0.0560717
0.0552956
0.0514037
0.00354793
0.0524702
0.0514267
0.0550719
0.0523758
0.00304355
0.0526919
0.053895
0.0549234
0.0489448
0.0497665
0.0891319
0.00336959
0.0636536
0.0622344
0.0624386
0.0583508
0.0571746
0.0633836
0.0651259
0.00395848
0.0605547
0.0605342
0.0603111
0.00478891
0.0622363
0.0551591
0.0596276
0.0649531
0.00384841
0.0636234
0.0588433
0.0562674
0.0577686
0.0592732
0.0893177
0.00392952
0.062159
0.0650412
0.0630435
0.0041708
0.0630243
0.0485674
0.0638262
0.0651773
0.0591136
0.0605483
0.0655121
0.0563197
0.00838511
0.0606392
0.0598415
0.00392705
0.0598707
0.063905
0.0561242
0.0606767
0.00430154
0.0606144
0.058453
0.0847417
0.00472653
0.0655661
0.0653586
0.0618033
0.00501333
0.0642034
0.0519253
0.0671966
0.0677138
0.060766
0.0594289
0.0588466
0.0551096
0.00951225
0.06205
0.0613266
0.00404333
0.0623254
0.0640798
0.0571362
0.0599672
0.00381239
0.0602837
0.0571458
0.084873
0.00351853
0.059136
0.0600478
0.0598595
0.0574836
0.0552538
0.0643076
0.0679223
0.0608563
0.0570316
0.055317
0.00971819
0.0652975
0.0623687
0.00332434
0.0603481
0.062682
0.0611826
0.0617972
0.00382835
0.0618612
0.0589695
0.0819076
0.0531513
0.0519371
0.0508472
0.0575817
0.00395828
0.00366267
0.0472245
0.0529722
0.0553194
0.0537905
0.0527107
0.0501851
0.00810586
0.0544957
0.0560959
0.00319798
0.0564577
0.0547831
0.0496236
0.0544101
0.00364153
0.0586572
0.0509313
0.0558906
0.0538946
0.0539077
0.0534871
0.0508356
0.00421642
0.0580537
0.05577
0.0556085
0.0593556
0.0543532
0.0553638
0.00360689
0.00438561
0.0485642
0.058704
0.0576777
0.00306746
0.0524027
0.0523452
0.0516426
0.0586529
0.00383195
0.0559912
0.0481328
0.0528937
