1
288
272
273
274
275
276
277
278
279
280
281
282
283
284
285
286
287
270
269
268
267
266
265
264
263
262
261
260
259
258
257
256
255
238
239
240
241
242
243
244
245
246
247
248
249
250
251
252
253
236
235
234
233
232
231
230
229
228
227
226
225
224
223
222
221
204
205
206
207
208
209
210
211
212
213
214
215
216
217
218
219
202
201
200
199
198
197
196
195
194
193
192
191
190
189
188
187
170
171
172
173
174
175
176
177
178
179
180
181
182
183
184
185
168
167
166
165
164
163
162
161
160
159
158
157
156
155
154
153
136
137
138
139
140
141
142
143
144
145
146
147
148
149
150
151
134
133
132
131
130
129
128
127
126
125
124
123
122
121
120
119
102
103
104
105
106
107
108
109
110
111
112
113
114
115
116
117
100
99
98
97
96
95
94
93
92
91
90
89
88
87
86
85
68
69
70
71
72
73
74
75
76
77
78
79
80
81
82
83
66
65
64
63
62
61
60
59
58
57
56
55
54
53
52
51
34
35
36
37
38
39
40
41
42
43
44
45
46
47
48
49
32
31
30
29
28
27
26
25
24
23
22
21
20
19
18
17
0
1
2
3
4
5
6
7
8
9
10
11
12
13
14
15
16
33
50
67
84
101
118
135
152
169
186
203
220
237
254
271
