0.000387542
0.00030415
0.000313852
0.000325163
0.000308089
0.000130941
0.00010387
9.4554e-05
9.4416e-05
8.978e-05
0.000346705
0.000260524
0.000280058
0.000320868
0.000271389
0.000156138
0.000311224
0.000102904
0.000121065
0.000157759
0.000244308
0.000194748
0.000186648
0.000194479
0.000174336
0.00022752
0.000193276
0.000225185
0.000122622
0.000102181
0.00012837
9.0794e-05
9.8096e-05
0.000488311
0.000227189
0.000178768
0.000175931
0.000150237
0.000195535
0.000300798
0.000203735
0.000356136
0.000152321
0.000367098
0.000400945
0.00145642
0.000980677
0.00168939
0.000334945
0.000591565
0.000479547
0.00116429
0.000333079
0.000581845
0.000358855
0.000539725
0.000257047
0.000495742
0.000480882
0.00117574
0.000432945
0.00102662
0.000365417
0.000444494
0.0004372
0.000731175
0.000286801
0.000638292
0.000231782
0.000289357
