218
55
1325763038
1325763103
1325762933
1325763027
1325762997
1325762972
1325763118
1325763023
1325763021
1325763014
1325762999
1325763036
1325763061
1325763109
1325763085
1325762944
1325763110
1325763128
1325763083
1325763044
1325762976
1325762925
1325763090
1325763088
1325763066
1325762984
1325762974
1325763025
1325762946
1325762952
1325762960
1325763068
1325763082
1325763032
1325762996
1325763080
1325763004
1325762986
1325762955
1325762977
1325762958
1325762913
1325763107
1325763089
1325763001
1325763012
1325763063
1325763059
1325762938
1325762923
1325763003
1325763030
1325763108
1325763029
1325763064
3281
1188176562
1185192077
1185192055
1185192039
1185192053
1185191978
1185191980
1199489267
1193619010
1193619009
1165955925
1165955927
1165955928
1165955921
1165955911
1325759492
275217979
275217980
275217981
671781119
1165939315
663859701
663859700
1126327175
1126327172
1126327171
1126327168
1126327164
1126327159
1126327155
663860083
663694635
663694634
663694633
1126333940
1126333931
1126333932
1126333933
663694752
663694751
663694776
663694756
663694773
663689503
663689483
663689481
663689476
663689477
663689507
663689437
663689439
663689447
663694748
663694723
663694725
663694726
663694727
663694728
663689343
663689345
663689346
663694763
663694593
663694589
663694764
663694766
663694767
1315159286
1242035528
1242035525
1242035526
1241974734
1241974741
1241974744
1241974729
1241974738
275214602
275214599
1241974732
1242071549
1242071542
1243085268
1242071547
1242071544
1242071545
1242071541
1242071548
1243196989
1242071543
1315159277
1242072982
1242072981
663860638
663860640
663860642
1315162735
1103672544
1315167936
663860569
1103679470
1103679469
1315167926
1315167929
1315167928
1307756236
1307756238
1307756237
1307753966
671777416
671777417
671777418
671777420
1315159291
1315159287
1315159288
1103672534
1103672536
1103672542
1307752763
1307752767
1307756239
1307752764
1307752766
1307752765
1307752768
1307794380
1307807691
1307807697
1307807722
1307807696
1314202330
1314202337
1314202333
1314202334
1307801945
1307807690
1307807692
1307807693
1307807698
1307807716
1307807720
1307807675
1307807723
1307798254
1307798253
1307798256
1307798255
1307798257
1103672545
1307794845
679496426
1103672539
1315167934
1103672537
1315167927
1307798482
1307798813
1307798814
1307798817
1307798815
1307798816
1307798812
1307798485
1307801922
1307801921
1307801941
1307801923
1307801942
1307801944
1314194999
1103672541
1103672532
1307801938
1103672535
1315167937
1315167931
915487775
915487779
1198952287
1198952191
1198952266
1198952196
1198952189
1198952083
1198952272
1198952064
1198934769
1198934518
1198934883
1198934764
1103679464
1103679471
275215104
275215098
275215097
663859653
663859654
663859656
663859657
663859658
663859659
663859660
663859661
663859662
663859663
663859664
275215653
275215095
275215096
663859665
1315184583
1315189032
1315189034
1315189035
1315189022
1315184588
671777425
671777426
1198934532
1198934734
1198934693
1198934650
1198934824
1198934601
1198934578
1198952081
1198952094
1198952099
1198952276
1198934530
1198934766
1198934860
1198934653
1198934876
1198945910
1199499858
1198946045
1198945970
1198946055
1198946058
1198945919
1198946011
1198946050
1198945955
1198946092
1198945866
1198945914
1198945957
1198945883
1198945965
1198945886
1198946084
1198946081
1198945857
1198945932
1198945917
1198945936
1198945912
1198945961
1198946003
1198945995
1198946028
1198945949
1198946032
1198946103
1198945874
1198946118
1198945901
1198946057
1198945879
1198946037
1198945871
1198946113
1198946107
1198946005
1198946077
1198946019
1198946096
1198945944
1198945978
1198946111
1198945941
1198946014
1198945939
1198946000
1198946074
1198945980
1198946116
1198945950
1198946120
1198946088
1198945975
1198934692
1198934622
1198934620
1198934626
1198934773
1198934575
1198934705
1198934740
1198934858
1198934817
1198934859
1198934856
1198934791
1198934656
1198969899
1198934618
1198934865
1198934697
1198934528
1198934559
1198934689
1198934797
1198934853
1198934862
1198934647
1198934690
1198934534
1198934761
1198934660
1198934611
1198934737
1198934731
1198934562
1198934699
1198934664
1198934569
1198934522
1198934572
1198934874
1198934733
1198934565
1198934879
1198934695
1198934779
1198934809
1198934827
1198934624
1198934822
1198934515
1198934864
1198934803
1198934806
1198934744
1198934691
1198934741
1198934730
1198934643
1198934640
1198934609
1199499859
1198934526
1198934576
1198934523
1198934577
1198934861
1198934820
1198934784
1198934614
1198952200
1198952184
1198952128
1198952126
1198952164
1198952187
1198952109
1198952162
1198952144
1198952076
1198952132
1198952157
1198952121
1198952202
1198952259
1167307584
1167307559
1167307548
1167307491
1167307573
1167307620
1167307610
1167307508
1167307585
1167307498
1167307540
1167307589
1167307570
1198969898
1198970015
1198970021
1198969918
1198970024
1198970000
1198969905
1198970020
1198970006
1198969924
1167307505
1167307511
1167307510
1167307514
915487781
1198969955
663860562
663860564
663860566
1315167913
1315167914
1315167915
1315167933
1315171095
1315171099
1315171097
1103679459
1103679449
1103679465
1103679468
1103679461
1103679447
1103679462
1103679448
1103679450
1103679467
1315167930
275215107
1315162736
1315162737
1315162733
1315162731
1315162734
1315162732
1103672533
1103672540
1103672543
663859685
663859686
663859687
1314219482
663859689
663859690
663859691
663859678
663859679
663859680
663859682
663859683
663859684
663859627
663859629
1314217918
663859632
275215108
1314216838
275215110
275214847
1103672538
671777414
275214604
663859688
1243196984
663860636
663860634
663860633
663860630
663860628
663860626
663860625
663860623
663860620
663694768
663694666
663694664
663694663
663694662
663694660
663694659
663694658
663694657
663694656
663694730
663694731
663694732
663694733
663694735
663694736
663694761
663694759
663689348
663689349
663689342
663689320
663689318
663689317
663689313
663689466
663689468
663689304
663689301
663689341
663689471
663689449
663689361
663689378
663689376
663689372
1126327185
663689369
663689368
663689367
663860414
663860412
663860410
663860408
663860406
1126327138
1126327281
1126327280
1126327279
1126327278
1126327275
1126327304
1126327300
663860402
663860400
663860398
663860397
663860395
663860394
663860392
663860389
663860387
663860385
663860383
663859826
663860262
663689397
663689395
663694580
663694579
663694577
663694576
663694622
663694624
663694585
663694574
663694628
663694627
663689382
663689292
663694626
663694573
663689290
663689394
663689392
663689391
663689423
663689424
663689386
663689388
663689389
663860235
663860243
663694581
663694587
663860167
663860120
663860114
663860111
663860363
663860106
663860364
663860366
663860125
663860367
663860369
663860146
663860337
663860191
663860200
663860205
663859819
663860351
663860208
663860447
663860445
496545421
663860324
663860322
663860320
663860318
663860314
663860311
663860303
663860295
663860332
663860450
663860443
663860441
663860439
663860288
663860429
663860431
663860433
663860422
663860421
663860419
663860382
663860380
663860378
663860376
663689421
663689419
663689415
663689432
663689431
663689430
663689276
663689406
663689404
663689402
663689400
663689399
663689366
663689365
663689364
663689363
663694770
663694772
663694775
663694754
663694750
663694749
663694702
663694701
663694700
663694699
663694706
663694707
663694708
663694710
663694720
663694719
663694717
663694711
663694712
663694713
663694716
663694695
663694694
663694693
663694685
663694684
663694683
663694681
663694680
663694679
663694692
663694741
663694745
663694705
663694743
663694742
1126333935
1126333925
1126333923
1126333922
1126333919
1126333918
1126333917
1126333916
1126333915
663694721
663694632
663694722
663694608
663694670
663694607
663694604
663694602
663694673
663694610
663694642
663694641
663694640
663694638
663694653
663694651
663694650
663694648
663694647
663694646
663694645
663694644
663694619
663694618
663694617
663694616
663694615
663694612
663694613
663859637
663859638
663859640
663859642
663859643
663859645
663859651
663859650
663859635
663860352
663860340
663860342
663860344
663859666
663859841
663860069
663860023
663860021
663859991
663859989
663859983
663859977
663859970
663859693
663859692
663859963
663859958
663859954
663859953
663859942
663859934
663859928
663859925
663859917
663860592
663860594
663860596
663860598
663860600
663860601
663859903
663859897
663859895
663859708
663859709
663859885
663859873
663859697
663859698
663859699
663859707
663859718
663859724
663859731
663859734
663859738
663859744
663859749
663859752
663859757
663859761
663859812
663859811
663859810
663859809
663859808
663859807
663859806
663859805
663859804
663859766
663859770
663859777
663859783
663859799
1325763077
663859802
1325762948
663859801
663859800
1325762970
1325762988
1325762942
1325762936
1325763000
1325762982
1325762931
1325762917
1325763006
1325763114
1325762919
1325763042
1325763116
1325762911
1325763067
1325763122
1325763053
1325762979
1325762961
1325762937
1325763120
1325763111
1325762980
1325763075
1325763040
1325763087
1325763010
1325763034
1325763086
1325762981
1325763084
1325762910
1325762908
1165917453
1165917481
1165917353
1165917351
1325763092
1165917389
1165939264
1165939265
1165939300
1165939267
1165939260
1165939310
1165931560
1165931562
1165931639
1165931641
1165931667
1325759508
1325759489
1325759512
1325759496
1325759490
1325759518
1325759515
1325759497
1325759493
1325759516
1325759513
1325759486
1325759517
1325759488
1325759504
1325759507
1325759519
1325759501
1325759483
1325759494
1325759498
1325759491
1161017323
1161017288
1161017303
1161017322
1161017337
1161017302
1161017301
1161017300
1321499198
1321499719
1321499773
1321499193
1321499803
1321499714
1321499744
1321499649
1321499828
1321499352
1321499274
1321499458
1321499173
1213521697
1321505313
1321505278
1321505425
1321505289
1321505328
1321505315
1321505383
1321505303
1321505299
1321505247
1321505429
1321505293
1321505258
1321505311
1321505307
1213521538
1213521723
1213521600
1213521749
1213521542
1213521540
1213521589
1213521718
1213521385
1213521419
1213521567
1213521507
1213521656
1213521644
1213521647
1321505360
1213521412
1213521651
1321505256
1321505284
1321505469
1321505428
1321505443
1321505433
1321505249
1321505246
1321505389
1321505453
1321505394
1321505286
1321505466
1321505424
1321505384
1321505377
1321505318
1321505321
1321505280
1321505465
1321505242
1321505238
1321505335
1321505329
1321505464
1321505405
1321505404
1321505343
1321505399
1321505302
1321505421
1321505462
1321505337
1321505397
1321505380
1213521533
1213521515
1321505326
1213521472
1213521443
1214165439
1214165214
1214165502
1214165507
1214165376
1214165325
1214165267
1214165412
1214165433
1214165256
1214165198
1214165303
1214165341
1214165309
1222473658
1222473667
1222473641
1222473627
1222473638
1222473640
1222473657
1222473654
1316569540
1222473660
1222473630
1222473628
1222473645
1222473636
1222473651
1222473672
1167767341
1167767332
1167767331
1316526810
1316526806
1316526822
1316526824
1316526805
1214165199
1214165180
1214165203
1214165282
1214165315
1214165414
1214165192
1214165329
1214165318
1316566983
1316567005
1316566992
1316567019
1316566924
1316566979
1316566952
1316566941
1316566962
1316567017
1316566972
1316566981
1316567021
1316566932
1316566925
1316566923
1316566954
1316566976
1316566997
1316567002
1316566960
1316566927
1214165271
1214165218
1214165407
1214165298
1214165259
1214165403
1214165258
1214165302
444058644
444058645
444058646
444058652
444058653
444058655
444058658
444058659
444058660
444058654
444058661
1316576230
1316576243
428672173
444058664
444058665
428672174
1316573626
428672181
428672182
1316573624
1316573628
1316573629
1316573627
1316573623
1316573625
1066384627
1066384608
1066384616
428672178
428672177
428672176
428672175
444058663
444058662
444058656
444058647
428672172
444058641
444058643
444058648
444058649
444058651
445353645
445353646
445353647
444058630
444058628
445353636
445353634
445353631
428672187
428672186
445353626
445353621
445353619
1316576234
428672170
428672169
428672168
428672183
445353536
444058632
445353537
444058635
444058650
444058638
444058639
444058640
444058657
1214165196
1214165467
1214165300
1214165313
1214165473
1214165447
1214165418
1214165293
1214165348
1214165338
1214165417
1214165311
1214165359
1214165357
1214165458
1214165247
1214165411
1214165484
1214165456
1214165385
1214165419
1214165379
1214165470
1214165350
1214165281
1214165273
1214165401
1214165444
1214165205
1214165356
1214165459
1214165240
1214165375
1214165319
1214165353
1214165263
1214165345
1214165360
1214165339
1214165452
1214165234
1214165191
1214165312
1214165368
1214165420
1214165235
1214165372
1214165505
1214165416
1214165402
1214165184
1214165224
1214165285
1214165201
1214165316
1214165330
1214165394
1214165294
1214165297
1214165500
1214165430
1214165421
1214165443
1214165181
1214165288
1214165333
1214165225
1214165415
1214165352
1214165232
1214165308
1214165322
1214165390
1214165442
1214165395
1214165328
1214165408
1214165438
1214165387
1214165347
1214165393
1214165384
1214165292
1214165381
1214165349
1214165265
1214165373
1214165369
1214165291
1214165382
1214165380
1214165361
1214165446
1214165295
1214165371
1214165450
1214165465
1214165471
1214165269
1214165286
1214165427
1214165388
1214165317
1214165428
1214165251
1214165383
1214165283
1214165455
1214165231
1214165332
1214165491
1214165242
1214165404
1214165346
1214165497
1214165239
1214165228
1214165261
1214165243
1214165250
1214165487
1214165344
1214165257
1214165244
1214165182
1214165248
1214165406
1214165413
1214165178
1214165389
1214165179
1214165238
1214165483
1214165249
1214165468
1214165323
1222473668
1222473670
1222473646
1222473653
1222473635
1222473663
445099557
1316573613
445099558
445099559
445099560
445099564
1167767338
1167767323
445099567
445099566
1316548117
1316548155
1316548169
1316548164
1316548174
1316548178
1316548126
1316548128
1316548121
1316548122
1316548145
1316548160
445099565
1222473647
1222473649
1222473666
1222473669
1222473631
1222473637
1222473661
1222473650
1222473652
1222473655
1222473632
1214165301
1214165448
1214165499
1167767324
1214165498
1214165252
1214165326
1214165496
1214165460
1214165324
1214165503
1214165233
1214165212
1214165453
1214165209
1214165340
1214165305
1214165237
1316566974
1214165264
1214165222
1214165327
1214165367
1214165386
1214165435
1214165449
1214165227
1214165451
1214165472
1214165466
1214165431
1214165220
1214165245
1214165210
1214165482
1214165391
1167767330
1214165362
1214165475
1214165270
1214165262
1214165255
1214165241
1214165501
1214165424
1214165337
1214165223
1316526803
1167767329
1167767327
1316526823
1214165342
1214165183
1316526802
1214165358
1214165392
1214165194
1214165277
1214165398
1214165486
1214165363
1214165495
1214165268
1214165476
1214165461
1214165425
1214165331
1214165489
1214165396
1214165426
1214165230
488593480
488593482
488593485
488593491
488593349
488593354
488593358
488593360
488593363
488593367
488593486
488593489
488593493
488593442
488593430
488593428
488593426
488593425
488593495
488593371
488593374
488593376
488593381
488593384
488593397
488593391
488593400
1316570573
1316570576
1316570574
1316570575
1199479631
1199479609
1199479627
1199479651
1199479629
1199479602
1199479592
1199479653
1214165290
1214165276
1214165280
1214165226
1214165321
1214165307
1214165306
1214165423
1214165336
1214165490
1214165480
1214165185
1214165377
1214165370
1214165229
1214165463
1214165462
1214165400
1214165399
1214165335
1167767333
1167767334
488593403
488593406
1316569542
488593409
1222473642
488593411
488593413
1167767304
1167767311
1199479625
1199479624
1199479635
1199479600
1199479622
1199479606
1199479652
1199479596
1199479649
1199479598
1199479655
1199479650
1167767312
1167767319
1167767303
1167767313
1198975971
1167307551
1198975981
1198975990
1198975965
1198975988
1198975993
1198975985
1198969882
1198976572
1198976574
1167767314
1167767318
1167767302
1167767310
1167767315
1167767306
1167767309
1167767317
1167767340
1167767336
1167767305
1167767307
1213521673
1213521672
1213521779
1213521543
1213521761
1213521716
1321505251
1321505441
1321505276
1321505350
1189108251
1189108250
1189108227
1189108254
1189108239
1189108230
1189111420
1189108234
1161008083
1161008030
1161008046
1161008011
1161008031
1189108245
1161008045
1318772735
1318772766
1318772746
1318772774
1318772759
1161008065
1161008044
1318772798
1318772796
1318772782
1318772745
1318772754
1318772778
1318772809
1318772808
1318772717
1318772805
1318772783
1183641869
1183630429
1183630344
1183630468
1183630323
1183630432
1183630401
1183630365
1183630367
1183630386
1183630390
1183630370
1183630319
1183630465
1183630453
1318768784
1318768843
1318768857
1318768806
1318768769
1318768777
1318768768
1318768791
1318768781
1318768785
1318768844
1318762326
1318762327
1318762360
1318772784
1318772733
1318772803
1318762348
1318765264
1318762261
1318762325
1318762309
1318762359
1318762363
1318762328
1318768856
1318768855
1318768790
1318771278
1321499297
1321499643
1321499617
1318771258
1318771223
1318771269
1318771259
1318771256
1318771254
1318771233
1318771240
1318771224
1318771237
1318768830
1318768864
1318768835
1318768824
1318768842
1318768825
1318768852
1318768813
1318768779
1318768804
1318768814
1318768828
1318768850
1318768836
1318768858
1318768820
1318771250
1318771252
1318771251
1318771261
1318771283
1318771221
1318771270
1318768865
1318768853
1318768851
1318768803
1318768811
1318768773
1318768788
1318768816
1321499170
1321499576
1321499742
1321499179
1321499743
1321499546
1321499740
1321499540
1321499472
1321499830
1321499739
1321499726
1321499608
1321499703
1321499368
1321499686
1321499832
1321499513
1321499717
1321499542
1321499479
1321499353
1321499416
1321499524
1321499824
1321499250
1318771247
1321499387
1321499418
1321499814
1321499515
1321499596
1321499647
1321499456
275217969
672695669
672695647
1325753250
1325753200
1325753252
1325753214
1325753182
1325753193
1325748241
1325748308
1325758131
1325758099
1325758206
1325758153
1325758142
1325758236
1325758257
1325762975
1325763016
1325763050
1325763055
1325763112
1325762915
1325763057
663859813
1325758127
1325758128
1325758222
1325758126
1325758168
1325758165
1325758095
1325758103
1325758228
1325763106
1325758121
1325758123
1325758089
1325762935
1325758226
1325758120
1325758140
1325758136
1325758186
1325758211
1325758243
1325758113
1325758143
1325758144
1325758107
1325758192
1325753265
1325753154
1325753167
1325758225
1325758115
1325758092
1325758158
1325758163
1325758253
1325753202
1325753230
1325753267
1325753237
1325753262
1325753254
1325753174
1325753201
1325753216
1325753238
1325753153
1325753159
1325753205
1325753199
1325753215
1325753170
1325753245
1325753203
1325758227
1325758134
1325758141
1325758091
1325758224
1325758157
1325758240
1325753268
1325753198
1325753176
1325753155
1325753187
1325753185
1325753184
1325753191
1325753229
1325753223
1325753231
1325753166
1325753221
1325753168
1325753172
1325753189
1325753235
1325753266
1325758208
1325758171
1325758149
1325758112
1325758213
1325758169
1325758161
413695764
413695782
413695788
413695793
413695795
413695797
413695802
413695803
413695820
413695811
413695810
413695809
413695807
1325758166
1325758167
1325758098
1325758133
1325758147
1325758258
1325758094
1325758256
1325758242
1325758129
1325758212
1325758135
1325758108
1325758162
1325758132
1325758175
1325758173
1325758096
1325758154
1325758104
1325758241
1325758110
1325753270
1325758148
1325758117
1325758145
1325758156
1325758119
1325758159
1325758088
1325758122
1325758090
1325758116
1325758097
1325758150
1325758255
1325758118
1325758220
1325758130
1325758210
1325758190
1325758111
1325758138
1325758182
1325758194
1325758087
1325758196
1325758139
1325758093
1325758105
1325758254
1325758160
1325758101
1325758204
1325758229
1325758244
1325758146
1325758125
1325758155
1325758164
1325748156
1325748304
275217968
1325748209
1325748243
1325748250
1325748189
1325753157
1325753261
1325753169
1325753233
1325753217
1325753246
1325753207
1161008029
672695458
275217978
1325753247
1325748436
672695638
1076761140
1076761208
672696157
672696147
672696137
672696135
275218849
275218855
275218856
275218857
672695962
672695952
672695946
1318770010
275218869
1321499595
1321499403
1321499829
1321499582
1321499554
1321499172
1321499843
1321499738
1321499457
1321499507
1321499561
1321499530
1321499501
1321499487
1321499338
1321499313
1321499195
1321499831
1321499817
1321499840
672695822
1318766722
1325748246
1325748218
1325748183
1325748405
1325748394
1325748406
1325748248
1325748180
1325748141
1325748438
1325748212
1325748247
1325748369
1325748427
1325748136
1076761144
1076761242
1076761168
1076761264
1076761187
1076761276
1076761207
1076761291
1076761233
1076761114
1076761246
1076761139
1076761266
1076761157
1076761283
1076761171
1076761194
1076761127
1076761214
1076761235
1076761117
1076761248
1076761141
1318763430
672696253
672696247
672696195
672696197
672696206
1318763460
672696207
1318763428
672696209
672696221
275218834
672696220
275218838
672696280
1318763415
1318763434
1318763419
1318763440
1318763464
1318763461
1318763454
1318763439
1318763471
1318763447
1318763441
1318763705
1318763706
1318763707
1318763708
1318763703
1318763696
1318763697
1318763431
1318763467
1318763457
1318763436
1318763442
1318763458
1318763456
1318763450
1318763438
1318763455
1318763711
1318763709
1318763701
1318763698
1318763466
1318763417
1318763443
1318763465
1318763463
1076761270
1076761212
1076761285
1076761159
1076761272
1318766676
1318766704
1318766683
1318766694
1318766678
1325748184
1318766715
1318766690
1318766695
1318766735
1318766736
1325748401
1325748399
1325748404
1325748433
1325748181
1325748160
1325748137
1325748154
1325748367
1325748314
1325748297
1325748294
1325748365
1325748319
1325748403
1318766726
1318766684
1318766688
1318769995
1318770006
1318770030
1318770035
1318770021
1318770007
1318770019
1321499688
1321499799
1321499245
1321499624
1321499393
1321499768
1318769991
1318769997
1318770003
1318770045
1318770042
1318770027
1318770037
1318770041
1318770005
1318770031
1318770013
1318770038
1318770022
1318770025
1318770012
1318769993
1318770047
1321499802
1321499598
1321499731
1321499481
1321499320
1321499227
1321499354
1321499693
1321499781
1321499275
1321499228
672695899
275218871
275218872
275217961
275217962
1321499276
1321499225
1321499155
1321499209
1321499575
1321499469
1321499427
1321499606
1321499594
1321499514
1321499376
1321499776
1321499674
1321499247
1321499497
1321499644
1321499677
1321499846
1321499816
1321499591
1321499629
1321499785
1321499597
1321499723
1321499206
1321499784
1321499442
1321499200
1321499528
1321499521
1321499485
1321499612
1321499664
1321499673
1321499727
1321499827
1321499510
672695616
1321499494
672695607
275217973
275217974
1321499566
1321499545
1321499412
1321499684
1321499660
1321499623
1321499567
1321499690
1321499562
1321499526
1321499536
1321499440
1321499203
1321499211
1321499222
1321499220
1321499292
1321499522
1321499295
1321499328
1321499455
1321499410
1321499845
1321499431
1321499500
1321499299
1321499637
1321499645
1318771246
1318771244
1318771268
1318771277
1318771276
1318771220
1318771238
1318771230
1318771263
1318771219
1318771264
1318771218
1318771271
1321499550
1321499484
1321499699
1318768829
1318765190
1318765213
1318765237
1318765206
1318765229
1318765232
1318765231
1318765230
1318765236
1318765188
1318765197
1318765221
1318765174
1318765176
1318765195
1321499639
1321499756
1321499800
1321499657
1321499377
1321499729
1321499692
1321499340
1321499758
1321499724
1318770029
1318762265
1318762267
1318763469
1318763425
1318763445
1318763414
1318763452
1318763470
1318763416
1318763437
1318763446
1318763426
1318763418
1318763451
1318763449
1318762311
1318762331
1318762332
1318762260
1318762277
1318762259
1318762357
1318762368
1318762369
1318762320
1318762275
1318763468
1318762307
1318762274
1318762339
1318762342
1318762338
1318762340
1318762367
1318762364
1318762337
1318762262
1318762336
1318762294
1318762257
1318762355
1318762283
1318762334
1318762269
1318762330
1318762285
1318762264
1318762273
1318762263
1318762335
1318762279
1318762356
1318762271
1318765219
1318765238
1318765184
1318765187
1318765234
1318762345
1318762281
1318762341
1318762270
1318762343
1318765217
1318765226
1318765194
1318765196
1318765192
1318765172
1318765235
1318765208
1318765211
1318765191
1318765215
1318765227
1318765225
1318765178
1318765193
1318762321
1318762276
1318762324
1318762365
1318762318
1318762278
1318762352
1318762329
1318762351
1318762346
1318762288
1318762333
1318762362
1318762349
1318762322
1318762323
1318762344
1318762314
1318762287
1318762347
1318762319
1318762258
1318762361
1318762290
1318762266
1318762296
1318762316
1318762366
1318762268
1318762255
1318762353
1318762292
1318762298
1318762256
1318762284
1318762358
1318762272
1318762354
1318772781
1318772722
1318772744
1318772795
1318772740
1318772760
1318772752
1318772775
1318772742
1318772727
1318772748
1318772793
1318772800
1318772780
1318772757
1318772802
1318772763
1318772747
1318768805
1318768772
1318768861
1318768862
1318768817
1318772736
1318772738
1318772773
1318772749
1318772739
1318772721
1318772750
1318762350
1318762286
1161008064
1318768819
1161008072
1161008056
1161008013
1318768840
1318768818
1318768839
1318768800
1318768793
1318768833
1318768837
1213521709
1213521759
1321505418
1321505236
1321505447
1321505290
1321505439
1321505267
1321505431
1321505438
1321505273
1321505385
1321505235
1321505234
1321505359
1321505358
1321505414
1321505325
1321505262
1321505345
1321505365
1321505395
1321505269
1321505260
1321505417
1321505282
1321505331
1321505354
1321505419
1321505426
1321505471
1321505300
1321505304
1321505370
1321505374
1321505467
1321505259
1321505352
1321505266
1321505451
1321505452
1321505454
1321505232
1321505348
1321505373
1321505413
1321505411
1321505314
1321505308
1321505477
1321505317
1321505252
1321505283
1321505310
1321505281
1321505285
1321505295
1321505401
1321505375
1321505356
1321505376
1321505296
1321505298
1321505346
1321505363
1321505339
1321505456
1321505291
1321505292
1321505379
1321505415
1321505244
1321505275
1321505338
1321505461
1321505319
1321505270
1321505347
1321505449
1321505446
1321505253
1321505255
1321505254
1321505427
1321505355
1321505393
1321505437
1321505368
1321505231
1161008051
1161008049
1318772724
1318772728
1318772731
1318772725
1318772772
1318772807
1318772726
1186433912
1318768831
1318768849
1318768869
1186433880
1186433862
1318772753
1318772758
1186433915
1186433879
1186433865
1161008048
1161008047
1161008034
1183709434
1318772732
1318772729
1318772756
1318772777
1318772764
1318772770
1318772801
1318772791
1318772790
1318772755
1318772788
1318772737
1318772794
1318772767
1186433913
1186433886
1186433884
1318772720
1186433864
1186433881
1186433908
1186433882
1186433863
1186433918
1183630372
1183630444
1318772797
1318772730
1318772761
1318772762
1318772776
1318772779
1318772718
1318772765
1318772751
1318772723
1318772771
1318772804
1318772769
1318772768
1161008052
1318768789
1318768826
1318768767
1318768774
1318768766
1318768780
1318768796
1318768794
1318768860
1318768838
1318768870
1318768765
1318768815
1318768866
1318768821
1189111396
1189111428
1189111379
1189111403
1189111423
1189111408
1189111374
1189111399
1189111414
1189111375
1183708729
1183708712
1183708727
1183708687
1183708695
1183708739
1183708736
1183708703
1183708714
1183708725
1183708731
1183708718
1183708721
1183708730
1183708691
1183708740
1183708716
1183708726
1183708698
1183708738
1183708720
1183708701
1183709437
1183709454
1183709441
1183709442
1183709428
1183709435
1183709447
1183709452
1183709451
1183709448
1183709439
1183709450
1183709436
1183709426
1183709438
1183709429
1321505442
1321505241
1321505367
1321505472
1321505382
1213521742
1213521417
1213521563
1213521383
1213521486
1213521509
1213521624
1213521670
1213521397
1213521453
1213521753
1213521636
1213521597
1213521514
1213521422
1213521512
1213521438
1213521628
1213521680
1213521577
1213521388
1213521660
1213521407
1213521674
1213521755
1213521478
1213521502
1213521681
1213521479
1213521395
1213521725
1213521608
1213521758
1213521757
1213521578
1213521669
1213521713
1213521695
1213521642
1213521678
1213521463
1213521549
1213521405
1213521440
1213521654
1213521526
1213521434
1213521583
1213521688
1213521675
1213521491
1213521714
1213521568
1213521616
1213521392
1222473656
1222473634
1222473659
1222473662
1222473633
1222473648
1222473643
1222473644
1213521401
1213521741
1213521744
1213521756
1213521456
1213521530
1213521711
1213521459
1213521570
1213521632
1213521693
1213521504
1213521676
1213521764
1213521550
1213521720
1213521760
1213521736
1213521562
1213521436
1213521492
1213521426
1213521613
1213521631
1213521710
1316566951
1316566999
1316566937
1316566939
1316566938
1316566996
1214165279
1214165254
1214165445
1316566959
1316566994
1316566957
1316566926
1316566931
1199485176
1199485178
1199489277
1199485179
1199485177
1199485180
1199485181
1199485198
1199485182
1199485183
1199485187
1199485195
1199485213
1199485184
1199485189
1199485185
1199485186
1199485230
1199485218
1199479604
1199479582
1199479581
1199479579
1213521560
1213521441
1213521781
1213521691
1213521712
1213521580
1213521586
1213521626
1213521409
1213521474
1213521630
1213521473
1213521565
1214165436
1213521666
1213521488
1213521610
1213521754
1213521727
1213521738
1213521520
1213521404
1199485188
1299524299
1321505369
1321505340
1213521762
1321505463
1321505450
1321505305
1321505372
1321505324
1321505423
1321505406
1321505245
1321505434
1199517054
1199517055
1213521523
1213521446
1213521529
1213521715
1199517048
1199517046
1199517049
1199517045
1199517052
1193621348
1193621350
1161008026
1161008025
1161008016
1161008014
1193621320
1161008068
1321499662
1321499434
1321499630
1321499627
1161008067
1161008054
1161008069
1321499611
1321499795
1321499706
1321499755
1321499604
1199517053
1321499751
1321499516
1321499231
1321499757
1321499580
1321499801
1321499707
1321499809
1321499253
1321499753
1321499569
1321499499
1321499548
1321499564
1321499449
1321499150
1321499552
1321499483
1321499334
1321499319
1321499628
1321499609
1321499762
1321499771
1321499531
1321499675
1321499764
1321499812
1321499621
1321499558
1321499725
1318771262
1318771281
1213521665
1163081619
1161008066
1161008063
1318768798
1318768771
1318768783
1318768776
1318768787
1318768834
1318768809
1318768808
1318768778
1318771279
1318771234
1318771282
1321499544
1321499290
1321499796
1321499709
1321499787
1321499270
1321499786
1321499651
1321499712
1321499844
1321499676
1321499182
1321499330
1321499317
1321499577
1321499373
1321499424
1321499826
1321499152
1318771274
1318771241
1318771257
1318771228
1318771236
1318771225
1318771284
1318771255
1318771231
1318771243
1318771287
1318771266
1318771242
1321499296
1321499716
1318771272
1318771248
1318771273
1318771229
1321499697
1321499841
1321499311
1321499477
1321499705
1321499658
1321499379
1321499619
1321499156
1321499344
1321499701
1321499336
1321499411
1321499229
1321499267
1321499272
1321499407
1161008028
1321499813
1321499792
1321499175
1321499467
1321499177
1321499579
1161008027
1161017358
1161017261
1161017263
1161017265
1161017267
1161017271
1161017272
1161017286
1161017290
1161017293
1325759509
1325759482
1325759506
1325759487
1325759485
1325759505
1325759514
1325759484
1325759500
1325759495
1325759502
1198969892
1165931672
1165931663
1165931673
1165931669
1165931638
1166036808
1166036798
1166036874
1198829437
1198829486
1198829482
1198829476
1198829474
1199513854
1198829491
1198840002
1198840042
1198840020
1198839974
1161017353
1161017354
1161017357
1161017355
1161017356
1188182332
1188182305
1188182339
1188182335
1161017350
1161017351
1161017348
1161017343
1161017338
1161017341
1161017332
1161017330
1161017328
1165931635
1165931633
1165931631
1164361463
1165931605
1161017305
1161017284
1161017342
1161017307
1161017326
1161017320
1161017359
1161017309
1198875147
1198840030
1198839987
1198840047
1198840006
1198969883
1198969928
1198969884
1198969946
1198969978
1198829479
1198829487
1198829445
1198829448
1198829435
1198840004
1198969894
1198840054
1198840045
1198839993
1198840043
1198840048
1198839976
1198840015
1198840060
1198873159
1198873214
1198873254
1198873218
1198873156
1198840084
1198840058
1198840056
1198905246
1198905251
1198905244
1198905273
1198905307
1198905287
671781097
1198905301
671781103
1165939299
1165917474
1165917370
1165917374
1165917450
1165917372
1165917382
1165939256
1165939294
1165939287
1165939291
1165939258
1165931717
1165931676
1165931693
1165931696
1165931706
1198969880
1165931537
1165931534
1165931712
1165931709
671781116
275217990
275217991
671781106
1198873178
1198873171
1198873166
1198873251
1198873224
1198873182
1198873221
1198873227
1198882429
1198882431
1198882421
1198873161
1198873210
1198873206
1198873256
1198873202
1198815060
1198815092
1198815072
1198875142
1198875145
1198815095
1198815064
1198815056
1198815051
1198815068
1165931557
1165931559
1165931571
1165931636
1165917345
1165917296
1164361462
1164361449
1164361493
1164361465
1164361476
1164361499
1164361501
1165917299
1165917303
1165917333
1165917366
1165917338
1165955936
1164361512
1164361511
1165917334
1165917298
1165917368
1165917373
1165917377
1165917399
1165917404
1165917405
1165917326
1165917327
1165917491
1165931600
1165917336
1165917329
1165917409
1165917398
1165917446
1165917452
1165917428
1165917386
1165917454
1165917433
1165917431
1165917479
1165917478
1165917476
1165917501
1165931573
1165931593
1164361510
1164361508
1165931675
1164361505
1165931601
1165931603
1165931521
1188182308
1165931524
1165931527
1165931530
1165917330
1165917350
1165917348
1165917347
1165917346
1165917413
1165917419
1193619233
1165917456
1165955946
1165955935
1165955934
1165955933
1165955918
1165955931
1165955930
1165955916
1199517051
1165955941
1165955940
1165955937
1165955919
1165955915
1165955914
1165955924
1165955912
1165955923
1165955922
1165955947
1193619001
1193619007
1193618999
1193618995
1193619008
1193619006
1193619004
1193619011
1165955961
1165955960
1165955959
1165955958
1165955957
1165955956
1165955955
1165955954
1165955953
1165955952
1165955945
1165955944
1199517050
1199517047
1199517059
1199517058
1199517057
1199517060
1193621322
1193621328
1193621329
1193621330
1193621332
1193621333
1193621345
1199489295
1199489270
1199489302
1199489264
1193621351
1199489271
1199489275
1199489266
1199489280
1166036810
1166036891
1166036894
1199489284
1199489286
1199489269
1199489291
1199489293
1199489299
1199489297
1199489268
1199489287
1199489285
1193621341
1185191969
1185192079
1185192075
1185192113
1185191982
1185192061
1314208421
1314208420
488593469
488593444
488593448
1314208423
488593466
488593464
1314208418
488593477
1167307602
1167307604
1167307605
1167307611
1314194996
1167307574
1167307566
1167307603
663860559
1167307587
1167307560
1167307578
1167307556
1167307576
1167307531
1167307554
1167307586
1167307614
915487762
915484097
1167307601
488593453
1314208422
488593473
1314208416
488593471
1185192103
1185192085
1185192099
1185192029
1185192102
1185192098
1185192083
1185191989
1185191993
1185191985
1185192003
1185192007
1185192010
1185192052
1185192082
1185192051
1185192037
1185192080
1185192120
1185192058
1185192105
1185192123
1185192122
1185192018
1198969913
1198969992
1198969990
1198969851
1198969939
1198970025
1198969977
1198969966
1198969869
1198969862
1198969854
1198969914
1198969943
1198969941
1198969927
1198969929
1198969925
1198969852
1198969863
1198969912
1198969989
1198969976
1198970003
1198969879
1198969856
1198969896
1198969984
1198970027
1198969864
1198969952
1198969878
1198969881
1198969926
1198969909
1198969996
1166036805
1198840066
1198945907
1198840019
1198840044
1199513852
1198839975
1198839995
1198839997
1198840062
1198839984
1198829436
1198829466
1198829478
1198829468
1198840011
1198829438
1198829440
1198829499
1198840028
1198829472
1198829459
1198829489
1198829454
1198829439
1198840008
1198840016
1198839990
1198839996
1198840041
1198840064
1198840040
1198840033
1198840021
1198840012
671809292
1198839982
1325762921
1325763008
1325762927
1325763052
6
1318743822
1318743811
1318743905
1318743834
1318743820
1318743858
25
1318743797
1318743889
1318743849
1318743909
1318743886
1318743816
1318743854
1318743874
1318743885
1318743888
1318743813
1318743814
1318743818
1318743898
1318743882
1318743845
1318743869
1318743809
1318743794
1318743838
1318743912
1318743853
1318743856
1318743902
1318743878
13
1316588122
1316588130
1316588127
1316588120
1316588115
1316588129
1316588124
1316588125
1316588118
1316588117
1316588121
1316588134
1316588136
24
1316579913
1316579910
1316579813
1316579871
1316579845
1316575994
1316575959
1316575961
1316575963
1316575977
1316575960
1316575964
1316575951
1316575988
1316579880
1316579878
1316579888
1316579862
1316579874
1316579817
1316579836
1316579917
1316579830
1316579895
9
1316576224
1316576233
1316576231
1316576239
1316576221
1316576222
1316576228
1316576240
1316576238
11
1316572718
1316572719
1316572732
1316572722
1316572717
1316572715
1316572716
1316572721
1316572711
1316572709
1316572713
3
1316571695
1316571693
1316571692
0
36
1314205270
1314205272
1314205269
1243076356
1243076361
1243076359
1243076358
1243076360
1243072824
1243069818
1243069829
1243069815
1243069828
1243069823
1243069826
1243072825
1243076354
1243074420
1243074423
1243074419
1167321910
1167321918
1167321913
1167321925
1167321927
1167321929
1167321935
1167321931
1167307493
1167307496
1167307495
1167307625
1167307627
1314203800
1314203801
1243074421
0
0
119
112664233
415408712
112664232
112664230
112664226
1243215221
1243218969
1243223604
1243223605
1243223603
1251024531
128657104
1243228641
1242035529
1242035530
1242035533
1243228642
1242035527
1243223596
1243218967
1243228640
1243212853
1243212844
1243212850
1243212846
1243215220
1243069836
1241979426
112664225
112664224
112664223
112664221
112664220
112664198
112664199
112664201
112664205
112664206
112664207
415408380
415408379
415408378
415408377
415408374
112664208
112664210
112664212
112664214
112664218
1243223602
1243223601
1251023335
1251023343
1251023333
1251023344
1251025262
1251028727
1251028725
1251030077
1251033243
1251033238
1126327287
112618357
112618341
1103952953
112618339
112617173
114310262
114310263
114310264
112617174
114310269
112617175
112617176
112617177
112617178
112617179
112617186
112617185
112617183
112617182
112618365
112618363
112618362
1103952932
1103952833
112618358
112664131
112664132
112664135
112664141
112664144
112664150
112664152
112664155
112664159
112664161
1126327295
1126327293
1143317704
112664162
112664163
112664164
112664166
112664167
112664168
112664170
112664175
112664177
112664195
1251031297
1251024524
1251024536
1251024532
1251028726
1251028728
1251033240
1251033241
1251033242
0
0
4
1243085264
1243085261
1243085265
1243085262
0
147
1167321915
1167321857
1167321862
1167321876
1224763537
1224763545
1224763506
1167321928
1224763482
1224763632
1224763667
1224763550
1224763517
1224763481
1224763584
1224763668
1224763649
1224763572
1224763613
1224763527
1224763612
1224763683
1224763603
1224763556
1224763485
1224763644
1224763640
1224763562
1224763631
1224763573
1224763611
1224763511
1224763629
1224763552
1224763586
1224763477
1224763628
1224763476
1224763575
1224763542
1224763711
1224763500
112664239
112664237
1224763598
1224763490
1224763525
1224763503
1224763648
1224763523
1224763590
1224763663
1224763539
1224763703
1224763642
1224763521
1224763502
1224763551
1224763655
1224763673
1224763600
1224763705
1224763498
1224763528
1224763569
1224763633
1224763529
1224763666
1224763470
1224763480
1224763626
1224763579
112664240
112664253
112664251
112664249
112664247
112664243
1224763493
1224763591
1224763630
1224763570
1224763646
1224763574
1224763592
1224763475
1224763708
1224763524
1224763571
1224763546
1224763557
1224763691
1224763497
1224763687
1224763507
1224763653
1224763680
1224763474
1224763588
1224763510
1224763471
1224763677
1224763519
1167321880
1167321911
1167321860
1167321884
1167321878
1167321901
1167321896
1167321926
1167321887
1167321864
1167321930
1167321902
1167321892
1167321938
1167321873
1167321905
1167321898
1224763530
1224763559
1224763496
1224763533
1224763513
1224763547
1224763540
1224763514
1224763541
1224763720
1224763487
1224763478
1224763593
1224763693
1224763520
1224763472
1224763615
1224763515
1224763582
1224763501
1224763627
1224763595
1224763505
1224763483
1224763469
1224763544
1224763516
59
1224763526
112617123
445041916
445041910
445041911
445041914
112664292
112664287
112664285
112664284
112664283
112664281
112664279
112664276
112664275
112664274
112664273
112664272
112664269
112664265
447872451
1224763492
1224763491
1224763518
1224763610
1224763558
1224763616
1224763489
1224763543
1224763499
1224763609
1224763479
488593347
1224763512
1224763486
112664262
488593335
112664256
112664259
1224763563
447872449
1224763484
447872446
112617122
112617121
112617120
112617117
447872454
447872453
447872452
112617118
112617119
1224763553
1224763548
1224763549
1224763714
1224763554
1224763531
1224763508
0
2
1214165260
1214165409
1
1214165278
330
1126327305
1126327306
1126327307
1126327201
1126327199
1126327196
1126327194
1143318183
1126327191
1126327188
1126327187
1126327015
1126327016
1126327017
1126327019
1126327021
1126327024
1126327031
1126355549
1126355551
1126355552
1126355577
1126355558
1126327033
1126327036
1126327038
1126327041
1126327044
1126327045
1126327046
1126327049
1126327047
1126327058
1126327063
1126327066
1126327263
1126327259
1126327258
1126327257
1126327069
1126327308
1326190412
496545501
1126364894
1126327111
1126327108
1126327104
1190257236
1190257237
1190257235
1126364897
1190257234
1190257233
1190257232
1326190400
1326190435
1326190429
1326190406
1326190408
1326190427
496545504
1326190404
1326190431
1326190422
496545517
1326190410
1326190425
1326190414
1326190402
1190257231
1190257230
1190257241
1190257242
1126364892
1190257240
1190257239
1190257243
1190257238
1126327244
1126327243
1126327052
1126327311
1126327087
1126327096
1126327083
1126327080
1126327314
1126327318
1126327319
1126327320
1126327321
1126327324
1126327327
1126327330
1126327333
1126327335
1126327336
314542547
314542545
314542541
314542528
314542531
314542530
314542559
314542533
314542535
314542537
314542539
314542557
314542555
314542553
314542552
1326171093
1326171096
1326171081
1326171090
1326171086
1326171095
1326171083
1326171088
1326171087
1326171103
314542506
314542550
314542508
314542510
314542563
1326165771
1326165785
1326165746
1326165755
1326165753
1326165761
1326165770
1326165787
1326165783
1326165782
1326165780
112624434
112624432
112624431
112624430
112624428
112624391
112624394
112624398
112624401
112624402
112624404
112624405
112624409
314536551
314536553
314536555
314536631
314536587
314536589
314536591
314536632
314536593
314536370
314536375
314536377
314536402
314536399
314536397
314536393
314536391
314536388
314536383
314536381
314536379
314536616
314536618
314536620
314536622
314536597
314536599
314536603
314536629
314536624
112624414
112624416
112624418
112624421
112624423
314536611
314539770
314542600
920226176
920226028
920225838
920225848
920226187
920226156
920226038
920226001
920226282
920226249
920226122
920226131
920226012
920225951
920226258
920226100
920225898
920226232
920226078
314536670
920226263
920226294
920226017
920226163
920226290
920226045
1326165764
1326165760
1326165766
1326165777
1326165778
1326165757
1326165779
314542604
314542602
314542606
314539756
314539788
314539790
314539792
314539794
314539798
314539800
314536609
314536607
314536605
314539786
314539810
314539809
314539807
314539802
314539804
314539805
314539784
314539783
314539781
314539779
314539777
314539775
314542561
314539773
314539758
314542595
314542574
314542569
314542567
314542565
314542514
314542516
314542518
314542520
314542522
314542524
314542512
314542549
314542526
1327527093
1327527060
1327527079
1327527088
1327527098
1327527049
1327527054
1327527085
1327527106
1327527102
1327527105
1327534477
1327534409
1327534405
1327534440
1327534423
1327534503
1327534455
1327534479
1327534391
1327534396
1327534384
1327534404
1327534485
1327534476
1327534446
1327534507
1327534458
1327534448
1327534394
1327534483
1327534382
1327534419
1327534381
1327534416
1327534452
1327534481
1327534487
1327534484
1327527062
1327534443
1327529262
1327529267
276936247
276936274
276936248
276936249
1327529259
1327529264
276936251
276936253
276936246
276936295
1103683249
1103683247
276936309
276936896
276936894
276936893
276936892
276936891
276936887
276936888
276936889
276936890
37
473183499
473183498
473183496
473183494
473183493
473183489
473183488
473183487
473183485
473183484
473183483
473183481
473183480
473183479
473183477
473183475
473183474
473183473
473183472
473183469
473183467
473183465
473183414
473183421
473183427
473183436
473183444
473183445
473183447
473183450
473183453
473183454
473183456
473183458
473183459
473183460
473183461
150
276939731
276939732
276939733
276939734
276939735
276939736
276939737
276939738
276939739
276939740
276939741
276939742
276939743
276939744
276939745
276939746
276939747
276939748
276939750
276939751
276939752
276939753
276939754
276939755
276939756
276939757
276939758
276939759
276939760
276939761
276939762
276939764
276939765
276939766
276939767
276939768
276939770
276939771
276939772
276939773
276939774
276939775
276939776
276939778
276939779
276939780
276939781
276939782
276939783
276939784
276939785
276939786
276939787
276939789
276939790
276939791
276939793
276939794
276939795
276939796
276939797
276939798
276939799
276939800
276939801
276939802
276939803
276939804
276939805
276939806
276939807
276939808
276939809
276939810
276939811
276939812
276939813
276939814
276939816
276939817
276939818
276939819
276939820
276939821
276939822
276939823
276939824
276939825
276939826
276939827
276939828
276939829
276942104
276942105
276942107
276942108
276942109
276942110
276942111
276942113
276942114
276942115
276942116
276942199
276942198
276942197
276942195
276942192
276942191
276942188
276942187
276942186
276942184
276942183
276942180
276942179
276942176
276942175
276942174
276942172
276942171
276942170
276942167
276942165
276942164
276942163
276942158
276942157
276942156
276942154
276942152
276942150
276942149
276942145
276942143
276942142
276942141
276942139
276942137
276942136
276942135
276942133
276942131
276942130
276942129
276942127
276942126
276942125
276942121
276942120
243
276929997
276929996
276929995
276929994
276929993
276929992
276929991
276929990
276929989
276929987
276929986
276929984
276929982
276929981
276929978
276929977
276929975
276929974
276929973
276929972
276929971
276929970
276929969
276929967
276929083
276929082
324173468
276939650
276939649
276939648
276938807
276938806
276938805
276938804
276938803
276938802
276938801
276938800
276938799
276938797
276938796
276938829
276938828
276938827
276938826
276938825
276938824
276938823
276938822
276938821
276938820
276938819
276938818
276938817
276938816
276938814
276938813
276938812
276938811
276938810
276938134
276938133
276938131
276938130
276938129
276938301
276938127
276938126
276938125
276938124
276938123
276938122
276938120
276938119
276938117
276938115
276938114
276938113
276938111
276938110
276938109
276938108
276938107
276938106
276938105
276938104
276938103
276938102
276938101
276938100
276938099
276938098
276938097
276938096
276938095
276938094
276938093
276938092
276938091
276938090
276938089
276938088
276938087
276938086
276938085
276938084
276938083
276938082
276938081
276938078
276938077
276938075
276938073
276938072
276938071
276938070
276938069
276938068
276938067
276938066
276938065
276938064
276938063
276938062
276938061
276938060
276938059
276938058
276938057
276938056
276938054
276938053
276938052
276938051
276938050
276938049
276938048
276938047
276938046
276938045
276938044
276938043
276938042
276938041
276938040
276938039
276938038
276938037
276938036
276938035
276938034
276938033
276937636
276937635
276937634
276937638
276937646
276937644
276937642
276928917
276928915
276928913
276928912
276928911
276928905
276928903
276928901
276928899
276928897
276928896
276928895
276929230
276929227
276929228
276929229
276928812
276928813
276928814
276928815
276928816
276928818
276928819
276928821
276928822
276928825
276928826
276928827
276928829
276928831
276928832
276928833
276928835
276928836
276928838
276928839
276928840
276928841
276928843
276928844
276928845
276928846
276928847
276928848
276928849
276928853
276928855
276928856
276928857
276928858
276928859
276928860
276928861
276928865
276928866
276928867
276928868
276928869
276928870
276928873
276928874
276928876
276928877
276928878
276928879
276928880
276928881
276928882
276928883
276928884
276928885
276929328
276928886
276928887
276928888
276928889
276928892
276929327
276929326
276929325
276929323
276929321
276929320
276929232
9
314536437
314536443
314536446
314536449
314536452
314536460
314536463
314536470
314536473
16
920225880
920226223
920226185
920226069
920226037
920225847
920225854
920226197
920225965
920226018
920226136
920226130
920226257
920226289
920226011
920226044
0
15
112668978
276932141
276932140
1260537008
1260537002
1260536997
1260536993
1260536986
1260536984
1260536982
1260536980
1260536961
1260536969
1260536972
1260536976
68
1240664699
1240664697
1240664725
1240664790
1240664727
1240664729
1240664723
1240664712
1240664710
1240664673
1240664671
1240664812
1240664681
1240664789
1240664708
1240664704
1240664791
1240664731
1240664733
1240664735
1240664737
1240664740
1240664751
1240664795
1240664797
1240664754
1240664675
1260536890
1260536897
1260536889
1260536887
1260536885
1260536879
1260536876
1260536873
1260536865
1260536864
1260536862
1260536860
1260536857
1260536855
1260536850
1260536848
1260536844
1260536841
1260536840
1260536839
1260536838
1260536833
1260536830
1260536827
1260536824
1260536815
1260536814
1260536811
1260536796
1332275875
1260536808
1260536810
1260536794
1260536792
1260536790
1260536789
1260536785
1240664684
1240664792
1240664672
1240664692
211
567391541
567391539
567391537
567391536
567391535
567391534
567391531
567391529
567391527
567391525
567391523
567391521
567391519
567391518
567391517
567391514
567391512
567391511
567391510
567391508
567391507
567391505
567391504
567391502
567391499
567391497
567391496
567391495
567391494
567391492
567391489
567391485
567391483
567391482
567391480
567391478
567391477
567391475
567391474
567391471
567391469
567391468
567391467
567391465
567391461
567391460
567391458
567391457
567391456
567391192
567391196
567391199
567391214
567391227
567391241
567391256
567391272
567391286
567391298
567391309
567391320
567391322
567391324
567391326
567391350
567391355
567391358
567391360
567391362
567391367
567391369
567391370
567391372
567391375
567391376
567391377
567391378
567391380
567391381
567391382
567391383
567391385
567391386
567391387
567391388
567391389
567391390
567391391
567391392
567391393
567391394
567391395
567391397
567391398
567391400
567391401
567391402
567391403
567391404
567391405
567391406
567391407
567391408
567391409
567391410
567391411
567391412
567391413
567391414
567391415
567391416
567391417
567391418
567391419
567391422
567391423
567391424
567391425
567391426
567391427
567391428
567391429
567391430
567391432
567391433
567391434
567391435
567391436
567391437
567391439
567391440
567391441
567391442
567391443
567391444
567391445
567391446
567391447
567391448
567391449
1027838477
1027838632
1027838906
1027838702
1027839010
1027838357
1027838869
1027838434
1027838453
1027838440
1027838890
1027838735
1027838431
1027838720
1027838529
1027839006
1027838635
1027838345
1027838353
1027838339
1027838460
1027838354
1027838356
1027838815
1027838664
1027839004
1027838991
1027838695
1027838880
1027838852
1027838580
1027838446
1027838455
1027838502
1027838559
1027838673
1027838510
1027838427
1027838675
1027838560
1027838488
1027838417
1027838527
1027838485
1027838575
1027838362
1027838840
1027838430
1027838336
1027838448
1027838393
1027838865
1027838422
1027839015
1027838409
1027838508
1027838500
1027838389
1027838829
1027838826
1027838452
1027838332
1027838944
1027838593
1027838657
1027838608
567391450
567391451
567391452
567391453
567391454
35
705534943
705534417
705534711
705534062
705533496
705534831
705535077
705534538
705533919
705534767
705533433
705534989
705533695
705534294
705534873
705534601
705534495
705533350
705533813
705533759
705534413
705534942
705533635
705534965
705533662
705534250
705534578
705533326
705534854
705533784
705534471
705533741
705534389
705534921
705533609
28
1260536960
1260537087
1260537094
1260537106
1260537107
1260537108
1260537109
1260537112
1260537117
1260537120
1260537140
1260537142
1260537145
1260537156
1260536913
1260536916
1260536918
1260536928
1260536924
1260536931
1260536938
1260536936
1260536942
1260536944
1260536946
1260536948
1260536951
1260536956
259
324175603
324175602
324175601
324175600
324175303
324175302
324175301
324175300
324175299
324175298
324175297
324175296
324175295
324175294
324175293
324175292
324175291
324175290
324175289
324175288
324175287
324175286
324175284
324175283
324175282
324175281
324175280
324175279
324175278
324175277
324175275
324175274
324175271
324175270
324175269
324175268
324175267
324175266
324175265
324175264
324175263
324175262
324175261
324175260
324175259
324175258
324175257
324175256
324175255
324175254
324175253
324175252
324175251
324175250
324175249
324175248
324175247
324175246
324175245
324175244
324175243
324175242
324175241
324175240
324175238
324175237
324175236
324175235
324175234
324175233
324175231
324175230
324175229
324175228
324175227
324175226
324175225
324175224
324175199
324175200
324175201
324175202
324175203
324175204
324175205
324175206
324175207
324175208
324175209
324175210
324175211
324175212
324175213
324175214
324175215
324175216
324175217
324175218
324175219
324175220
324175221
324175222
1253610421
1253610341
1253610500
1253610435
1253610465
1253610268
1253610481
1253610241
1253610470
1253610404
1253610453
1253610399
1253610510
1253610308
1253610407
1253610218
1253610317
1253610449
1253610232
1253610432
1253610375
1253610411
1253610306
1253610353
1253610326
1253610321
1253610410
1253610239
1253610408
1253610468
1253610703
1253610303
1253610706
1253610297
1253610313
1253610269
1253610273
1253610495
1253610472
1253610454
1253610392
1253610413
1253610705
1253610466
1253610406
1253610301
1253610700
1253610374
1253610699
1253610704
1253610707
1253610503
1253610479
1253610702
1253610701
1253610482
1253610502
1253610514
1253610494
1253610343
1253610248
1253610355
1253610397
1253610441
1253610378
1253610302
1253610457
1253610289
1253610299
1253610475
1253610458
1253610316
1253610322
1253610307
1253610439
1253610336
1253610335
1253610356
1253610255
1253610242
1253610450
1253610373
1253610277
1253610434
1253610234
1253610402
1253610245
1253610219
1253610267
1253610274
1253610489
1253610425
1253610420
1253610396
1253610258
1253610448
1253610282
1253610484
1253610394
1253610497
1253610231
1253610393
1253610331
1253610230
1253610487
1253610236
1253610511
1253610286
1253610320
1253610314
1253610347
1253610259
1253610377
1253610228
1253610310
1253610477
1253610476
1253610337
1253610323
1253610325
1253610271
1253610499
1253610256
1253610372
1253610498
1253610386
1253610332
1253610342
1253610330
1253610295
1253610280
1253610427
1253610296
1253610311
1253610474
1253610431
1253610233
1253610459
1253610440
1253610471
1253610443
1253610483
1253610480
1253610436
1253610291
1253610405
1253610409
1253610261
1253610357
1253610379
1253610225
1253610387
1253610371
1253610469
1253610345
1253610312
1253610463
18
1326190437
1326192826
1326192814
276936904
1326192812
276936905
1326192828
276936906
1326192829
1326192825
1326192817
1326192815
276936901
1326192830
1326192827
276936902
276936903
276936853
60
920226085
920226208
920226240
920225913
920226231
920226106
920226077
920225897
1326173157
1326171926
1326171921
1326171924
1326171928
1326171930
1326171097
1326171089
1326171106
1326171092
1326171101
1326171099
1326171102
1326171104
314536701
314536699
314536697
314536661
1326177668
1326177662
314536656
1326177658
314536665
1326177667
314536666
1327546296
1327546310
1327546311
1327546291
1327546298
314536695
314536677
314536679
1326177672
1326177660
1326177654
314536659
1326177670
314536663
1326177657
1326177669
314536654
1326177655
1326177676
1326171084
1326171094
1326171082
1326171105
1326171100
1326171098
1326171085
1326171091
54
705533861
705533626
705534211
705534823
705533487
705534773
705533307
705534584
705534313
705534880
705533569
705534126
705533831
705533441
705533988
705534504
705535101
705534558
705533947
705533412
705534935
705534407
705533754
705535094
705534249
705533661
705534964
705534470
705534746
705533515
705534726
705534846
705534236
705534550
705533936
705533406
705534182
705533598
705534465
705533778
705534084
705534913
705533652
705534957
705533382
705534702
705534050
705534362
705533733
705535068
705534530
705534798
705533467
705533704
34
705533404
705533934
705533651
705534234
705534845
705533513
705534932
705533623
705534208
705534116
705533562
705533783
705533325
705534577
705533980
705534694
705534038
705533480
705534814
705535013
705534522
705533850
705533371
705533587
705534899
705534342
705533723
705534006
705533456
705534791
705534072
705534200
705533746
705533687
66
1197708357
1197708402
1197708507
1197708361
1197708443
1197708508
1197708389
1197708410
1197708504
1197708457
1197708417
1197708375
1197708437
1197708460
1197708467
1197708464
1197708381
1197708497
1197708471
1197708409
1197708351
1197708469
1197708445
1197708505
1197708441
1197708384
1197708405
1197708387
1197708503
1197708420
1197708407
1197708473
1197708414
1197708509
1197708511
1197708359
1197708377
1197708379
1197708432
1197708355
1197708434
1197710122
1197710088
1197710083
1197710081
1197710093
1197710085
1197710116
1197710086
1197710109
1197710112
1197710104
1197710096
1197710090
1197710075
1197710125
1197710106
1197710079
1197710114
1197710092
1197710117
1197710097
1197710126
1197710091
1197710124
1197710128
123
1076821351
413695842
413695840
413695838
413695835
413695834
413695833
413695829
413696026
413696030
413696034
413696037
413696039
413696041
413696042
413696044
413696045
413696046
413696047
413696050
413696051
413696052
413696053
413696058
413696059
413696060
413696061
413696062
413696063
413696067
413696068
413696069
413696070
413696071
413696073
413696075
413696082
413696083
413696086
413696087
413696090
1076821347
276937359
276937361
1076804832
1076804804
1076804738
1076804827
1076804755
1076804840
1076804690
1076804748
1076804701
1076804784
1076804808
1076804741
1076804828
1076804767
1076804842
1076804781
1076804698
1076804801
1076804720
1076804735
1076804751
1076804838
1076804776
1076804692
1076804717
1076804813
1076804722
1076804830
1076804725
1076804688
1076804745
1076804699
1076804771
1076804779
1076804694
1076804797
1076804719
1076804817
1076804723
1076804834
1076804732
1076810184
1076810183
413696097
413696095
413696093
413696094
1076821363
1076821414
1076821339
1076821353
1076821373
1076821383
1076821358
1076821397
1076821393
1076821419
1076821365
1076821425
1076821333
1076821407
1076821378
413696407
1076821336
1076821422
1076821344
1076821402
1076821369
413696406
413696405
413696395
413696396
413696397
413696400
413696401
413696402
413696403
413696404
1076822767
63
413696394
413696388
413696387
413696385
413696382
413696381
413696378
413696447
413696410
413696442
413696444
413696445
413696456
413696449
413696430
413696455
413696440
413696454
413696451
413696433
413696432
413696431
413696426
413696425
413696421
413696422
413696423
413696424
413696427
413696428
413696429
413696363
413696328
413696331
413696332
413696333
413696334
413696335
413696336
413696337
413696338
413696339
413696340
413696341
413696342
413696343
413696344
413696345
413696346
413696350
413696351
413696349
413696353
413696355
413696356
413696354
413696357
413696360
413696361
413696359
413696367
413696374
413696376
7
1325748239
1325748360
1325748138
1325748419
1325748151
1325748213
1325748214
10
1076761219
1076761132
1076761202
1076761301
1076761185
1076761288
1076761162
1076761274
1076761143
1076761257
24
1321505474
1321505264
1321505398
1321505387
1321505320
1321505288
1321505316
1321505430
1321505460
1321505279
1321505475
1321505344
1321505364
1321505309
1321505353
1321505390
1321505445
1321505272
1321505392
1321505444
1321505403
1321505333
1321505435
1321505396
20
1332814852
1332815207
1332815729
1332816690
1332814523
1332814976
1332815463
1332814296
1332814654
1332815265
1332816214
1332816601
1332816284
1332815527
1332815024
1332814755
1332816865
1332816538
1332815826
1332814349
45
413696281
413696282
413696283
413696284
413696285
413696327
413696326
413696325
413696324
413696323
413696322
413696320
413696319
413696318
413696317
413696316
413696315
413696314
413696313
413696312
413696311
413696310
413696309
413696308
413696307
413696306
413696305
413696304
413696303
413696302
413696301
413696300
413696299
413696298
413696297
413696296
413696295
413696294
413696293
413696292
413696291
413696290
413696289
413696288
413696287
8
276936161
276936160
276936159
276936158
276936156
276936155
276936151
276936152
22
276936086
276936087
276936088
276936089
276936090
276936092
276936093
276936129
276936131
276936132
276936133
276936134
276936136
276936137
276936138
276936140
276936142
276936143
276936144
276936145
276936146
276936148
1
413696098
3
1260536895
1260536905
1260536902
3
276937358
276937357
276937355
30
276930043
276930314
276930313
276930092
276930102
276930103
276930104
276930316
276930307
276930308
276930093
276930573
276930572
276930571
276930570
276930569
276930568
276930566
276930094
276930095
276930096
276930621
276930622
276930623
276930624
276930625
276930097
276930099
276930100
276930101
8
276930033
276930034
276930035
276930036
276930037
276930042
276930041
276930039
72
130214694
130215940
130215941
130215942
130215943
130215944
130215945
130215946
130215947
130215948
130215949
130215951
130215952
130215953
130215954
130215955
130215956
130215957
130215958
130215959
130215960
130215961
130215962
130215963
130215964
130215965
130215966
130215967
130215968
130215969
130215971
130215972
130215973
130215974
130215975
130215976
130215977
130215978
130215979
130215980
130215981
130215982
130215983
130215984
130215985
130215986
130215987
130215988
130215989
130215990
130215991
130215992
130215993
130215994
130215995
130215996
130215997
130215998
130215999
130216000
130216001
130216002
130216004
130216005
130216006
130216007
130216008
130216009
130216010
130216011
130216012
130216013
0
35
130215903
130215904
130215905
130215906
130215907
130215908
130215909
130215910
130215911
130215912
130215913
130215914
130215915
130215916
130215917
130215918
130215919
130215920
130215921
130215922
130215923
130215924
130215925
130215927
130215928
130215929
130215930
130215931
130215932
130215933
130215934
130215935
130215936
130215937
130215939
6
1198744057
1198744037
1198744055
1198744053
1198744060
1198744059
0
110
1326182321
1326182326
1326182367
1326182345
1326182323
1326182330
1326182344
1326182365
1326182327
1326182353
1326182328
1326182325
1326188427
1326188412
1326188406
1326188442
1326188447
1326188441
1326188420
1326188444
1326188425
1326188454
1326188459
1326188423
1326188430
1326188445
1326188424
1326188451
1326188456
1326188455
1326188458
1326188449
1326188422
1326188409
920226021
920226056
920226169
920226211
920225864
920225859
1326184507
1326184515
1326184508
1326184518
1326184509
1326184513
1326184512
1326184514
920226049
1326184504
1326184511
1326184506
1326184519
1326184510
1326184505
1326184516
1326184517
920226083
920226204
920226236
920225909
920226238
920226230
920225895
314536545
314536546
314536524
314536549
920225964
920226046
314536526
314536528
314536530
314536532
314536535
314536537
314536634
314536539
314536541
1326182369
1326182360
1326182355
1326182337
1326182313
1326182357
1326188460
314536703
314536705
314536680
314536682
314536687
314536689
1326182343
1326182342
314536638
1326182358
314536652
314536693
314536650
1326182314
1326182341
314536647
1326182339
314536645
314536643
1326182359
314536640
1326182329
1326182351
1326188452
83
444058623
444058622
444058616
444058621
444058620
444058619
444058617
444058624
444058610
444058607
444058606
269567447
428672166
445353544
445353651
445353650
445353649
444058746
444058744
444058627
444058625
428672165
269567445
269567444
269567443
444058742
269567441
444058748
444058750
269567440
269567439
444058615
269567438
444058614
269567437
269567436
269567435
269567434
269567433
269567431
269567429
269567427
444041601
444041603
444041604
444041605
444041606
444041608
269567425
444041646
444041599
444041597
444041595
444041617
444041618
444041620
445028185
269567423
269567421
1103464865
269566454
444041624
444041645
444041644
444041641
444041639
444041638
444041634
444041632
444041631
792643010
792643035
792643039
112664298
112664296
444041627
444041629
444041625
444041594
444041590
444041587
112664304
112664302
1
413695741
3
663689462
663689461
663689456
5
135809685
135809683
135806342
135806338
135806324
0
0
0
51
276939697
276939698
276939699
276939700
276939701
276939702
276939703
276939705
276939706
276939707
276939708
276939709
276939711
276939713
276939714
276939715
276939716
276939717
1210089384
1210089391
1210089376
1210089394
1210089383
276939718
1210089378
1210089382
1210089373
1210089405
1210089403
1210089400
1210089401
1210089397
1210089404
1210089409
1210089379
1210089413
1210089406
1210089396
1210089399
1210089377
1210089410
1210089407
1210089398
1210089380
1210089387
1210089375
1210089374
1210089402
1210089412
1210089411
1210089393
9
276928797
276928798
276928799
276928801
276928804
276928805
276928806
276928808
276928809
30
1318758245
1318758343
1318758271
1318758341
1318758307
1318758304
1318758298
1318758276
1318758297
1318758289
1318758282
1318758284
1318758279
1318758240
1318758268
1318758331
1318758318
1318758315
1318758352
1318758237
1318758336
1318765774
1318758273
1318758252
1318758243
1318758291
1318758349
1318758346
1318758350
1318758345
20
1318768859
1318768795
1318768863
1318768786
1318768782
1318768770
1318768827
1318768807
1318768810
1318768845
1318768841
1318768802
1318768854
1318768775
1318768797
1318768812
1318768832
1318768847
1318768846
1318768867
21
1198905242
1198905226
1198905275
1198905282
1198905207
1198905193
1198905269
1198905208
1198905253
1198905188
1198905214
1198905279
1198905311
1198905271
1198905228
1198905224
1198905284
1198905230
1198905220
1198905255
1198905315
0
26
449822850
449822852
449822855
449822857
449822859
1193244166
1193244122
1193244114
1193244171
449822861
449822863
449822868
449822869
449822871
449822873
449822875
449822877
449822879
449822880
449822882
449822883
449822886
449822888
449822890
449822891
449822896
23
663859803
663860591
1165917426
1165917396
1165917300
1165917488
1165917384
1165917483
1165917449
1165917421
1165917385
1165917424
1165917400
1165917403
1165917388
1165917429
1165917461
1165917352
1165917364
1165917486
1165917435
663859667
663860588
35
1318766668
1318766679
1318766719
1318766680
1318765223
1318766741
1318766714
1318766716
1318766700
1318766709
1318766737
1318766677
1318766731
1318766711
1318766721
1318766669
1318766670
1318766685
1318766696
1318766742
1318766708
1318766706
1318766723
1318766740
1318766701
1318766720
1318766703
1318766718
1318766724
1318766739
1318766697
1318766674
1318765233
1318765198
1318765200
3
1316556598
1316556596
1316556599
4
112624446
112624443
112624442
112624441
0
11
25449271
488593343
25449261
25449262
1198755474
25449263
488593420
488593418
25449264
25449265
25449267
71
276928757
276928756
276928755
276928754
276928753
276928752
276928751
276928750
276928749
276928748
276928747
276928746
276928745
276928744
276928743
276928741
276928740
276928739
276928738
276928737
276928736
114328976
114328978
1294003289
1294003291
1294003292
1294003288
1294003290
114328979
114328981
1294003285
114328982
114328983
114328985
114328986
114328987
114328988
114328990
114328991
114328993
114328995
114328996
114328997
114328999
114329000
276928708
276928709
276928710
276928711
276928712
276928713
276928714
276928715
276928716
276928717
276928718
276928719
276928720
276928721
276928722
276928723
276928724
276928726
276928727
276928728
276928729
276928730
276928731
276928732
276928733
276928734
3
1318745845
1318745841
1318745843
4
1308680641
1308680633
1308680638
1298799476
5
1313209158
1313209187
1313209221
1313209210
1313209215
0
18
1318770028
1318770033
1318769996
1318770016
1318770008
1318769990
1318770015
1318770014
1318770002
1318770032
1318770001
1318769992
1318769998
1318770048
1318769989
1318769999
1318770000
1318770018
1
1222473639
16
1318770036
1318770034
1321499248
1318770043
1318770020
1318770024
1318770017
1321499441
1318770009
1318770049
1318770011
1318770004
1318770046
1318770040
1318769994
1318770023
0
73
324175462
324175463
324175464
324175465
324175466
324175467
324175468
324175469
920226116
920225869
920225834
920226174
920226144
920226026
920226034
920226278
920226152
920226119
920225997
920225923
920226246
920226255
920226127
920226097
920225942
920225875
920226221
920226181
920226067
920225850
920226190
920226158
920226040
920226003
920226284
920226251
920226124
920226133
920226014
920225960
920226260
920226227
920226103
920226073
920225889
920225907
920226234
920226202
920226047
920226080
920226166
920226207
920225860
920225912
920226084
920226110
920226239
920225976
920226108
920226138
920226020
920225828
920226266
920226051
920226058
920225866
920225830
920226171
920226140
920226022
920225981
920226268
920226275
1
1224758729
10
276936867
276936866
276936865
276936864
276936863
276936862
276936860
276936855
276936856
276936858
37
920226217
920225925
920226094
920225918
920226276
920226023
920226141
920226090
920225862
920225914
920226241
920226269
920225967
920226137
920225827
920226019
920226053
920226168
920226235
920225908
920226228
920225826
920226167
920226253
920226125
920226096
920225931
920225874
920226220
920226179
920226193
920226005
920226285
920226292
920226134
920226015
920225962
10
920225940
920226183
920225846
920225837
920225922
920225995
920226118
920226032
920225843
920226277
43
920226061
920226092
920226215
920226210
920225863
920225915
920226087
920226113
920226242
920226271
920225988
920225849
920226039
920226072
920226188
920226226
920225887
920225959
920226102
920226095
920226218
920226250
920225927
920226002
920226123
920226157
920226283
920226274
920225993
920226270
920226112
920225986
920226244
920226089
920225917
920225865
920226212
920226170
920226057
920225872
920225839
920226177
920226147
3
1164363199
1164363196
1164363201
10
276930019
276930020
276930021
276930022
276930023
276930024
276930026
276930028
276930030
276930031
16
1143318851
1143316475
1143317994
1143318501
1143317111
1126355545
1126355542
1126355540
1143316597
1126355510
1126355508
1126355505
314536418
314536420
314536423
314536425
10
413695844
413695845
413695846
413695848
413695849
413695856
413695860
413695861
413695862
413695863
8
1240664758
1240664767
1240664764
1240664769
1240664770
1240664771
1240664787
1240664793
1
1321499733
11
1260537073
1260537057
1260537052
1260537050
1260537046
1260537032
1260537029
1260537027
1260537026
1260537011
1260537022
5
276930995
276930990
276930991
276930992
276930993
1
1126355580
12
112624352
112624356
112624357
112624360
112624361
112624362
112624365
112624366
112624367
112624370
1126355587
1126355579
3
444058599
444058598
444058596
28
413695877
413695883
413695886
413695890
413695893
276937428
413695980
413695974
413695966
413695963
413695957
413695952
413695949
413695947
413695946
413695945
413695944
413695943
413695942
413695941
413695936
413695931
413695926
413695922
413695919
413695917
413695910
413695900
8
112624388
112624387
112624384
112624382
112624380
112624378
1126355519
1126355521
0
15
920226139
920226142
920226173
920225832
920225868
920226060
920226091
920226214
920225916
920226088
920226114
920226243
920226273
920225990
920226027
8
663859673
663859676
663859675
663859674
663859672
663859671
663859670
663859668
26
276928761
276928762
276928763
276928764
276928766
276928767
276928768
276928769
276928770
276928771
276928772
276928773
276928774
276928775
276928776
276928778
276928779
276928784
276928785
276928796
276928794
276928793
276928792
276928791
276928790
276928789
4
1126327211
1126327209
1126327203
1126327205
0
21
444041715
444041714
444041712
444041710
444041709
444041708
444041707
444041706
444041705
444041703
444041701
444041699
444041698
444041696
444041691
444041687
444041686
444041684
444041682
444041680
444041678
15
276937351
276937350
276937349
276937064
276937065
276937066
276937067
276937069
276937070
276937071
276937072
276937343
276937344
276937345
276937346
2
276930996
276930998
6
1126295924
1126295930
1126295932
1126295985
1126295958
1126295940
37
276939658
276939659
276939660
276939661
1351232691
276939662
276939663
276939696
276939695
276939694
276939693
276939691
276939690
276939689
276939688
276939687
276939685
276939684
276939683
276939682
276939679
276939678
276939676
276939675
276939674
276939673
276939671
276939670
276939669
276939668
276939667
276939666
920225996
276939664
1351232692
1351232689
1351232690
1
263571541
18
920225878
920225945
920226098
920226128
920226256
920226216
920226093
920226062
920225870
920225836
920226182
920226068
920226035
920225845
920226279
920226154
920226120
920226009
49
444058765
444058790
444058789
444058787
444058784
444058782
444058767
444058766
444041651
444041675
444041673
444041671
444041670
444041666
444041665
444041664
444041663
444041652
444041653
444041655
444041656
444041657
444041658
444041659
444041609
444041612
444041613
444041615
444041660
444041661
444041662
444058582
444058583
444058584
444058585
444058586
444058587
444058588
444058752
444058754
444058594
444058593
444058592
444058591
444058590
444058764
444058762
444058760
444058589
0
0
0
3
1198882424
1198882427
1198882435
0
1
263571521
9
276930574
276930575
276932132
276932133
276932134
276932135
276932136
276932139
276932138
0
1
1103952939
1
276930620
7
314539830
314539828
314539827
314539838
314539836
314539834
1327498944
2
1189111381
1189111384
18
1318766702
1318766744
1318766675
1318766692
1318766725
1318766745
1318766689
1318766743
1318766733
1318766681
1318766686
1318766671
1318766672
1318766673
1318766687
1318766713
1318766717
1318766682
4
663860586
663860584
663860583
663860581
0
0
1
276937427
13
1224758722
1224758752
1224758694
1224758742
1224758753
1224758704
1224758726
1224758746
1224758720
324173508
324173507
1224758750
1224758739
0
4
276939655
276939654
276939653
276939652
1
1183641767
0
0
0
0
15
920225924
920226293
920226126
920225934
920226254
920226262
920225963
920225892
920226229
920226194
920226075
920226082
920225858
920226205
920226050
3
1318766738
1318766698
1318766699
0
1
1326192816
6
1210450065
1210450039
1210450058
1210450056
1210450040
1210450063
0
4
920225853
920226033
920226150
920225842
1
920225856
1
276936168
2
276936171
276936169
1
1186433866
1
276928759
3
663689494
663689487
663689489
4
1224758747
1224758736
1224758727
1224758707
0
0
0
1
1076761217
1
663860573
0
0
0
0
0
0
2
1126327251
1126327248
0
0
0
1
413695828
1
413695825
0
0
0
9
130212530
130212529
130212528
130212527
130212526
130212524
130212522
488593322
130212520
16
130212531
130212532
130212533
130212534
130212549
130212548
130212547
130212546
130212545
130212544
130212543
130212541
130212540
130212538
130212537
130212536
0
11
473177814
473177813
473177811
473177810
473177809
473177808
473177807
473177806
473177805
473177799
473177801
2
447872448
112617124
7
276930017
276930016
276930015
276930014
276930008
276930003
276930004
0
1
112617172
0
1
920226252
0
0
0
0
0
0
0
0
0
0
8
415406368
415406367
415406366
415406365
415406364
415406363
415406362
415406361
0
0
0
0
0
0
0
0
0
0
0
1
135806321
0
0
0
