9
cycleway=shared_lane
746
29941762
1131096069
1131218950
1137561610
1122263054
1141440531
1131218968
203917337
1131218969
1116301343
1153832999
1131218984
1130897449
1215086639
1134678068
1120026681
1117958206
203978816
1274615882
1153886283
1116354636
1122265166
1130897488
1134678102
848517208
1122263131
1130934363
320135261
1116354656
486156384
1114912867
1131219044
1123989605
1135566950
1158334567
533168232
1116713061
1128888432
1116301424
1116196978
1206788217
1131096186
1128888445
1153833087
878876800
1131188353
255737984
1284227202
1158285439
1135818882
1138290822
1131438215
69318794
1134545037
1135818893
1134545039
598202515
1153886357
1155500184
256497816
548675739
878876834
1137561766
257665195
1131094188
1163131053
1135818923
1158334639
419707061
850978997
1153886392
1117958335
1116301505
245930181
1142229191
625983688
1123862732
1153571021
1140521166
1131247823
1127123151
1194281168
1141979346
1194240213
1206788315
333680860
1135818973
1153833183
1131575528
1116354793
1088925935
886716656
1141027064
1135593721
1194240250
1127123201
221298948
470354181
1130897677
1118308622
1143120150
663894295
1158334743
1128851736
889528606
1120031007
1118902563
1134383395
887097637
1122343203
1118308650
1116301614
1134383408
1118308667
1151975741
1120059709
470343999
146311488
256975174
1177749831
1135454537
720689482
1124149584
69450064
1120180569
1120180570
1153571167
1117958504
980003179
1131575666
1135784319
1140017536
1153571201
1162250625
259279247
1118308754
1120180627
1138917780
1172904341
1145360795
1145360798
255740323
954628519
688976296
1114913193
578460078
484403632
203946416
886976949
382405046
1118308789
1117958583
291135931
1143120319
1141027265
1135593930
1163868630
470651353
1114913241
673989088
878877161
256498158
1163919862
205335032
1338907130
1139524092
1163919868
1177747971
25082375
1131248138
954808843
1145360911
1116389904
1118849552
1122343442
1141027353
1119820318
1164311072
1158335009
256582186
1127082541
1130934832
890450483
1124092470
1116389942
850633272
886977082
847774275
1163919943
1119291977
1164368460
1123863122
1134647892
1143120469
1134418520
1118849626
25762397
25414238
1143120477
1131094624
69483106
1194259043
257292901
672404069
1194259049
1134363244
256332398
1119292019
689138292
1122343545
1118849659
1190099582
1124092557
1131248269
33360528
1272064659
1134418580
1131133590
1153573527
1151896216
256494230
1164313238
1135594140
1069990560
890450594
33084077
258163375
1162250929
1119292084
1130904245
1120318134
431745717
1153573560
446941882
1158335166
1069990590
1164368576
287345345
1212357314
890450624
1186304708
333681352
877214410
1162250955
1176877773
1114079953
1153762008
1147232990
689621728
1138256610
491102952
255740648
1158247147
287369965
333652720
1141027569
1119820533
431745784
416047869
1071821566
1194306303
207571712
257164034
33213193
989207306
1158333196
1134363416
890450713
1141025561
1120181016
1131133735
1134418731
1147233069
1194306349
1123863343
1272124208
1116382001
877214514
494437170
418042673
877214518
1131094846
1151896387
689316678
1194222407
1169218376
1131133769
1213221706
1122343756
970918734
287359826
287359831
595651418
69339995
1130935133
247051106
256068450
256494434
1117959013
1164309358
1139430255
333681520
1177793392
418038643
1117959028
1116734323
970754935
1118307192
583928699
1119292287
776385409
256582533
1120091015
1135612810
540138378
354007950
338246544
1117959070
776385447
1106602926
890450862
1153878960
688022449
1145361328
308009902
1302870968
1151974340
484619208
1122302922
1120052172
247040977
1163920341
690060246
1131609045
890450903
1106336730
27091932
1131095005
890450909
1128831967
1128831968
1140052982
660470778
239729664
1183591425
1153571840
976157702
1120052233
1128885257
1301617676
1122343953
1131095058
1117959187
1119269911
689622040
1141392409
1147223070
698719262
986692640
469847080
1148781611
1135629358
1137454131
416085045
1153762358
1131134006
1194314808
689138745
1116386362
1177793594
1131000894
1120042051
890451012
1140053062
1127126086
1141025865
1164405833
355017802
1164405837
1158247505
333681748
256334934
1139901531
1164405855
1302881377
256494690
886977635
1194314852
1135498340
256494692
505764967
716876903
1158247529
1121125476
1302844524
1153406062
1158247535
1069948018
1120439420
688974974
1141027966
1194314879
1153762433
333681791
1302844551
1142230153
1312310411
1116697740
1151976593
1128787090
256582804
886043797
1158247574
1128787097
1132307609
689136797
890451103
1126763685
1142230186
1148781742
1116247218
890451123
1121125556
1120507063
890451129
689519807
1120507071
1302844607
291124419
1124109507
1134363843
886977735
1127052488
1128799436
1153572048
890451152
1069948112
1137454292
247123157
333681880
1141026009
1126763739
1137454302
1122600158
69481696
847277281
591287520
1118889189
69354726
1180869867
890451184
1131001073
470478067
416009467
389928190
1124041986
1130878214
591287575
291128600
1162319132
25877793
29941025
1142230310
256072999
1139901735
333681961
1135422764
1121125679
1127052595
1141439797
1128799544
1124007228
1118850365
1152804159
30043456
583929165
1135498574
203916625
1106603346
877215061
689519960
1106603353
1122430297
1142230363
886424920
21433693
1139901793
689462625
476417383
545580394
1151896942
1141439855
203943283
1127052661
890451319
1135498624
1158333825
1120361856
1152804228
1123890566
1158333834
1124214154
257293710
890451342
1138859412
1152804245
1127818646
1302791582
330184095
1302791588
679347622
1215178152
25286056
256333225
1138830761
689317293
333682094
21433775
1176927668
1131437493
1164406200
204998076
1139936703
1151974854
419691983
689317328
1215178192
1141026259
287346132
1131044309
1152804310
1135422936
21433816
333682140
1155499484
1152804318
1164406240
1194319329
1135422946
1302851042
287426021
277835239
1120507369
1206842858
1137567212
1155499504
1140059634
1127767544
887299577
1117959676
484402690
387792388
1122467332
1155499524
1118014981
1206842891
1127818767
1158247956
1152804372
759760405
1140925972
1116184090
1152032283
1139545631
25083423
256331296
1131001378
1120476706
1118309925
1142230570
443647531
1120071217
1284359731
851033652
1141067320
1122467385
256583229
1134501438
1127818818
1152804419
1151897160
1153572424
1118015050
1140926027
207582796
1158248008
416042576
1141509714
1116712534
1137454685
688942692
443010661
1122508390
1140926055
1137567336
687967852
443010671
1152804463
206169714
1120507507
1117990516
280391287
1134376568
688975491
979961478
847769222
1120507528
310165128
688942732
1131044497
382412446
1116180127
1141026471
257293992
1141067436
1213370030
1177083570
434153144
245937851
245937859
1301489349
1074226886
689622725
256331462
1141440201
256583376
1117990610
689462995
1144882901
1206787797
412251863
25765593
886425312
777043682
245937890
1131095780
476417765
416818925
1155499760
1118850807
1104467704
1158285050
1120507644
1158285054
1116196608
1021548289
1117990656
570054405
245931787
658618123
1140076300
256069393
689520402
1131044625
886443797
1140926229
25081626
1116196636
1302849309
1169094430
1153861413
1021548330
1120022315
888678186
1206787886
1144882991
293283632
1121134386
590806835
1131044660
416818997
416818998
416818999
955100984
1141509945
689520442
955100983
416819012
1118850885
886716231
1137561425
1151897432
1134399321
687935327
1162319712
689477471
1155499874
985937765
1162250086
1116196714
1153406828
1116215149
1182482287
1194327920
333651827
1153861492
257664888
257664893
476417918
1162250113
1155499906
1137561477
410691462
224956296
1120026507
1153406859
888678286
419706771
1206787991
1141440415
207284129
1131757474
1119834025
1120110510
1194293166
1116331955
1123989431
1122316215
1120026562
1127780294
257664967
1127780296
1153832904
1158248392
1131757514
1120507854
293277650
1116354515
1134677971
1153832915
25831384
247179230
1116712932
1158248425
69482473
1134399475
1121134580
754130933
293277686
269275127
1120329720
207718393
1137561595
1158248445
1139052542
1153761279
share_taxi=*
746
1141090304
1153861635
1123989509
443009031
1116377096
1148841992
382410759
1131575309
277835790
69431317
1116196886
878876700
1140076573
878876715
1131044908
233111599
1117958192
877213745
1119834164
291133497
1124149310
1117958207
1142229055
417112127
1116196930
989206600
747534409
1337968717
1274615886
886716498
1116354648
1155500121
1131044952
1131575389
1153886303
310163553
256067686
416018535
1153886310
1116332135
877213803
1135566956
256065646
533168238
1155500146
1138290807
1137561720
1128888440
1128888441
333652094
1088925822
590807168
1139392638
443011203
1131044997
1206788232
1129605257
1137561738
1141510287
1128888464
1131575443
980002965
259100822
878876823
257665180
1194281124
1116332196
980002982
333680807
1128755368
1138290858
1143120043
1141440684
236083374
416014512
1138290866
1145508020
1162320054
1128755383
1141510328
257059000
889528509
1116301503
1134678209
1151977667
1116354756
1153886405
1131575496
980003016
1140521162
1106335947
1134678219
1120030920
889528520
1116301518
1120047313
1117958355
1141979354
1127123163
1128851682
1145508070
1153886442
1153571050
287383797
1116354810
1140902139
1106403583
716876040
1194240274
389929235
1131188498
1122343188
1141027094
1123989784
1118308632
1194240282
886552859
1194240285
1135567140
598192422
1116301614
889528623
1069990193
1194250547
1194240311
258132287
1116332357
1116332359
1131219272
720689482
1163919697
244070737
1123989846
387766623
887097696
878877030
255740265
1135593844
1140017527
1135784311
1118849399
1131219322
1155500415
221309312
309821829
1145360773
1127082379
1131094412
1194240401
1118849431
1194228119
1141979548
1103348124
675987868
1117958561
1135593891
1183510947
688976293
1131219366
1103348135
578460076
203946413
1118849455
688976304
429199793
1141510577
1120020913
1139052977
1162250675
1155500470
32268721
1151975857
544485821
21270973
1153571262
1119820228
1126816199
1151975883
1194222028
1338907090
877214165
1138891243
293284336
257292785
255738352
293284339
1194179063
1131094523
1135593980
255738365
1194213888
1141027330
267799051
1119820301
890389010
287363605
1194179095
989207064
1141027353
1122413091
469805606
1194222120
1139524138
1164309039
1131133491
689138229
1132313143
1153571384
625988152
1124092474
595221052
890450493
1122646596
1194222152
1131094605
1138174545
1131133530
257292891
989207131
32172637
1135784543
1138917985
1134363235
1106336358
1164368487
491219563
579797611
1135784560
268943985
1123863154
33360499
1119820413
1135594112
1141027465
1131094665
1164307089
1138299538
1272064660
69431964
1212357280
1164368546
1190099619
1145508516
1158335140
1162250918
33360551
985940651
1130934957
291465904
1116734128
1158247093
1153573557
890389176
1118849721
287345339
1155500732
1116734145
255740612
429318856
1129611978
1163920074
1134363340
418042573
1129611995
1123990236
247114460
1122466526
1118849766
1151976168
591287017
1163920108
1158333167
1153762033
494437105
1143120632
1122343672
1106602748
256332542
877214466
256066309
1071821576
1194306316
418042637
1119269645
1131094802
1176877846
416047900
256334621
890450716
416047903
1158333216
291117864
970918699
595651372
495541037
207270701
418038580
470477627
494437185
1116734273
1147233090
1117958986
877214539
1122646860
239729485
1119269710
1071821647
1122646862
416047953
1194222418
1119269712
1071821652
1120181088
1116734305
1120090985
203948905
598197097
1135612780
299289461
382405495
1163920248
331623291
1181156221
354007934
256492415
27091840
256492417
890450816
976157571
1138275211
1131133839
1162251176
1122302891
689519539
353811380
1177793463
1135834048
1143120833
430226372
1106602949
1131248582
1194337221
1142229961
1153571789
1122343887
1194337236
1117959130
1145361372
1127052258
1130935266
27638756
418042853
1176878054
1118850023
1118850030
1176878064
1122343927
333439993
1135834113
1122550786
1194337286
1128885257
1194337290
1147223049
1141392402
1153571871
1301617699
1151974436
1131133992
688942126
1132307504
1164307508
1135498292
279297081
1194314810
470477883
1127767100
1131248701
1123904575
1135498305
1131000898
1194314818
1158333508
1155499078
470938695
1122600008
986727501
890451023
1131134033
333653077
1122600023
1142230104
470938713
689316956
256066653
1158333534
591287391
1131248735
1122430059
1302844523
333681772
1302844526
1106336876
890451059
1141392500
1194314872
1151896696
1152031870
1180869760
1132307589
1109322886
1135785096
1194314892
256582803
1302844564
1116697747
886977689
1152803996
583928993
1116386466
1117959331
1124064422
469812396
1131095214
662650034
689390771
1141028021
890451127
1148781754
847877308
1130935485
1117959362
976157895
1158247624
1158247626
1124109518
1124213968
1120439505
1302844630
353811672
1122551001
431908056
1140925662
1139549407
355009758
591287521
1120042217
1180869867
976157935
1124041968
417178864
1143121139
1138199798
1123843323
292336899
1139901705
1124041994
291120394
689390860
247381261
1128799499
30043412
1153572118
689622295
1141439769
689519903
1135498528
1135785250
1120507175
1148781863
688975145
1139901740
1142230317
1137585452
886977839
1302863151
24960302
689317171
1130935604
1141026102
429311287
420353338
29941053
1116247358
1127767359
247123263
1194231103
1194231106
258155844
988611911
1151974727
1181650248
1135498568
1122413895
1120070983
1138859340
1158333774
1142230344
1137585492
1134521684
1194319190
1124042069
291120474
1162319197
1120507236
291120487
545580394
1120507244
1142230380
333682029
240803181
1120439664
420353393
1122467192
256490872
1239143801
257293691
1123843449
1118850429
1194270081
1106335111
247041415
69404042
689587600
277835156
1120507286
1122600348
257293727
205329824
1206842786
1158333859
1152804262
1139936681
205329836
877215148
1186469295
1164307887
21433776
1135453618
976190904
689520057
1120507320
1153406397
287397311
1127052737
678344132
1135498692
1139936710
1140080069
381050313
1117031891
1120507354
416009695
1152032224
1152032231
1140925928
259270121
1118850536
689317357
256497135
689317360
530679283
287397363
509408757
1131044340
1137567223
287397370
1127818747
888677891
1122467331
1118014981
1141509640
687967753
1118309899
1141440016
419659283
887299605
1139545622
1152804379
1158247968
254940709
1139433000
434351660
1158247981
1118309934
1158333999
1145527856
1120476721
601040435
1151974964
1131001398
1122414138
1295097404
1134376510
1116712516
1141067333
27590214
256347723
1176877899
1142230611
1117042260
256347733
1141067350
1141440087
1120386646
1122414169
1137454678
355020379
1145527902
689520225
688942692
403342949
1152804458
1350940267
1122508396
1206842989
1135453806
409742957
1141440113
1120507505
1140186742
1118015097
1116180094
1124179582
1151897222
27590281
1141524109
1131044494
1162319501
1131044497
277835417
1120386725
262950567
333682350
1137561262
247037627
887299771
1301489345
1116391108
1116712650
291102411
676517587
1127818964
1206843097
416835291
1144882908
310163165
416077534
1116354272
1141509857
1140186854
416818930
1151975154
1124179700
1120179960
1164349178
1134677755
1124179708
355022590
1116712703
245937928
1212694283
1144882958
1116354324
1141026585
1119833886
256673567
1121134368
1312317217
1162372894
888678182
1158285095
886425385
1118850860
761225005
1206843182
416818991
1116354355
25081652
494143286
1116301115
1194327871
310163268
1120022340
888678215
1131218761
1120507725
687935310
1140926287
1131437901
1158334285
1127702355
590806872
1122316123
1153832798
331630431
1162372968
689463146
1141067629
1137561454
1158248303
1120180084
203919225
1141440392
416835464
207718288
1120026514
1141510036
1131044758
1140076450
333651877
1153832875
1117990830
1131044782
1131044787
980010933
1123989429
1120026553
1141067707
1131044796
333682620
1155499978
1117990859
659959756
269275093
1117958101
434376667
980010972
1140076511
1144883169
420325349
1116354536
416018410
1131188203
1139052524
1131575277
419706862
1137561582
1153761261
293277681
1134678002
1134399475
216274925
416835571
1116712956
257665021
cycleway=share_busway
746
416835585
1151975430
1123989514
1135454221
1140076558
1116354575
1121134607
1162373135
1131096088
239650842
1117958180
333682726
1116377127
1130934312
1106405416
430420009
1116713004
1141067821
1155500079
1137561648
1164312626
1143119925
300855350
1026402361
443009086
256329794
203978820
1116196935
1158285384
1162319949
1128888398
1128755278
1153886288
245930062
1134678099
1131096148
1153761367
1129605210
1131044955
1125419104
1158285408
1131188322
1131044963
1128888420
1145507940
1131094116
593889388
1122277487
1155500143
1129605235
416014452
416018550
1134678137
878876794
416018560
419707010
579768452
491133061
1155500172
778098828
256491662
878876817
888678546
1151977619
257294483
291133589
1116301463
1137561752
291133592
1142229145
1114912923
1116301469
1116332192
1120110753
256581795
1135593641
1131045037
1134545070
1134545071
1126815917
1116301492
1141979317
1158285495
1128851642
1116354748
1131045057
1116301507
1135454405
1128851657
888678602
1162320075
268400850
1138290898
1140521170
1194240215
1087174873
1134545114
1127123162
1142229212
1139052765
1143120098
1141979365
1114863846
886716645
1114912997
1162250473
1153571055
1145516272
889528564
1128851705
716876028
1127123198
716876030
1138290944
889528577
889528583
625983753
1130897674
1128851725
1142229273
1139052825
720689435
1131247902
1135819039
259098913
1128755491
716876071
1135819047
1163919655
409749812
1194250548
1131219256
1131247931
1026408764
1139052861
1141979459
1145360707
1153833288
1026416969
1128755532
980003154
1116301654
1114913111
1131575639
1069990232
878877019
1155500381
1135784286
25876834
1194240355
1131575655
1116301674
1139423595
1155500403
878877051
403159425
1194281346
878877059
878877064
1134383497
221309323
1139523980
1131188622
1142229392
1131248024
1158334874
1131188636
1135593887
989206943
1145510303
207563172
429199785
1142229418
291135932
1131094460
1139524033
1122343367
1137463752
954628557
1120317904
291135952
1118308828
1109852648
1158246888
1145360876
1212357104
1153571317
1124092406
1122703865
877214201
1163919868
1194222079
25764352
308013571
571595274
1145360911
1194222095
1145360913
1164368414
1194179102
1162250784
25414182
1134363175
1155500583
1116389929
1135833644
1134363184
203924020
1131133495
1116160571
1163131454
1123990082
1134647888
1110776405
25743957
1194213975
890450520
207606362
877214298
1158247011
1138174564
1153761898
49543789
1194250862
207606383
1116160624
333681265
259287665
1119820422
1122343560
429333130
854084235
224950926
1158247059
256582293
1129611926
1135784598
1131463320
1129611925
1129611931
1194214046
1069990559
1163131552
1069990562
1126816419
376042150
33084071
1106336423
418042543
291465907
1138256565
989207222
890450613
1118849727
1151974080
1138299585
333681350
1116160711
1162250960
1106602705
265292497
1030660820
1135784662
1030660824
638333657
1155500761
675932892
247114466
287369955
1153573604
1137576676
1131133671
595651305
1116381931
595651308
1151896300
205017835
890450672
1116381940
1164368632
1137576698
1135594235
1165384443
1131133698
291117836
1132313358
1135594254
1119820560
1194306329
1116734236
1119269662
247124768
1151896356
1130935079
626002732
1139993393
1165292339
1158247221
890450741
890450743
1120090938
25414464
1142229826
1118307142
1162251087
1071821648
1142229843
689138517
1135594326
1122466656
1132313442
1162251109
1131094897
1134363510
203948919
269693819
1151896446
1131094912
1123933057
1106336642
1164309379
1145361282
1126783885
1164405656
1142229913
1162318747
1117959075
850719653
1138275241
1134363567
688022449
1158248445
1158333362
1118307252
890450868
1135594420
1145361335
1122429885
1122550719
1138275266
1117959106
257665995
207256525
207256531
688022484
1130935264
1194259427
1194259431
1127767017
1183544299
1134363629
203985902
1142230000
1142230009
1118888955
1163920379
1183591422
689138687
1128885247
1138924545
205331454
701191175
205331466
1131133963
1131000850
1108440085
333653019
1128885276
1138924587
1116697647
1132307503
1142230065
689138739
25289781
1116697655
1181424698
1155499069
1197354051
1118850116
418042949
205016136
299289674
1119269965
291124302
1132307534
1125420112
1302844497
1164309586
1142230096
333653070
26242133
776385622
1134363740
1164405852
1302844509
1066425439
1143120994
1126784099
1194314858
688942191
580281457
1153406067
1116386420
1126763637
257164408
1130935419
1164405884
1302844548
1145361546
1164405905
1152031890
1131248793
1116386464
689519777
1145361569
1141025955
1128832163
1132307621
469812394
1122430125
1180869805
1128832175
409744562
256330932
1141025973
1122466998
1134363831
1120439480
1122600118
1120507069
877214911
291124419
256672963
1155499206
1131001035
1117959379
1118889172
1152031957
247123160
1148781785
1302844633
333681883
1142230241
1122467042
1131001058
1302844644
1158247655
1164311793
1117959412
877214972
689622274
1164406018
1152032004
1124041986
240938249
30043404
583310607
1212710162
1137454360
82779418
1106402592
277835041
277835043
1158333732
1128832293
256073001
1194231081
886424875
1122413868
247123248
1131437362
851305779
1122467122
420353336
847074618
1141439803
1137585469
420353344
493522243
847074627
1106402629
1137454404
1151896904
25285961
1152032079
419691861
69383510
30043479
1145527639
30043482
30043483
1151976794
1124052318
1130935646
1301519712
21433697
420353379
257060197
1106337125
1090129255
1301519718
1124052330
416032108
1124042093
1120439661
1124042095
419691897
1142230396
1164406140
1194270078
256583041
512572805
382414219
291108237
1124042126
277835151
207564178
1123890579
976190867
277835154
1151974811
205329820
291108255
1153572259
25286056
256335273
1135453609
1122600363
1135422889
759760302
689317295
1127052727
1131437496
1120507321
1117959611
1158247868
484261309
1164406206
419691967
847277506
1118889416
1159493072
1131437520
1118309842
689520080
1139901913
1074226651
1122467294
689520095
1140925927
287399399
1302851049
1177083376
1118309873
315260400
256495094
1120507388
849626621
1162319359
256495103
247123463
1141067281
1206842898
1162249753
419659289
1139545631
1117042221
1155499566
1145527856
1131044400
484402740
298907190
1141440055
851033656
1206842935
207273530
1143119419
1120071228
207273534
687967807
82779712
1120362049
1176927812
1141509704
1140926029
1118015056
1106335313
1302785617
1139545688
1142410850
1087174242
255737446
1131044456
205008491
1206842990
1116180085
1120507511
1144882809
1206843003
207611518
592211582
27590277
1155499654
1206843014
1137561238
1162249878
1141509787
1140926108
687967903
1181245091
1177083557
1181245095
1138249385
1120507567
256497329
1127702193
689622707
1118850741
430212792
1118015161
416835261
1144882878
1116391102
1074226880
1181245124
1127110342
689622727
1240465098
1143119565
1122508495
245937873
888678103
1116215004
416818922
1137561322
1141440240
1127702261
1164349176
1181245179
1124179708
1206843135
333651715
1120507652
1301579526
1124179718
245937929
256069388
1153572625
256069394
689477395
1141440276
1127702298
295593756
1127819039
1137561378
1206843171
1117990690
1158248230
1120507688
1140076329
1134399274
593854253
1206843185
1158248241
256063283
689520439
1116215097
1116215099
1106405180
1153861438
1120386887
1140137800
1148841800
1130934090
1021548364
1116301133
1206843213
247179093
598196054
416819036
484403038
1206787941
877213543
1130897260
256135027
1140076406
1116331894
970801015
1074227063
1124179837
1118850942
233056125
1140187007
293283715
382408583
1131757450
293283728
886716307
1119834005
1206787995
1131093915
1137561503
1194293151
1169094562
333682597
443013032
1131044778
293283755
970801069
1143119790
1137561517
416835504
382408628
1137561531
416835516
403343293
1120026559
1162373056
1140187074
1158285255
1117990855
1145507792
1121134544
293277650
1140187091
1141440469
1137561560
1153861594
1116331995
1131575258
1087174621
1130897374
1131438045
333651936
1116331996
1140076507
1158285286
1131575271
1106405357
1116215279
255739888
269277170
1116301299
1141440502
1153832954
1116712957
route=share_taxi
746
1131188224
1117958148
1176965129
1116301323
1116301324
878876685
848517135
1135454224
1126815761
1140017173
333651991
1131044887
1153832987
1162250270
989206560
1116377123
1119834152
1120180264
877213745
1122269234
1134544945
1116713021
177205317
1140138056
1116301385
747534410
1128888396
310163536
382416981
1135454295
426059866
1131575387
1272121436
1134399584
256497765
1114912869
1106335847
1155500135
1135818855
1122269292
1117958253
1145507950
1135454319
256493677
1134678129
1153886323
1163130995
1122263155
989206644
418349175
1116215428
443011212
1139052687
269275280
1128888466
291131543
256497817
1153886363
398919839
1153833120
269275299
1141026979
1129605285
256067748
1106405548
886716591
1138290864
1141979314
1134678202
1127123130
207720636
1135454396
1114863802
1153573055
1127123138
1169160387
1116301509
888678602
1206788299
1135818963
889528535
1158334680
244070617
259111131
1141510367
207601888
1114912994
1194240234
1142409451
886552810
1116215531
1135784180
470362356
1162250489
1194281209
1145516283
1120030971
1120047353
1127123200
247113985
1141440768
688976130
205318412
1135567118
1194240271
625983762
1134545170
1131188501
311425302
1117958426
1151975710
1141027116
1026408750
1122343215
1194281266
247036213
877214007
986724667
1141440827
1194338620
1120059713
1177747780
1123862854
1194240336
540137809
1120059735
470344023
29942104
1153571163
1123989856
1134362976
1126752608
1123862882
1134383457
1134545259
659577198
287390087
69450097
417001842
1069990259
1135593851
1134545286
1153833351
443013512
1134383495
1197332874
1142229386
878877063
333681037
430207366
1145360782
1141510537
1158246802
256067989
1158246806
1127082392
1138917786
1131188638
1151975846
1122343335
1114913193
1194250671
417001904
1163919793
1194340789
1120180662
1124149689
1114913213
1162250686
886976962
1131219398
1118308810
1118308812
1135593933
1131598290
420358611
970772951
1194228184
1069990364
847774178
1158246883
1118308836
889475560
877214187
1194228206
1163131380
1069990395
287363581
1135784445
1131248133
212746763
688019982
257163791
1122343441
25760277
1142229528
1071821342
1145360928
689519138
1162250788
1026404907
1197308461
689519150
1145360945
1153573431
1145360954
1141510717
1071821374
1141027395
1131463238
1164368457
1134647885
1141027407
1135784535
1138917976
688009819
1142229596
218034787
890389092
1131133542
890450534
1141027438
33360494
1163919988
1123990133
1158335102
268440194
1131248259
1132313220
1155500686
675316370
1116734098
1294645908
1142229654
207719063
1163131544
1190099607
33084060
69431965
1131133596
1212357279
1190099615
1145508516
403147430
262949542
333681322
33084078
1153573555
1130904243
287345333
310164148
1163920054
1164368569
890450623
1120180930
689138380
1162250959
430244571
626002654
890450656
1116160736
291117794
291117797
1030660837
1151976168
1122343662
1123990257
1030660852
1190099700
207571707
1194306302
1119820545
1116381953
1153571587
886977286
890450696
1022587658
333683468
494437133
333683471
1164309266
1194222358
1151974167
688974615
1138932509
424264479
1122646816
689138465
1138299682
970918690
1330469668
470485797
416047909
1116734247
1153573664
416047914
1176877867
1106336556
1142229805
976157486
207270703
1162251059
890450740
1158247222
976157500
970918723
1135594319
1135594320
1120090968
1116246890
1177793388
1176877932
1131094897
1122646903
1301584765
1122302849
1120091010
1123990405
688941958
1117959047
203948938
1142229899
1135784843
1176877970
1139993493
1118307225
33094554
1106336667
1153571740
1153878937
1139993502
1122599837
1106336674
1162318754
207246255
1120052145
256330673
1120052146
1122429887
258038723
1116246979
1118849993
1194259410
688022486
690060246
1116247001
1128831967
1162318819
1139936228
431907812
1128885221
1145361380
1122550761
1116386282
1116386283
689622001
1116386296
890450937
1117959161
1123904505
701191165
1122302974
417037315
1151896586
256582668
1116386317
1301617678
1131000847
1127052304
416085016
976157722
1122429987
1194259491
1194259497
1122599980
1194337326
698719279
1138256943
1132307503
1135629362
1158333487
1116386357
264059960
698719288
1135785019
279297083
890451005
205110336
1128832065
1131000899
1116697667
583928903
1127126088
890451017
1135785034
1122303050
1116386377
1106404429
1116386382
1117959257
1131000929
256971877
431907943
1153762408
890451049
1134363754
256066666
1124064364
1116386414
1121125491
1302844533
1145361525
890451064
1145361531
1122344059
1116386435
247041155
1138859141
701191303
1122430088
1131000971
1151976588
1142230159
1302844560
1148781716
1164311701
580281493
308012180
1152031897
1153406110
1116386465
1153762469
1128832169
776479915
1183593647
1122413743
877214898
1118889138
484727988
1140925622
1140925625
1152031934
1194230982
431908040
1139901640
1116247249
1127767253
1122467031
648205534
1137454307
1162319076
648205540
1124007140
1131095271
648205548
1122551022
1130878191
1135498480
1122413810
1117959412
256492790
1151976697
256978170
588502265
416009468
1145527550
1137454335
446938367
1106404611
1120439558
1194231047
1120439569
689622290
588502291
1164406037
689317142
1127767320
255737115
1118850337
588502309
24960296
420353327
257092913
1137454385
1122600253
429675849
1194270026
255739211
1131812176
679347537
1194270048
333682018
1121125740
1138830709
256490872
689462649
1142230394
1166663035
1158247803
355009919
257293698
1127052675
1135498630
877215112
1140925833
1123843468
247123346
877215123
1122467220
1135422872
287425945
1120507291
1162319263
82779551
1127052703
890451362
1140059560
887299497
256335273
1117042092
1206842800
1176927665
1120507316
1124052406
333682103
1131044279
1135498683
1304790459
1117959618
877215171
678344133
484261319
1120507335
1164309961
1124052430
1137278415
1131001296
287426001
1130878423
1142230490
416009690
101060062
1135422946
1135422948
689317348
887299556
287399399
1127718373
1122414057
1162249706
1026416109
1127767533
505810415
1117031921
1152032243
1127767544
1162249721
1158247930
484701692
1158247938
1118014980
1158247941
1135453702
1155499527
427679240
1116184073
1134501382
1134654991
1140059665
1152032274
1141509653
1127767578
1118015003
1137454620
1118850591
1118015014
1137454634
1158333999
1153572399
888677937
417152571
1194327611
1137454657
277835329
1130933828
1141509701
1151897160
1120386634
1137454667
1153572438
1120507479
1116712536
256347734
689520219
1119217251
1117032036
1153406565
1106402918
1141440106
247123563
1139936875
310165104
1116712564
254811767
1124179577
1138249341
355024512
688942721
355024514
1131095687
333653644
887299725
1130933905
254940820
1141524119
1181245083
1120362148
1153572521
256497322
247123634
1177083571
1118850740
1135453882
1116391100
416835261
310165182
1127818946
247178948
245937860
1301489348
1206787783
1026416332
1162249936
257058516
254940886
1127702232
1140926170
1117990618
1148841692
1140926175
1135453923
1116215019
1206843117
548738799
1117990640
887299827
1119217396
877213429
295603959
1141518074
1116196603
1119201022
1153572614
1116215047
256069388
1155499793
25081626
1140926236
1119201053
82779941
412251942
416835369
1116301098
1134677803
1135453997
254940976
1127819064
1162250050
1119201090
1121134404
212752200
245937993
207720267
207720269
293283661
196173649
1134677847
205326168
205326169
1141509980
689477472
1140076391
1164349288
1162319722
1162250093
1074227055
1116331889
1153572722
419706739
277831540
1122316149
888678265
1162319740
1151977341
583942016
1131093888
659994502
1116301191
1141440392
1143119752
1127767945
207265678
1120026512
1131044753
1307324305
333651871
1137561504
1162373025
592218015
1116180385
221304740
886552486
1131044776
1162319786
1137561514
1131095983
1074227121
886716341
980010933
1140076473
416835516
1206788030
1155499966
1162373056
1120180163
1153572804
389928903
1153832903
1301579723
1116377038
877213649
293277650
1164349393
1158285268
1116196824
293277658
1134399460
1153832934
416835560
1131096041
1131575276
1153832948
1162373110
1116712952
1119834110
416018431
amenity=boat_sharing
746
877213697
1140076551
1141026826
1138290701
1137561613
1140187149
687935506
419706899
333651989
331630614
1153572887
291133464
1131044895
1137561632
1131188256
1120180263
1131575336
886716457
1124149290
1135454250
688975918
1124149295
1120122932
1337968693
1135566906
1177804860
203978816
1131044928
1274615879
1141026894
1131044944
733182040
886552666
1130934363
417024091
1116354653
1122689118
1141440606
878876768
1164308570
1116354658
256497763
1088925795
1139052646
1162319976
1131044968
1116354667
1122689131
443009134
878876785
1153886322
416014452
207718520
1128888445
1116332160
1142229122
1135566979
1151977604
1131045001
1116354698
886552717
1116332176
1135454356
1162250391
245930135
1117958297
1141979293
1163131039
1162320034
1130897571
1119842467
353992871
403165351
1116215469
1116354734
1116301489
1127123121
1162250427
1117958335
1127123144
1131045065
1145508040
1131575499
1153861837
659577042
205338836
245930198
1130934489
287383769
1140017372
720689372
1145516259
1122627812
244070627
889528550
1189392615
625983721
1124149482
1141979372
1124149485
675649774
1145508078
1141510383
1116354801
470362354
1131045108
980003063
878876923
1153833213
221298942
980003071
1106403583
1135819010
1131219204
1140017412
1114863879
1128851723
256067851
1118308620
1274614027
389929232
1151975697
1141440784
509298966
1141510423
887097624
878876954
1120059676
1135819038
889528606
1131247905
1131188520
1141027114
1131188524
1194281260
980003120
1130934579
1153573174
257163578
258132287
1130897728
1117958469
1163131207
1131219272
1158334794
1194258765
1118308685
1153573205
1134516568
256495965
1258387808
1128851810
1116301667
1118308706
887097701
1106403685
1153833319
1137463661
1145360752
1131188596
1172904310
1142229367
1153573242
688976251
624273792
1153573249
1131248002
1131575693
1141440909
1131219343
1117958546
1145360786
886976916
1177747870
1142229407
1118849440
1194250655
878877091
1127082404
207264168
315261353
207264171
1145508271
544485807
658919859
203946420
1135593910
1117958583
21270968
1194228154
1163131323
1163131325
1126816190
1338907069
1120020934
1139524038
1162250699
1124149715
1026408920
1145508313
207583706
1130934744
1120317916
1158246878
1164313062
1212357096
1135593963
1163131372
1338907119
470651378
1134545396
1163131381
1124092412
1131248128
1109852672
256053762
256582145
847774217
1141027339
1145360908
1158334987
268440088
1143120409
38994459
1134516763
1162250781
1137463843
688020004
890389031
258155049
1158335019
256490030
1135594033
1142229555
976157249
1124092481
25414209
333652548
1131248204
1162250830
1139524174
1131094625
1118849634
1153571427
890450540
1119820397
293278325
877214327
1158247034
1119820410
1134647934
1197324929
890389129
1164309136
1194259094
293278360
1122343583
1187957418
1071821485
310164148
1164368565
1164368566
1119292093
1030660800
689138369
1212357316
287345348
1155500742
1030660808
1119820491
418042573
890450642
1153573588
1131133656
1302807258
1147232987
1186304735
247114464
1119820514
1190099697
1212357367
1194306296
1127088889
1151976188
1071821566
1163920133
1131094796
1125419789
1106404124
595651357
1145361182
1330469663
416047904
1147233052
1151976227
1141027623
1120611119
1119820593
1181156147
1131248441
1122599739
890450750
1135784767
1130935103
1139993409
1120090949
418038599
416047947
1122343759
1194222424
247124825
1131133788
1145361245
1158333281
268944232
688941929
420365165
1330469745
1116734321
976683895
1116382073
1116246905
1126783866
1135594366
1122466688
976157576
1122302856
418038670
1134363538
1134363539
258147226
1153571740
1213461410
1122466722
1116246949
1126783912
1164405673
1138275241
247114668
1118307245
1138256814
850719664
257162160
424256437
591287224
850719675
1162318784
776385472
1153878983
256330701
659712976
1135498193
299289552
418042837
1155498966
1122466777
1162318819
1134363620
688022500
353811433
1194337262
1145361390
890450929
1162318835
1131133944
886977530
82779137
1194337282
1301617666
1125420035
1130935302
82779144
1118850060
1131000844
1122302995
1108440085
1122550806
1124109338
25289756
1131000863
1134363682
1116386339
417137702
986692648
1122466857
1194314793
1194314795
886451240
1138256941
1153406002
1145361458
416085047
264059960
1126784060
1127767100
1116247100
1131134016
976157767
1120042056
890451016
1122344008
258163785
1137454164
1134363736
205331545
1122550874
1120439387
1141392476
256971868
1158333534
25289822
256971872
1132307551
26242144
1151896678
26242150
333653097
1153406057
1164405871
1141025905
890451061
1194314874
1194314875
1134363776
1122466946
1183593604
1122600068
1137454220
1118850189
1145361551
1137454226
1128787091
1116386460
1124109483
1141028017
1141028021
1124064438
1128787129
1130935485
1122303166
1183593663
1158333634
847877317
1151896773
287384775
1164405960
256490702
1140925647
1183593681
1152031954
890451159
689622232
431908055
877214942
545580256
470537443
1153762533
1117959397
1152804072
1120507120
255016177
1120507122
1138199799
1301636351
1120439552
1301476615
1128832264
689462535
1134501134
688942353
1120439570
1120042265
847074588
1137585437
1181650207
38980900
1135785253
1127767351
429311287
1135422776
1127767356
247125321
1153760592
1134683475
890451283
857335124
1158247764
403144023
333682008
588502361
1141439828
1131044193
416032099
1128832356
950396259
688942444
333682029
256583021
1122600306
1122413944
1122600321
420353414
333682055
355009926
25286027
291108235
877215117
1118889356
25286031
1141026187
1302791570
1087174035
1127052692
1170408859
1140925852
1140080030
484402595
1117042086
1155499430
1131437483
1138859435
1206842800
207562162
1139901875
1135453622
1135422903
484261304
1186469305
416009658
1164406204
1118014909
1131095486
1153572287
1164406208
1122414017
890451394
1151974851
333653443
494407107
1206842822
1215178183
1074226630
364000714
1119241681
1206842835
1215178199
1117959644
1152804316
1122467293
1164406237
1118309854
689520095
1137567200
1123890659
887299556
1158247916
1137567216
1206842870
1118309883
1026407937
1135498755
247123467
247123468
1131095565
1153572367
1333597711
1142230546
1123890711
205413912
1140925978
204996123
403146268
1140925979
1131001372
1284359711
1120507423
1152804386
1134501412
247123493
247123494
945440299
889503277
207273519
1137454640
889503279
1151897139
1164406328
582778431
247051839
1137567297
1145527879
1140926023
1206842954
1164406346
1139936842
887299664
1135498832
1131044438
1153760855
1116180059
1143119453
1164406365
1131095653
416042598
1141440103
1134376552
1131437675
1120362093
1141509741
887113329
277831283
1350940275
82779764
1137567354
1118850683
979961468
1139936891
1139936897
1141026434
207718019
430423691
1144882828
1141509776
1182445202
658189971
1134376599
1120507545
1141509785
979961499
1141524128
256491173
299452070
27590312
1116300970
1116391083
1194329779
247113395
1131044533
1134376629
1141026493
1118015172
1124179652
1206843082
1118015181
688975566
1116354257
1153760979
1116354263
1206843098
416077533
1141067494
1206843111
1206843112
548738801
1106403058
1158248179
540139252
1116301045
1140926198
1153861370
1120179963
1137561343
1131095810
1142411010
277833476
1206843141
1206843142
877213447
1212694280
1116712721
1127767829
1151897366
1206843160
1145507612
1116196639
247037728
1141067553
287368992
1153572644
1074226980
416818983
1116301105
1130897201
1250613042
416818996
687935284
1134399285
1194209082
1134677820
1131044670
689520452
689391433
583941962
245938000
598196049
1119217490
1137561427
583941975
1122418520
1119833943
269274970
1141509997
1158248303
659959669
1153861493
1140076411
203919231
1116376961
1131757445
410691462
1116376971
1121134479
1141510032
1148841873
417023887
1119201169
256493458
1141440405
1116354456
1119201188
1121134506
1131044783
1194209213
1182482368
1137561538
955076548
980010951
1127780301
1137561554
207720403
420325332
1141067734
1137561559
1131096025
1135566810
1116354522
1151977436
1116331996
1116196836
1121134565
1116332012
27490289
1140076535
626014201
1162373118
245929983
amenity=car_sharing
746
1131096065
1120026626
1116301319
382410759
1155500042
255739915
443009037
1116215310
848517133
1138290706
32266261
1116332054
1141440536
239650849
1131044899
419706916
1120180262
1117958183
1116215338
1141026862
1120026671
1120329779
295598133
1130897463
1134399545
1131575356
626014271
1158334534
1134678098
1122277463
1116332120
733182040
426059866
1274615899
888678490
533168220
1131247709
1116354660
1142229093
593889382
878876778
1141067883
1116713068
1088925808
416018544
1163130994
247040115
1116301428
1153572985
416018555
1123989627
1141510272
177205378
1155500163
1137561731
256583810
310163590
598202504
1131045000
1177804938
1141979277
1141440655
1131045009
1129605265
877213843
1131219096
598202521
257294490
1141979292
1116301469
1128888481
1128888483
1158334628
204996773
980002981
1153886372
1138290856
1131188392
1116713127
1163919530
1135593646
333680816
256135345
1140521139
245930170
1135567042
889528517
1153761479
1141979336
1162250442
416014541
625983693
1134545105
1138290898
1158334675
1117958357
1158334680
417001695
1153833189
1139398885
1135833317
1130934506
1194281195
1131219178
716876013
1151977712
1139523825
355025137
1026406644
888678649
1134383355
1124149504
1194281221
470354181
1151975710
1124149535
1140017445
1135567143
1118308648
1134383401
1120059690
1114863915
1194338603
878876971
1153833257
417001775
1131094314
1141440819
986724660
1124149561
1120059705
1026408761
256581948
1124149572
878876999
1155500360
887097678
1122343247
877214032
877214036
989206869
1164308822
1116301654
1122412888
69450073
1139702106
1153571160
1118308700
1135593821
635126106
1118308705
1177747812
1139423589
387766629
1135784292
1163131242
688976236
1194281325
1145360757
1130934649
1130934656
1131248001
1158246793
1158246795
1141440909
1131248022
1194228128
544485798
658919854
1153571247
21270960
1172904369
954628531
69476789
1145360825
1162250683
264059324
1135593917
1139524033
544485829
1131248079
1131188687
291135951
1163868636
1131188716
1122703852
1122343411
1116160502
293274106
582525439
877214208
470485508
382403077
1145508356
1194183175
1118849545
1135784458
1194258954
1163131405
287363601
1071821330
1163919891
267799061
257665557
970773015
25760280
1212357145
268440090
1153571349
1338907164
1153571354
203924004
1194258980
1134363180
689138224
1120318006
1155500601
1124149817
1122343483
890450501
1131094607
1116734035
1119269462
1071821398
1135594070
277836378
32172637
1135784548
330179176
1153573483
1134647917
1155500653
1212357232
1134647921
1162250872
293278328
295594622
1135784586
1151976077
224950926
1162250918
890450598
890389163
1164309164
890389165
1164368556
1131248299
1127082676
287345336
1145361081
1194250939
279296700
890450622
1194306240
259265222
1155500742
1164368588
1131133650
1123990228
1176877780
1164368598
1131094750
877214434
1147232994
295596772
1194306280
1123185385
1119292137
1194222312
1135784684
1153573616
1147233018
1108396799
354018048
1127088900
595651333
33213190
1131094788
256066314
595225355
1116381975
571597593
1143120669
1145361185
291117859
1212355368
1135784748
1022587693
1119292207
1138299700
1177793335
890450743
420369209
1141027643
1147233084
1118307134
1022587713
1151976260
1147233096
1130935112
416047948
310164304
1162251089
1194222427
1122646880
430244708
1151896425
890450794
1138256746
1138275180
203948913
776385398
979889017
207565690
331623291
418042748
203948926
1131094913
970754946
1118849923
1176877957
1138256791
1134363555
256070574
1106602926
257162159
1138275252
1194259380
1130935225
1158333370
417037242
1139993530
1139993531
1291051966
1128831938
256596934
1131094984
847277010
1122302932
1116386263
1131133913
490185690
1130935264
1106336737
1128885216
1122599918
416084974
1120041966
1141025780
403164150
1194337271
1116386297
1153879034
1141027836
689316861
333439999
244069377
1118850051
1194314766
1139993617
726778904
1122599961
676813851
698719262
476943392
256582688
1122599976
1132307499
1134363693
1116386349
986692653
1122303030
1151896631
1130935352
256326713
1164311609
203928631
1122466879
1116386367
1128885316
1105122372
1127126090
1132307533
26242127
1124109393
1158247507
1131248728
470938712
1127767131
1122466908
26242144
1153760353
1131095139
716876901
1228039274
1117959282
1118889075
1124064377
1128832121
688974974
1158247554
333681799
1069948042
1194314891
1121125516
1153571981
1124109455
1194314898
333653146
1120439456
431908010
1122303151
1145361584
1162319029
1141028025
1134363837
1117959357
1120439491
403115214
1118889174
1124109528
1123843289
689317081
545580255
1124007143
1124041964
417178861
1138199788
1130878193
1145527542
1128787191
877214968
1143121144
403113212
1301476608
877214978
1121125636
688942345
1153760522
1152804107
1106402572
1139549453
583929105
1128799507
689519893
1137454359
1120439575
1120439579
240938269
988611874
1141026085
1141439782
890451239
1124042021
588502309
1155499308
1302863149
1137585454
583929140
1124109623
545580346
1131001147
29941053
1120439625
877215050
1135422795
1158247756
1176927561
207246666
1106603346
1141439829
1152804182
256335195
966120799
287425893
1162319207
1177083241
1135498605
1158247789
890451312
1141439858
1131095411
240803187
1117959543
416009594
1152804219
1135422843
1145527674
470478206
1194270081
433042821
333682055
257293705
1215178123
291108237
333682061
571092370
887299474
69404059
1124214171
256492955
1194319262
257293731
1118014885
1127099814
430429606
205329832
877215148
205329838
1122600376
256495033
1135453625
419691963
688942522
1304790461
1127099838
1194319295
277835199
1141439937
1074226630
1177083338
416009675
888677841
1206842834
1146224081
417152472
1106337242
1135422941
1120507361
1127099873
1139936740
1124052457
1127818730
1120507371
1074226667
1127767533
1106337263
1130878448
1131001329
591287793
530679285
256495094
976190972
415802877
1130878463
1139545600
258151937
1118889476
1152804359
1118309896
1122467336
1284359691
247123471
1162319380
1137454613
1158333978
82779677
886425119
1116184098
582778405
1137454642
1118015036
1117031997
1141440064
1145527873
1145527879
1155499592
1158334024
970792525
1118850637
1142230611
277835354
1140926045
1141067359
1074226786
1164406373
1140059754
1141440106
1164308076
1151897200
1120507509
1137454710
1120507511
1144882809
1141026426
1116712571
1141440124
1120386684
27590270
1194327683
1120386693
291102351
1141524116
256978580
1116180123
1206787743
1144882851
1137561253
233197224
27590313
1145527978
1162372784
689462961
1137561264
1206843059
247037626
1117990588
1124179645
287354558
416077503
1151975107
1119200965
1153406662
1137561287
1131095752
1206843087
1117990608
689622737
1120507602
1118850771
1140186837
1117990613
1153760981
1120329720
1162319582
69330655
1158248159
256491240
1155499757
1144882928
1116301042
355022581
1122752246
1131095807
1116391168
1164310275
485613316
1155499785
1206787853
506822417
689520402
1140186897
1302849302
1116301081
269276956
1165383457
333651746
1164310314
1151975211
256063274
1116301102
1144882991
476417839
1135454002
1116376883
1135454004
1135454007
1116215099
1120022333
1141440329
207720265
1122316110
1301579602
257664852
416819035
221312860
1140186975
1145528160
1153832800
1153406816
1106403178
203964266
877213548
777043823
1194327921
1138939761
1153832819
1158285175
1071890296
877213564
277831550
1140187008
877213569
1158248321
1153832835
590806915
886222730
1155499917
1141067661
293283727
1116331919
1158248340
1131095957
1120026519
847882143
1087174563
1131218852
1117990821
1116376999
1131044776
1131757479
1120026537
895473580
1162250158
1121134511
484403121
1116301236
1134677944
1131095994
1144883131
1124149180
1141510076
1124179902
1194209211
1194293183
1106405313
1116377027
416835525
409743302
1162373063
389928904
980010954
420325323
1131044815
1121134544
1138939856
1153832914
1144883159
420325336
1120026585
1151975390
980010976
1116301281
1119834082
659959779
1131438048
277833706
256153581
269277167
1131218928
1106403311
1116354543
416835572
416018421
416835576
333682686
amenity=car_rental
746
1162319875
416835588
888678403
688975885
1140138002
1128755218
1131044884
1131575322
1155500061
416018463
1116354592
1127780385
1153832991
416018470
1337968679
1116354602
1153833012
1153833017
1116332090
1126815805
1153861697
1122277444
1153886281
1153861710
1139523662
295594064
257290322
1135818836
333652054
489762905
1129605213
1131575390
1116215399
1120122985
1106335857
1140076662
1153572982
1139523704
1131096185
245930108
1140017276
598202494
878876799
1151975551
1131188353
1135566979
878876804
491133062
443011210
1153833105
1131247762
291133587
888678548
1142229142
1122277529
259276954
413210779
1122263197
877213853
268439712
291131552
207720615
1350965421
1135593646
1131247794
1116354739
1153833145
1141440702
1116215486
877213888
1122689219
1141440708
1135818952
257665226
1194281163
1120123084
1131219149
889528528
1120047312
1087174870
1139523802
1123862746
418080986
239651037
887097562
1128851681
1274613987
1120030948
1116332265
330369257
416014571
1130897644
850979051
1122627822
1131247855
1124149487
1158285552
1194240242
1125419248
1138964728
1153573112
889528571
1116215549
1120180477
268394752
1163919619
1134545158
1128851718
1139052811
1153833228
430262541
1138964749
1131094288
1162250514
430262547
980003091
1134383380
625983765
878876955
1135567138
1139523874
625983781
1135784235
1172904237
1141979439
878876977
887097654
1139523896
1106403641
258132287
1126816080
1118308690
417001815
1122412889
1130934623
887097696
1134362976
1120059747
1128851812
1139523955
688976247
1122412920
1162250618
1194258815
333681025
1172058500
688976262
1194228112
877214109
1135784357
207264167
1141510568
1114913193
205124013
296217008
1069990320
1131188658
1106336180
21270965
1122412992
1134545345
544485829
1139524038
1127082440
1131219403
207583698
1142229464
1163131354
1212357088
985938402
1122646500
595220969
403161588
308013558
257059319
256582141
954808838
1155500551
1118308874
877214226
268440084
1071821336
688019997
1131248159
1117958687
259267120
1153761845
1145508409
1142229564
207563324
1122343486
1197308480
849635905
1145360963
1163131461
25414214
1194222157
259273294
849635921
1145360979
1106602583
850633303
625988185
877214298
207606363
890389084
1129611865
25764448
33360488
207606377
333652585
1158335083
1155500651
1120318062
1163919988
1138174580
1116734068
268440183
890450549
268440186
1190099579
25414272
847600257
389925504
1139053187
1122343558
21424775
583928457
1197324940
293278353
1132313241
890450590
1212355230
1190099616
1158247072
1122343589
1122646694
1138918054
418087599
1119820468
1127082676
1145508535
1132313279
1164368578
877214410
857311951
890450642
1135784658
287349461
890450652
1119269596
204993248
1131094753
877214436
1116160741
1147232999
409752300
675932910
1120611056
1190099698
416047862
595651322
1151974139
1135833853
207721214
21433092
257291025
1131094802
1123990295
1158247201
494437154
1330469666
979888941
1120090942
1151976260
1181156172
257665869
877214544
1142229847
1116382051
295598949
591287145
689621868
1120181101
1177793392
1120611185
207719284
1119269751
1151974267
1177793412
1123933061
262370182
1132313484
776385421
1162251149
1122343826
1194259347
1163920282
1118307227
688974752
1126783910
333652909
257162157
1135594417
1116246968
1093088185
1122599866
1123933113
333652929
1142229953
1131094977
484619212
1151896525
1120318414
207256524
659712979
207254483
976008156
1130935265
689316835
1130935276
877214702
1151896559
1145361393
1151896562
1139698676
262949880
1139698683
1138924540
1145361407
1120611329
256494595
382405635
1153879047
333440009
1122550793
1118850067
1122429972
585206806
1138256929
676813858
1135784994
1125420073
205110313
1131437099
1116247085
1074226222
1118850093
1158247473
1131248690
1142230065
1141392436
1069947957
1106336819
417137720
689138745
1143120954
1181424703
688942147
1119269957
1158247495
1106404429
1118850126
431907921
1127126100
1132307540
1151976534
1158247512
688942169
1116386392
1134363741
1118889057
716876899
1118889064
1151974508
1164405868
1127052398
277830766
1106402417
716876914
1069948020
1131437173
726754421
890451066
1194314875
1132307580
890451074
1122413701
1131000968
1124109448
1158247562
890451085
1145361551
1131437199
1138859161
1152031898
469812378
1128832159
255741089
1144618147
299457700
1118850230
851336383
1151974591
1145361601
27092159
688975040
1116386506
846920907
1126763728
1152031954
1122550995
1116386516
1158247643
1337971932
291124446
1148781794
1142230242
291124452
1120439525
1069948134
1139936482
1141026029
1194231023
648205552
890451186
1130878197
403113205
1215177982
890451201
1021369601
292336901
1121125639
588502280
1116247305
689390858
240938249
1116247307
1152804107
689390862
333681935
1153406215
1135498515
299498777
1124109602
382403874
1119241507
1121125669
1124109606
505810233
1134501179
877215035
1194231104
333653313
1116247362
1128832325
1301519686
1215178055
255739209
1176927561
890451275
82779466
1118889293
416032080
730314065
429311316
847277399
416032088
247178585
259108185
1131001179
259108187
890451295
1131095392
890451297
1124042082
1118889315
1142230368
954819941
1127052645
1194270048
679347554
1141439846
416032106
291108202
420353390
1152032114
1194190198
1124042102
1158333816
1158247804
1194319237
1131044235
976190863
1145527695
1124042127
1123890578
890451348
207615384
82779548
1152032161
1206842793
417152427
257293740
1206842799
689137074
204998072
1135453625
25286072
416009669
979897797
1158333895
433042888
1118309833
1124052425
583312842
1135498698
1134654927
364000720
1137567191
1137454551
1134654936
886425059
1215178215
1137454569
1131044333
689317362
1074226676
1118014968
258160122
1134654972
849626621
1131001344
484701697
287397380
1177083397
1124052484
1134376457
1134501387
257093132
1134654994
1117031958
1158333977
1134376474
1120476701
1140925984
82779685
1164406310
1127818791
1120476716
443010609
1108403766
1117031992
1116712504
1141440058
1152804414
1164310080
1134376514
1123890754
1177083461
403152455
1153572429
1122467409
409749075
355020372
1140926037
1153760861
427679326
1144882783
427679327
443010660
1140926052
207580772
1117042297
1140926077
1120179840
509408899
1137561220
1117032073
1155499657
1124179596
1127706256
1302820497
207718038
1127110296
886716058
1143119516
877213342
1124179615
1131437728
1141440160
1127110311
1141509800
299452072
1194327719
1213370027
103050926
1117990574
689462961
1117032115
1131437748
256335541
247037620
1141067448
239650492
277835458
1206843082
1144882891
247123660
1131437771
1124179662
1164312273
1116180178
412251858
1141067476
1116391122
1145528020
1116180180
1117990618
277835484
1153760990
287368927
1135453929
247039722
1137561324
1116301036
412251887
548738801
1116712690
1164349180
1139431165
1131437822
1141026556
1134677761
1158248195
277833477
1141509895
1301579528
417152777
1141440268
1144882961
416077589
1130897177
1120507674
1140076315
224945947
256335648
1106335521
256063274
1153572651
247179054
1144882993
1118850869
1158334263
287354681
687935294
1153861438
1141440320
1206843205
1141440329
689477450
1116180300
1116376909
1120386894
877213525
1116712789
207720280
256972632
207718234
1138939740
1197377374
1141026657
203964260
1286000484
1158248297
1134677867
1148841838
1141509999
677341040
299618159
333651829
1194327925
330184569
1181245308
1145507709
333680512
419706752
1144883075
256335751
1206787978
886222732
431896461
1123989393
1134399379
1124179864
1137561497
1117990811
886552476
1106403227
1131044766
269277088
1162319778
1137561507
1145528226
889485223
419706796
1137561516
590806958
419706798
247037873
1124149173
1116301239
1194293176
1120110521
1116377018
254941117
1135454148
1124179908
1131044811
1130934219
1131093965
1301579728
259280849
1206788051
1145528277
1116196823
418084823
1120329692
1206788060
1119834078
980010974
1131093985
1134677986
703709154
1116215268
1153761255
980010987
1139052524
1153861614
416018420
1131218932
1137561589
1131438071
29941755
1140017150
333680639
amenity=car_pooling
746
245929989
1127780359
1135566863
1124149264
331630610
1153861656
1137561624
1131044892
1116301348
1120026665
1337968681
1137561642
1120026676
1138290748
1135454271
245930048
1122269249
848517184
1116301375
1131575370
1116713040
1122277457
1153886290
1153886294
484403288
1116354648
1337968729
1123989594
1141979230
1141440607
1272121440
1130934370
1116196967
1140138088
1122689127
1145507943
1140076652
1274615917
1141979248
1141026929
256493681
1163130995
417112184
269275258
333652094
1117958271
1088925824
1141979265
1131247746
1151977601
1134545025
1131044997
1134678148
1153833097
1135454356
980002965
1141510293
878876825
1153861786
259276955
257294493
583880864
1295104161
1153886370
196176034
1194281124
1138290858
1142229163
1116215468
1131045036
416014515
1128755382
1138290870
687362248
1153573071
980003027
1153573078
25876696
1141979354
1120047324
1131247838
625983712
1155500260
1120030949
1120110826
1134545130
1135454444
1155500268
889528559
1120030960
888678644
1130897652
25876726
1134545143
625983732
1130897657
1138964725
1120047354
1026406646
1118308609
1135454465
1138290949
1142229254
1141979399
1124149512
1172904202
878876941
1141510414
381116687
625983771
1139523869
1194281249
1145508130
1141510435
625983780
889528613
1134383397
1120059685
1117958445
1155500335
262881586
1262102835
889528627
409749810
69450034
257163578
720689469
355025214
1124149567
1116301633
1130897730
1163919683
1135567173
1164308806
1026416969
688976202
1135567181
295592270
1120059729
470344023
1139523927
1158246745
1123862873
1126816091
887097696
1194240353
1119291751
1142229363
504672629
256584058
1118308731
256596349
1151975806
287383933
1155500415
1069990273
1143120257
1172058497
878877059
1135567240
277834120
1134363022
1131575695
1120180624
257665425
221309330
1197332885
256674204
1138917789
1177747870
1153833376
1163868577
1141510562
1177747882
1142229421
1338907057
1338907060
544485812
544485814
1117958583
1158246840
1126816186
1134516669
886976957
1134516671
878877124
1194228167
1137463752
1141027273
203971037
1134516708
1158246888
403161577
1116389873
1142409718
1155500538
333652483
1145360902
954061318
1122413070
1158334998
25760290
1119820332
1134647853
1164368428
1132313139
1139524148
689138229
25764407
1120180797
1116389952
25414209
1163131457
1116389957
1119820358
1134363207
387480136
1134647882
1142229584
1117958737
1162250845
207606368
1135594082
257292901
25414246
1164368500
1123863158
205335160
1194179196
1106336381
310162047
429333125
1120180875
1119269521
1158333079
1212355224
1135784603
207719069
890389149
976157343
255740576
1119820448
1302807202
970918562
1135784619
1153571503
33084080
1122343607
1122767544
626043576
1123863234
207719107
287345347
1129611972
1164368580
1164368588
1106602701
1131094735
277836498
1147232979
1117958866
1129611993
491102939
287345375
1122413283
1151896294
1116734188
1122466540
1151974127
256066288
333683445
1139053301
204995321
299498237
1153571585
1116381956
1138256644
1134363399
1153762058
890450699
1164368652
595225355
979888910
1143120652
1139053329
1162251028
287349531
877214491
1119292196
418038565
247124772
1131133738
890450730
1158333230
890450738
1131133751
416047929
1139993403
1139993404
658938694
1153571658
1122413387
1131133775
416047954
418038611
1163920216
1176877912
410207066
418038616
69339996
1116246878
1139993440
1158247271
1123933031
1120090986
1132313455
1181156210
1162251122
1106336626
1139430263
776385409
1131248518
1122646920
1131248520
256330633
1162318731
1138256780
1120181133
1138256778
890450832
1158247314
1181156243
1138256787
1132313497
591287197
1212357539
1138275241
1153762224
877214645
1153878968
1118307256
1126783930
1151974333
1142229954
299289538
1122413513
1158247380
1139901397
1197312989
1130935262
1139936225
1141027810
1128885222
689462246
1127052264
1074226153
333439981
850719725
484248561
1120611317
689138679
1139698679
1131095031
689138682
1158247420
689138687
1194337281
258155522
1134363653
1135629328
1120042002
1116386324
1120052252
1164405796
1155499051
416085035
986692653
1194314799
1140053041
1142230065
976157750
1138256951
1135498298
1194314812
236082238
1069947973
256330829
1128787022
1138256975
1106402382
355017809
1116386382
430423123
580281428
1158333523
1152031824
1116386393
1153760349
1155499102
1148781665
256066658
25289829
976157798
1153762410
1128832107
1134363764
1116386424
431907966
333681790
1122600064
1158247553
1122430083
1312310408
660487307
1124064395
1158247567
1118889104
1116386447
890451090
1122430098
1302844564
299457686
1118889112
1153406105
1132307614
1153406110
1183567008
469812390
1141392553
1125420202
1118850217
1141025964
1142230189
1106603180
469812399
635387054
1164405939
1151974589
287384767
1124213951
1151896773
403115207
1135498440
333681866
333653196
1128832207
1302844626
1142230227
1140925654
1106336986
333681892
470537445
588502247
689622250
1123843310
1127052536
1124041982
1069948163
850867462
25877768
1145527562
256675084
1145527565
207719697
1117890551
1118889238
207719703
988611864
1142230300
890451234
1120439588
1130878250
1215178027
886977836
1145527602
256494899
25285941
25285943
1141026105
1134683452
1139979581
429675837
946187583
877215040
847277376
1194231108
1302814027
1124042060
1131095372
1134683469
1137454415
493522258
1128787284
333682005
1141439831
416032087
1151896919
247178584
877215067
1130935646
1117959519
416032095
1124052321
25285986
416032099
1152804197
1121125736
1131044201
1127052648
1152804224
1127052673
847277442
1153572226
1135498628
679347588
1158247816
1131437448
1130878346
1142408586
420353420
689587602
1135498642
1120071062
1127099814
291108266
1127767467
205329834
205329842
1140059573
416009658
1145527743
287397313
1140080067
1139936708
488764868
33213894
888677835
1131044299
1177083339
1127099852
1074226653
1153760737
1164312040
315260397
1137567216
1206842865
887299570
25286130
427679219
1141067254
1074226683
415802880
1153406475
1350964752
1140059665
1120507411
889503254
1118309910
1151976985
1117959708
1141026333
1141509668
205413930
258164267
443647533
1122467375
582778418
1120386611
1117031986
247123509
1152032310
1117042231
1153406518
1074226747
277833275
443010619
1295097403
886425153
1162372676
1139936841
1118015054
886425167
1135498832
1135498834
1141440091
1117042268
1118015068
1137567327
427679331
1137567335
1155499630
410680944
1141509746
1116180083
333653621
979961464
1142408825
689587834
1141440128
1162249857
1158248066
1120071298
277835401
417152649
1194329739
1117990542
1206843023
256978581
1140926103
886716058
1153760923
1116712604
103050911
1137561254
1116180138
1141509809
1162319540
1137561274
247037626
1141509820
1144882877
1162319548
1301579456
1135453891
888678084
255741639
1144882887
1127702217
1240465098
203921107
1206843093
412251863
1181245146
1141026523
1116180189
245937886
310165215
1162249953
1155499749
1116391146
1127110380
245937905
287368947
888678132
626034422
1117990652
1162372868
1116215047
1206843144
1140926217
888678154
689477388
1134677773
1145528078
333682447
416835344
1140926222
1206787859
1021548309
1131044630
1122752286
970800927
1141067551
1119201056
1116301091
1151897382
245937959
1145528102
1135453998
476417839
1121134382
1106335537
1158285107
689391411
1141440311
1141440314
955076414
257664830
416077635
1194327876
877213508
416819013
1127819079
1206787912
100280136
1141440331
1140926286
1127702352
1206787921
1162372948
257664853
1131044696
1116712795
331628385
1145528162
1153832804
1071890277
1131218794
333680490
1131218796
1116376947
1177804660
955076469
888678263
1071890296
1104467832
1141067642
1131093882
1181245312
1155499906
69367682
886716303
955076502
1131757479
1141067687
980010921
1127780270
1169094574
1140076465
955076535
1116331960
1116377020
333651901
1074227134
1137561533
1302773696
980010949
1162250182
1153832903
1158248392
333651916
1153832918
1158285271
1162373090
1153572835
1158248419
1131218916
1130911719
416018411
1131093996
293277679
259270645
1145507831
886716408
1135566845
419706879
amenity=bicycle_rental
746
244070400
1134678017
1117958148
257665031
1176965129
1151977483
1141510160
419706904
878876699
1131247652
259274791
355000360
1116713004
878876717
27490350
1138290735
1135454258
878876726
489762873
1142229050
1116377146
333652027
1141440574
1130934338
1139052611
688975938
245930054
443009102
1116354643
1140076631
1137561689
1128888409
541646939
1139423328
1128888417
878876768
417112164
1206788197
1131575396
1120180327
256065640
1137561706
256065642
593889391
1141026930
1128888436
1116354679
416018551
1295104121
1153833082
1232550015
1135454335
1131044993
1212356739
1135818890
1131045002
426059916
1145507988
1142229142
877213851
1141440667
1134545054
1116215464
1153832956
1350965421
1125419181
207720624
69386420
1153886389
1153761462
1116354741
1128755383
1123989692
426059966
1153861823
1135784127
1122689219
1141027013
1116301509
258164939
1120030926
850979026
1138290899
1122689238
244070617
1123989725
1153861861
1145508070
1116354792
1145516265
1122689260
1158285550
1206788338
1117958386
25082100
25413875
1116332294
1131219207
1206788358
1135784208
1116215569
720689424
1128851734
878876957
1114913054
1126816034
1122343203
946080034
1162250532
1194281259
1139523884
1116332334
1142229299
1126816052
1162250548
1153573172
1134545209
247040316
1122412861
258132284
25876802
1131575620
1145360720
1194258773
1162250582
1158246745
1165384027
980003164
382404956
1135593822
1128851807
1134362976
1123862880
1141510503
257665383
1114913131
1155500396
1117958510
1118308722
1172904313
1128755577
1114863993
1141510526
1137463678
1119291783
1162250634
1155500427
544485785
877214109
262949279
1194240416
1145360804
688976293
429199782
1131248040
1134545320
878877101
256491959
1131219384
1140017598
1135784383
1119820228
1131094469
1131188677
1177747913
291135946
986730956
1141510607
420358608
1153571281
1135784399
403157460
1143120349
1123863007
1055511009
1117958626
1138917860
308013550
595220980
1153571323
1138917888
1119291908
25760261
986731015
259271179
1120021004
1122343435
1122413070
1134363150
489763347
1142229528
1164368409
268440090
257665561
1122413091
1131133480
1124149804
1130934832
1158335024
689138224
1122413107
256490033
1155500597
25414200
1155500602
1164368443
25764411
890450498
1106403906
1116734018
25760326
1145508424
1132313162
1197308494
595221070
1162250832
1139053137
850633298
207606353
850633300
890450527
1131094624
1135784548
1131133545
33360489
1164368490
1119820398
1117958769
1110776435
890450547
268440181
1162250871
33360504
25414265
1116160640
1153573507
1134418573
1151896211
1122343576
1162250906
1131133594
1138299551
1163920032
429333153
1071821474
1141027493
256498342
970918568
1131133609
1302807209
247114410
33082028
1155500718
1164309168
418087600
1129611957
1131094711
1138256569
976157373
1071821501
1151974080
1135594177
264059589
1123863240
1116734165
1212355290
1186304734
1131133665
1119820513
890450670
1118849775
1127088884
1119269624
1116381945
1123990266
1135784700
689621761
1117958923
1162251021
591287053
1122413326
257291025
1164311313
256490270
310164257
890450723
1145361195
595651374
420369207
1120090937
1134418746
595651385
403102528
1116734281
1118307145
1106402124
688974674
1130935122
658938710
890450775
418038615
1106602841
1143120732
1134363487
1158333284
689621861
1176877929
1142229866
1135612782
598197103
1330469744
1106602865
256066417
417037169
236082044
254811004
418038654
1330469762
1125419907
1153762178
254811013
734063495
1122302856
1146217355
291117963
1135784848
1151976336
291117970
212781973
1145361305
1122302876
1131133853
1176877982
1126783901
1153878947
1026407333
540138407
207246255
1118307248
1122302902
1106602951
32994249
1128885200
1122413526
1130935262
659712990
688022496
593916898
890450915
1164405734
1131133927
1127767020
1116386285
1142229998
1074226158
976157680
1122343921
1164405741
1135784947
1131133932
1140052992
1164309509
1138924550
890450954
1145361423
333653007
1117959187
1132307475
256582675
689138710
1128832024
1148781593
1155499033
417137691
1131095079
954068009
476943405
1117959214
877214769
1128832052
257162297
1158333499
1137454139
890451005
1118889025
1141025865
1118850125
1127052365
1135785037
1137454162
430423122
1302881364
256971864
1125420121
1302844504
205331547
1125420124
1122303075
1141392483
877214819
69381226
1119839341
1138859120
257164406
256582775
236082301
1138859140
1135498372
1138859142
1116386444
890451086
1194314895
1120439439
1151976593
886977679
1162318999
1137454234
469812378
1162319006
431907998
1135498400
1124109474
387777702
1143121062
469812395
635387051
1131437233
877214897
1124109492
1301636277
333681847
1069948089
1151974591
1116247239
1124109512
291124424
1153762506
1124109516
469812430
1121125584
1153572048
689622230
262370518
1153760470
1155499227
1301636324
1135498468
1126763752
1124041967
1120507121
1194231026
205014260
1126763764
890451190
1118889209
389928185
1069948163
292336901
1122600199
1126763784
689519883
689462541
256519440
886424849
1158247696
255737109
1164406038
1137454360
689519899
1137454365
890451230
1128787230
247041311
1134683425
1152804126
976684323
1155499296
1120507173
1140925733
30043422
1152804127
847277353
1137454377
1135422765
420353326
689622320
1120439601
1127716146
25285939
689317168
1164406069
877215034
333681979
1074226494
1135422783
1158333772
291128656
1137585493
291120474
1124042075
259108188
1122430305
1120507236
1153572196
1131437414
954819944
207252841
877215080
256331117
1119241583
1239143798
1194190202
1118889340
1164406149
1215178119
588502407
1131437448
1120507276
1141026189
256335247
1159493009
890451351
257162649
688942491
247113117
1131095455
21433764
1143119270
1151897002
1194319282
1206842803
25286070
419691963
287397310
1158333888
236082624
1159493066
877215191
1127767511
1118014937
1134654938
69309912
1122600422
1164406248
1118309865
355024362
1127818730
1122414060
1117042157
1146224114
1134376435
583894517
1137454588
247041534
1106337279
849626624
1158247947
1152804366
256497167
256491025
1127818769
403146257
1151974932
591287828
256497174
1158247962
1139545627
1118889503
1140186660
256347685
1152032295
1153760812
1127767596
1118015024
851033654
82779705
1141026361
1142230590
1177083455
1117042239
1116247326
1142410830
1151977039
418086478
1141440084
254940757
1140926042
1152804445
1139936872
979961452
427679341
403342959
1144882799
403342967
443010680
886716027
1206843007
1137454725
207718022
847769227
1124179596
1153572496
1130933905
1182445204
69396118
1151897238
1127110296
1131095710
1117032096
1162249904
689622709
247113399
247039672
1131044538
1206843070
1162319554
218023620
416077512
36431564
1140186828
1106403021
1141440207
688975575
1148841688
1124179672
1144882904
310165215
1116180192
1151897314
1131044580
1116391140
308006632
1139937007
416818927
416077553
254940914
635125488
1141518069
1122752247
659994363
287368958
777043712
1137561346
1151897347
1181245190
1130897160
1153861388
69299981
416818958
1122752275
1121134356
688942871
1134677784
1206843166
1140076325
1087174438
256063284
1116376884
1158248244
1120507701
1155499829
1127702330
287369020
1153572680
886425417
598196042
1206843211
417023820
256497483
1116376904
426012497
1158334292
877213525
207720276
1141067609
1143119706
1131095899
295599962
1116180318
1155499876
293283685
1153861478
1116354407
1116196712
331628392
1158248295
1134677868
877213554
1144883060
1158285172
196173687
1122316151
1182482297
689477498
1138939770
333651836
1158334338
1026393986
1141440389
38987654
1120507785
1116301193
1141026699
1162373006
1074227088
1124179857
1116301201
754130839
1145507736
1116712865
1141067682
1131095974
207720362
1141067690
1137561516
416835506
1116331962
1116215227
980010939
1119834043
1122316222
1137561534
1135566783
295591876
389959629
1119217613
1120507856
1158334418
1123989458
1120507862
1120026582
1130897371
1117958108
877213662
299618271
980010975
1141067743
299618274
1140076519
690880487
1130911722
1141440494
416835567
207276018
416835574
1122263036