9
amenity=waste_basket
746
416835585
1162319875
1130934279
1131044876
1131575309
1131096078
416018446
1119834129
1131575319
1131094039
1134678044
1140187165
1291048991
1138290724
1126815787
1215086639
1116354607
1131094068
1140076599
1120026679
1122263095
1153833018
1153761338
878876733
1087174719
416018505
1134678092
426059855
1122269265
1134544977
533168211
32268369
886552659
886716506
100274269
1162250334
277835871
1122689119
1128755295
1153886301
1138290787
1129605216
1153861729
1131096171
256495724
1131094129
1153886322
484696180
1139392631
416018555
1139392637
310163590
255740039
1131188360
1135818890
1135454352
1153833106
269275286
291131546
1114912923
1116354717
886716583
1151977640
257665193
1153886383
1194281138
1158285492
1153761462
1134545082
889528507
1162320060
886552772
1141440710
980003016
1141979337
1130897610
1116301518
207579346
1153761492
1128851672
245930205
1128851678
1194240221
1141979361
204998885
416014565
1114863848
1164312815
1128851696
470362352
1135784178
1274614008
1120047352
716876028
1141068030
1138290944
247113985
1163131138
1206788358
417001739
1131575565
1135784209
716876049
1141027091
1155500308
1131094292
980003094
1301598483
888678680
430262552
1143120156
1140017437
720689438
1120031007
1135819039
259098915
256495913
1153761579
417124652
1135784237
1162250543
889528626
1130897715
1130897717
417124661
295600438
417001785
886716729
1131247932
1155500349
256975166
277832000
1194281287
1087174986
1135454538
1128851791
1131247953
1135454549
1131188568
1131575654
1141979496
1118308715
1153833325
1153761646
1134383472
1153571197
1155500415
221309314
1284149636
256584070
1118308743
256584072
1123862921
443013517
1153833360
1118308753
1158334866
877214102
1141510554
246763941
1338907049
1153761716
1118308790
256491959
1120180665
1116160444
1118308799
571595212
1158334926
469805519
1141510608
1120020945
1163131343
877214160
1194250708
291135950
420358610
1131248087
1163868632
1153761756
257294813
1118308828
1120020960
205335010
1124092387
333652454
1142409703
1153573351
1139431915
1126816242
1134545396
1071821304
1158246905
205335034
1131248122
1134363132
382403069
255738373
1145360904
1162250761
1212357130
1119820299
1118849545
1145508365
494154257
886716947
417002005
1125419545
1163131419
688020003
1131133476
1163868708
1153571363
1338907171
1127082536
1158246953
1071821357
258159149
625988149
1129611835
1114913343
1142229568
890389057
25414209
1122413124
1135833673
1158335049
890450506
247040591
890389076
1123863131
218034779
1127082591
1153573472
1116734049
1131094625
25414245
1106336364
207606381
1134647917
1158247028
1139524213
268440182
1164368506
295594622
268440191
1139524223
1158247041
1071821443
1164368515
1131133573
33360518
1106336402
420364952
1131248283
1151976093
1119820446
1212357278
1194222240
418042528
1138299554
985940643
1158335140
259285668
1135784615
1139053224
299475623
1071821483
1164309164
1126816427
1272064687
1162250928
310164145
429333170
1194250940
626043583
1138299585
1194306250
30307020
430244556
1139053266
1131133655
1123863259
1134363358
218024670
1071821535
491102950
1142229738
1106602735
626002677
1176877814
1071821560
689519353
989207291
1116381949
256596735
1117958918
291117831
299498247
424264460
1134418705
1141025561
1194306332
1153571615
1116381985
256334626
1141025572
688974629
1138932524
416047921
1122599740
207270717
1151896382
1130935103
1106602815
1151974212
1135833925
976157509
418042695
1132313419
1147233103
287359823
430203729
890450768
257665876
277834581
404048728
890450782
1134363489
25414499
430244708
430203758
1162251124
287359862
255740800
207565703
776385416
1146217355
1126783888
1135784850
354007954
1194259353
1135594399
877214623
247114661
1122302886
1126783910
1135594408
1176878001
689519539
353811382
1134363576
333652929
1122599880
1326377928
1122413515
1159465932
1128885205
1163920342
1153879000
1145361372
1151896541
1122550752
353811431
1135498220
1120052204
593916910
660470770
1106402293
1138256889
1141025786
1128885242
890450941
1118888959
1116386305
1141027843
1155499011
689138698
1128885258
1194314766
1116386320
1119269915
1135784992
701191204
986692648
1330222124
1213123629
205110326
1194314814
1134363713
1118889025
247036995
1145361477
258163782
513743954
1153406041
403160156
205335647
69381222
1228039274
1132307563
1120042090
1128832115
1158247542
1128787065
256582778
26242174
1158247551
1126784126
1118850179
1164311687
1152031883
1130935441
1128787091
1138859157
26242205
1152804001
1145361570
1131000999
1302844595
1135785141
1141392568
1140925625
689519807
1131095233
1126763732
1131095254
1131437271
1122600152
1127767258
1124109532
1124007133
1301476576
1215177952
890451172
1153762533
890451178
470537451
1162319084
409742574
82779378
1120439543
256978169
1069948154
1153406205
1155499263
1128787201
1124007172
1137454341
689390852
847277321
1139936522
1148781838
988611857
1127767323
1153760543
1127767328
30043425
262370595
1127052589
1128832306
1124214068
1302814009
420353345
591287622
1128787271
1122413895
890451273
1194270026
207246667
730314065
1134521684
1120507223
1153760599
355022167
1301519706
1158247771
1139901788
1131437404
1032484190
1118850399
259108187
1120439643
1124042085
1117959527
505810282
1153760619
890451317
1239143801
1170408827
1145527676
1135422846
1140925823
1155499392
1118014848
877215108
21433733
1124042117
847277448
1120507273
259288458
1120361867
236082571
1153406344
1155499408
1141026193
257293714
688975254
1128787352
430429593
257162654
257293727
1127099807
25286050
277835172
1153760676
890451366
580824487
484728232
689520042
484261300
476417460
1127818679
204991928
1131044282
1155499450
1106402746
1127716290
1106335171
979897797
1206842822
1186469320
1135422920
1124052425
1134654923
1131437518
1118014928
591287760
1164309973
1206842837
1117031899
1164307931
1055534556
1127099871
1206842848
1118014945
1074226664
1106603497
1153572334
1118889463
1117959672
1135498744
1135453692
1152804350
1158333950
1131001342
1117031937
412775939
1139936773
1122467336
1194319368
888677898
1140186639
255741456
1152032274
1122414099
1151897107
1134376469
403146265
1117959707
1118889507
277835299
1140186662
277835302
218027566
1135498800
1131001393
1164406324
1108403766
100277815
1120476729
582778432
582778434
1140926018
256347716
1118015049
1158248015
1131044437
100277848
376804955
1153406573
1137567342
1139936877
1134376557
1118015089
1117990516
1134376577
1140926082
688975491
355024516
1131044487
1117032071
333653641
1332614794
1145527947
27590285
689477267
1127818899
82779797
1116180123
1181245083
417160861
1194329760
1240465059
291102373
82779814
1124179628
1158248115
1131437748
1176964789
1148841654
1194329790
1130933955
1140926147
1116354248
1135453899
1140926157
877213389
1206843087
1137561296
887299794
256583380
1127110358
1206843097
1151897307
247035615
1134677728
1162249958
1158248167
1158334182
416077546
287368939
1135453930
1131044588
1141026551
277833464
1116180217
888678138
277833467
1164349180
1240465148
659994363
1164310275
416077571
1138859780
1206843142
1148841735
886443784
256675592
1139937034
1116712719
1117990678
1122752281
1153406750
245937950
1127702306
689463074
476417826
82779941
1155499815
416818984
245937960
983797546
333651755
1131044656
1162372913
1116301105
256493367
1120507715
1141440327
689391431
1134399312
638334800
333651795
1119201113
207720284
269274976
1155499873
955076456
888678253
244070254
258148208
1116376945
1153832818
1145528179
1143119733
247179140
1139937159
1120026504
1106405255
1120507785
877213580
583942030
1177804691
26132372
1120026517
1121134483
1138939795
1131044760
1153861533
382408608
980010914
256583590
1155499943
1162373034
1120026542
1134399408
1301579699
1140137909
1123989431
419706808
1155499960
1148841919
1153861569
1121134538
659959755
1162319821
1155499982
417023954
580906967
1141440472
1116712919
1116331996
1140076509
416835548
416018400
247179234
333682662
1116354537
1117958123
1131044846
27490288
1144883185
777043957
1350944760
1158285307
amenity=recycling
746
29941761
1131218955
1141510157
382410766
1131094033
1140076562
1131575315
1180426259
32266261
382410775
1124149273
291133469
257665061
1120026663
1162373161
1158285357
1153761328
1143119930
1122277449
878876747
1116301389
1116354638
982880336
417024085
886716504
1141067870
1139052640
1128888417
256497765
1206788197
1122269288
1116713064
1129605226
1153833067
417024115
1123989622
1143119993
1126815868
1116196991
1120123008
1212356742
1129605254
1122689159
1139052682
1128851595
1138290832
443011219
269275284
1141026965
1125419159
1116332187
268439715
1153886372
1141067941
256673957
1141510313
1131219113
1131045035
1135593644
1155500201
1120030896
1116713137
1140521138
1123989687
591298744
233085112
850979004
1142229183
1116301508
1153861830
1206788295
1163919560
1138290888
1141027018
207720650
1138290892
1135818957
333680844
1139523786
1122277575
888678610
1194240211
625983700
1116354773
1162320090
205332700
850979036
1120030943
1138964709
1135784172
1131045103
1141027056
1131575537
1151975668
1120047350
1130897655
1120030970
1134545149
1127123200
1153833216
1163131146
625983755
1118308620
1143120141
854077709
878876943
716876044
1177805073
1139052818
877213978
1141027102
1135819039
1135819040
1141440799
403145001
256975148
1141979436
1141979437
1124149552
1134545202
1122343220
1134545206
1120059702
1131094326
1134383422
1122412863
1131575618
416014658
470344014
1118308689
887097683
387766612
1128851797
1134545238
1139523928
1114863961
540137818
203972955
1139702109
1141440864
1116301666
1141440868
1116301669
1128851814
1153833320
417001833
416014701
376797551
1143120245
980003194
1117958523
1116301692
675987837
256596350
257059200
1134383494
1158334860
1194240400
1120031122
1135784341
417001887
886716835
262949285
1145360806
417001897
1139524016
1118849457
429199795
1194228147
1138917819
420358592
1139524038
1145360839
1137463752
1134545354
1120317901
1134363091
1177747930
954628573
1164308961
1163131364
1153573351
1141027306
1119291892
1117958649
877214201
1120020985
733182460
1118308861
1139431937
847774211
582525444
571595275
1194213899
1135833615
1194213908
469803541
886716948
1116389911
1134516758
1119820324
673989157
256490029
258159149
1145360944
1142229554
69300793
976157245
287363645
427686464
1134363200
1134647875
1135833673
1117958736
625988181
889475670
1164368477
1164368481
847774309
1138174566
890450536
1122343530
1145361005
1194179182
890450542
293278320
25762420
1190099574
1164368505
293278329
494467714
1194259075
1117958791
418042508
1131133583
1212355215
1212357266
1117958807
1132313241
985940635
1071821469
33084069
1155500711
890450601
1129611952
1143120561
1194214066
1116160688
1127082672
291465904
1158335158
429333176
1190099641
1151896251
1130934975
1030660800
1135594177
1162250943
1190099651
1071821514
1119820492
890450637
1194306255
1153573583
287349467
218024670
1030660831
1190099681
689621730
291117821
256494341
299498249
1131248394
257291020
257665814
256490263
571597593
1162251038
626002719
890450723
417037098
418038573
1153573680
1119292210
418038583
1022587704
420369208
354018105
979888953
1120090944
1117958976
418038595
1194259267
1158247242
1158333262
970918734
1138256722
1116734291
1116734294
1118307163
1141025628
1116382046
1212357470
1122466656
256494437
1141025641
1142229866
1151896426
1212357481
1116382065
877214578
256066419
1131094899
1158247285
1089344381
269693821
1141025666
1131133826
1138275206
1118307213
1126783889
1132313494
1194259353
1122302874
1138256795
1126783902
1138275233
1134363555
1142229924
1126783908
353811366
247114667
1212357547
256330673
1120052146
1177793463
418042811
890450877
257162178
1126783944
32994249
1131609033
1302870989
1122343887
1155498974
1153879008
1122599906
1145361380
1120041958
1176878057
361001963
1131133932
1134363633
333439987
1116247028
1162251251
1128885238
257162231
689316856
1131248636
258155521
1130935298
1274614786
1122429956
1128885251
976157702
205331469
203951122
1163920405
1122599960
1151896609
469847074
1140898852
1118850094
1128832050
1135629362
1131134004
1153571896
1116247100
701191229
236082238
430425150
1131095103
1139993665
986727489
689316924
207285317
1213123664
1122430033
890451026
1158333522
333681748
1135834197
776385622
1137454167
1139993691
1130935388
1213123681
1118889060
716876901
470938726
1126763623
1117959275
1302844523
1122600044
1194314862
886977647
1164309615
1141392497
890451067
1127767166
1135785086
1153762433
1122600068
1127767176
1106402442
470477963
1116697740
1141392529
1131248786
256330902
1158247574
583928984
256496799
689519775
1132307617
1117959328
1302844579
469812390
1122600102
1162319018
291124400
635387056
1069948082
1128832181
1118889143
976157883
846920892
1120439483
688975042
333681866
1069948109
1141028047
1121125584
890451151
1131001040
689622227
1158247636
1121125589
689622230
1117959379
1301636314
1120070878
1120439520
255741154
255741156
1131095271
1164307689
1122413802
588502251
890451180
1126763758
256978158
287380719
1118889198
1138199790
287425779
1215177971
1128832245
1145527548
1126763772
1128832260
1135785220
1215177989
1128799497
1134501131
259112206
1151896854
256519448
287425821
1120042270
1121125663
1141439776
1135498527
1118889248
1124042020
890451239
1194269993
1124109610
1131437355
1152032044
1131095344
583929138
1152804146
505812278
1164406070
69352758
1162319159
1134683451
493522237
1117959489
333653313
890451273
1135633738
1131437386
688942413
1120042317
1120042320
1122430291
1131001172
203943253
1135422803
1122430301
420353376
890451300
1122600293
1140925797
21433708
1158247803
259100028
1138859391
847277441
1162319234
1118014849
420353412
1124214156
1122600333
1138830734
1127818643
1141439892
1119241619
287425939
1120071062
887299478
1138964678
257293733
1135498663
1135453609
291108267
1117042092
1152032171
888677807
1153572271
256335283
1164406195
688942515
1177083319
1135453628
1155499459
1215178185
1131437517
355009999
1142230486
333682140
590814693
1141026278
1186469352
505810415
1152032242
1152804340
1153572343
1118309884
1151897084
1158333952
1135498752
1164406280
1141509642
1141067276
1118850574
1206842895
256491026
1143119383
257060380
1137454622
889503263
582778405
1127767596
1131437612
888677934
1151974960
1119217201
1122467378
1141067318
1026403895
1131437632
582778433
256335428
256347721
601040457
1117032024
1131437662
1141067359
488765023
1116712546
1135601251
1140059748
427679332
887113314
1350940265
206169708
206169710
1350940271
626028142
1130933878
1127767670
1141509757
1139936898
1194329733
1137567373
583941774
1120179863
1116180123
254940829
1116391072
887299744
82779810
27590308
256491173
1141509797
1131095716
1153572520
254940841
1118850726
1206843044
1153572525
1162372788
1162249909
1119217348
259284681
1141440202
1152032462
1137561295
1144882898
1117032153
416077530
1144882910
1240465118
1106405088
416835300
1153760997
1143119590
287368933
1141440233
1135453929
1206843118
1139937007
1131044591
1127767794
1240465139
245937912
333680379
1152032509
277833477
1120179982
376805141
1164349210
1152032540
888678180
1302849316
224945959
1140076328
245937959
1134399276
1141067571
1144882996
295597876
1137561398
1120507705
1116215099
1141026620
1144883008
598196035
1141440330
970800976
1117990739
416819029
82779990
1176964954
1153761116
1153761123
1206787939
1116376941
1130934131
886425464
1134399352
1124179843
416835460
1117990789
1116331908
1122316167
1087174536
1124179849
1116712839
1117990793
1137561484
690880398
1116354447
256493458
1120110482
1116376982
1131093915
1131757468
419706781
1116376990
688975777
1130934183
1131044783
1141510065
1137561524
1153832886
970801079
1116180406
419706808
1162250171
1158285244
954777533
1206788030
1151977406
1116377022
431896507
419706818
1120180163
1138939838
1117990853
82780101
1116377032
1141067731
1140076502
333682648
1158334425
1120122844
1131093983
980010979
1117958116
416835556
1121134568
1116354537
416835565
207276015
1131575286
1120180215
626014201
1137561594
293277691
1121134589
416018430
amenity=waste_disposal
746
310163459
1131044868
1137561606
1116377098
416835595
291129360
1116354577
1140017172
1141026837
1135454231
1153832984
1135454232
1153572891
1162250268
1130897440
1116354592
1137561636
1122269226
1153833003
1140138028
430420023
1125419066
1134678074
257058877
1140017215
1153886271
177205317
1137561670
1141026890
1153833038
1153572949
1153833051
1128888414
1153886312
277835882
1177804907
308004972
533168238
1140138095
419706993
1162250363
1141440636
1131575421
1139392637
887097472
579768450
1134678148
256067718
1124149382
1114912906
887097487
1131094160
1135818906
1153833115
1116713114
1153861790
416014495
1117958304
1138290849
420335778
1124149410
1158285478
1088925865
1131188394
878876841
1117958316
1153833130
1140521134
888678582
1130897591
333652151
1116354745
1120180410
129982652
1142229183
1153886401
1138964677
878876869
1140521158
1128851656
426059977
1116354760
1128851660
1140521164
877213902
1122277583
207720654
877213905
299288786
25876693
1153886423
245930205
1135567070
1141510367
889528544
1142229218
1153886435
1131188453
245930214
1141068008
1153886442
1026406640
720689395
1153861877
889528566
887097592
1151977720
1301598457
1122627833
1143120124
1140902140
470362366
1116332285
716876032
887097601
1189392639
1158334724
470362372
1140017415
1120047369
1194240267
1139523852
720689421
1162250520
889528608
1120031010
625983779
1134516516
1128851749
1135454502
1145508135
1135819048
1135833387
1122412848
1134545205
1116301622
69450040
886716729
1140017472
1124149569
1114863942
269277512
333652299
877214045
1135784292
1138917733
387766629
1131575655
1177747815
257665383
247040359
1163919723
1163919725
1194281326
1158246766
1131219326
256584063
256584065
1145360773
149711252
1126816149
675987861
1122412954
100274588
1119291805
1139523997
1117958556
100274593
1194228131
1163868580
1194228140
1194228142
21270960
256491959
986724794
986724795
246763964
1164313026
1131094467
1145360837
1134545354
878877133
25762254
469805519
1069990352
970762706
1155500499
293274066
1162250712
469805529
886976986
293274075
1163868636
1055511009
1194228193
1212357095
293274090
1139431915
847774187
1177747955
970762742
308013560
1131094523
1126816253
1138891261
1158246911
582525444
1145360904
1139524110
1164368402
1069990423
1125419545
247114269
257290784
1135594017
673989161
1145360946
1135594036
256330293
287363638
850633272
1163919936
1135784514
1164309059
1131094603
890389070
1163131471
1123863126
890389082
1123990122
1134647914
1122343531
1135833709
1071821427
1125419645
1129611901
1119292032
494467717
886977161
1194214029
1122646669
1194179216
1135833753
1135784601
420364955
985940637
1119269533
1120180906
1131133612
27105965
1158335148
1135784623
1194259122
470485683
287345332
890450612
429333170
1138256565
431745722
279296700
262369984
1164368580
418042573
1131094737
1141027539
1153571540
890450645
1131133654
1145508570
1194250970
1186304733
1145508577
1071821550
890450670
1134363383
1147233017
207721217
595651332
626002694
1151896326
1147233033
1139053321
595651338
257164051
1131094804
1119269654
1138256663
1177793305
247124767
890450727
418042665
1134363435
259113774
1237566257
1138256693
1194306359
207270713
877214521
1135833919
1145361216
890450753
1117958978
1130935112
207248202
970918734
1131094862
1145361230
591287120
1143120727
1119820638
1177793374
1116382048
1116734304
1118307176
1116246891
877214575
1122302837
583928699
1138275196
954989442
262370182
410207119
688941971
1122413464
1118307233
1131248547
1120052131
1212357542
1117959084
1118307247
1122599856
1122413488
890450880
1313295304
1153878985
1131094984
1130935241
484619212
1128885199
257666000
1162251217
701191125
690060247
1134363609
1272026078
877214690
886977507
1141027810
1116386289
689462258
660470770
1122429941
1116247031
247114744
1139698681
1116386298
382405629
1151976446
82779135
430244871
69311498
1155499021
1131095054
1122302991
1158333457
1153762330
1122303003
333653022
1151974431
1143120929
1194314785
1151976483
1128832040
1155499049
688942124
1194314804
495520822
264059960
470477883
701191230
1131248706
1131248709
470938695
1151976521
355017802
1132307531
1122466892
1069947980
26242127
1116247123
1131248723
776385619
1138924631
1141025883
1128832099
1183593575
505764967
1164405865
1132307562
1122303079
1116697708
1117959273
1130935399
1151896687
431907946
583928951
1302844540
1151896701
1134363778
1124109442
877214852
1302844548
1132307595
660487307
1116386448
308012179
1183593620
1131000984
469812380
1138244769
1144618145
299457699
583928996
1118889129
409744561
1120070833
1120507069
1139901635
1180869828
689622214
291124425
1128832207
1140925647
1122413781
291124440
1128799460
1135498468
69354726
29940966
470537450
1120070891
25877740
1155499246
389928189
333681923
1122600204
1122600208
381127953
1164406035
588502292
291128601
1118850329
1120439578
1135422749
1186436385
1124007202
1140925736
1130878249
247123252
1162319159
1130935613
1141439806
1131095359
1116247360
1145527620
1302814021
333681990
30043462
256329032
420353354
416032075
1134683466
1137454413
966120783
291128655
1130878287
890451280
429675859
256582991
420353360
1145527638
1141439831
1151896919
203943257
1139936607
1158247777
420353382
976190829
420353393
1116247410
1128799603
1141439860
1239143796
21433714
1131437436
1120439676
259100028
1170429312
1134501252
1118850436
1118889353
419691915
291108236
1123890575
1117959574
1106404763
205329820
1152804253
1152804252
25286047
1152804258
890451363
82779556
1130878372
257293730
1135453608
417152427
1134501292
1162319277
545580461
890451375
976190898
1137454514
1164307892
1139901879
204991930
476417470
291108287
1130878401
416009666
505812419
888677831
1177083336
1117042127
1142230483
1164406228
287346132
1137454552
1151897054
1139545568
1153406434
1122414051
1135422949
1139545574
1130878437
1117031912
256497130
877215211
1302851052
1117042166
877215227
1117959676
530679292
1134654974
443647483
590814723
1206842885
1134376456
887299597
1117042191
1116184080
1118889489
1131437586
699549204
489793044
1135498778
1117042204
1137274397
1139545630
1026393634
1120476707
1152804390
256493100
1140186669
1140926008
582778425
1127818814
1302785601
1141067332
1130933834
1295097419
416042574
1131044437
886715990
1141067352
888677977
412782170
476417628
417152607
1141509733
1141440106
1141509742
1117990514
1118015091
1131044468
333653621
887113331
1119200889
1138249339
887113340
1130933887
888678015
1153760897
247123585
207718017
1144882817
1155499657
1302820500
1118015126
27590297
1118015131
1142230687
1144882847
1116712607
1141026475
1141440187
689622718
1142230719
888678082
410693317
1158334151
1127110344
1127702221
330024655
1124179667
1162372821
1144882903
1301579482
100280028
1240465117
1240465116
1135453919
245937888
1153760993
1116301026
1119200990
1141026528
895483613
583902952
1164349160
1206787818
254940909
1158285039
777043696
207562481
416077558
412251903
1153572611
1158248196
277833478
658618120
689137418
259270413
1227931405
1021548303
674715409
1141067543
1141509912
1116215065
412251933
1206787871
658618143
1302849311
1121134369
1074226979
1140926241
416077605
1116354346
416077612
416077617
1194327860
1116180277
1119833911
955100983
1116196666
1144883004
1145528124
239650625
689477446
1134399307
1141509965
1131437901
1151975246
245938000
196173649
1206843218
888678226
638334804
955101012
1123989337
1116712795
419661659
1148841819
1162250086
1153861478
1116180329
1134399337
244070251
258156396
333680495
258156401
244070260
1148841845
888678265
1144883071
583942016
417023872
1120026497
1087174533
1116196741
1134677901
82780046
1116301201
1137561491
1116196758
1206787992
1120026535
1120507815
1151975337
1121134503
1153832875
1120110518
1182482360
416835516
1206788030
1116712895
1120180163
409743300
1131044813
1141440465
295604178
1158248401
980010965
430424024
1153832921
1145528282
1131218911
1169094624
1162319841
1158285284
1148841964
1148841966
1130911731
1141440503
1116712954
1120110590
bin=*
746
888678403
1177804805
1116196869
878876683
1140138000
1141440529
878876700
1164308509
1106405406
1116377116
877213724
1116354598
1116713001
1140017195
1126815788
989206573
416018477
1155500081
1151975476
1140076597
1134544954
1134399547
1128755258
355000384
416018497
1122263106
1140138049
1126815814
1162319944
257290318
888678483
1138290777
1158334554
1131575387
1272121438
1131575391
1122689121
1128888421
888678502
1140138088
1131044970
333652076
1274615920
1153861746
1158285427
877213822
1141440638
255737982
1141979266
1106346115
1120123011
1131188357
1129605254
1134678153
1120180362
1131045004
1140138124
1141510286
1131247759
1140138128
1143120018
1284227219
598202516
1135818901
1140017302
100278423
1126815896
443011224
1140017306
1212356766
1163131039
1116332191
595230879
1162250402
1141026976
239650980
886716583
256581802
1141026986
1153833133
1125419185
1131247794
1153886387
1140521137
1145508020
1131045046
257059005
889528510
1116215485
416014536
1114912970
1141979339
256491724
257665229
877213902
416014543
1127123152
333680849
1128851663
1122277582
1130897619
1153886421
1131188432
1130934487
1131045074
1131045078
25876690
1141027038
1135593694
1131575524
1141068006
416014566
1140902124
1189392624
1135818993
1142229239
1153573112
1131219193
355025151
1118308610
1138290950
980003080
1139523854
1120059663
1141440782
1153761550
1158334738
1194281233
625983764
1135819028
1142409494
1139052823
1141440789
980003097
1128851740
1153833248
878876971
663265585
1172904241
733182259
1187957044
1087174964
1128851766
1163919669
1135593793
1139052869
1134516550
1128851781
430262602
1131247950
1130897743
970762575
1172904271
244070736
1131094356
1120031067
387766626
1153833321
1125419372
1139052917
1128755576
720689534
417001856
1069990273
1127082370
1153833351
1162250645
262949275
256674205
1153833378
1135833507
1126816164
277834150
1116160424
658919854
1194340784
1123862962
254812605
1134545342
1139052992
1119820233
403157451
1338907084
1194228178
207720914
1158334932
1117958616
1119820257
1138917860
1212357093
470651366
309821934
673989110
1145360893
382403072
1069990401
1145508356
1158334985
1122413069
1141510670
1145360914
469803540
1164311060
205003286
877214231
1135784472
1114913304
1145360923
1122413086
1139524136
890389035
256582187
1194250797
1141510704
256490034
1163131443
257292853
1139053110
101061177
1197308480
25414209
625988162
1120318020
1134418503
1129611849
1132313166
1134647886
1122343502
257292882
382417491
429333075
1106602581
1134363220
1129611865
976157281
672404068
886977133
1069990512
1110776435
890450548
890389113
1194179194
890389116
1106602621
484731524
256582295
1151974042
403100316
890450592
985940641
1145361060
1134363306
1071821485
418042543
258163376
1132313265
1119820468
1131248309
1130904255
890450624
1117958848
1129611972
287345349
1308371655
626043592
1142229709
1127082702
890389206
1239241430
1151896282
1131248347
890450651
484248282
1131094753
688974565
1135594213
1131248374
207721207
1116734198
1145508601
1122343678
420365059
1141027588
626002694
1145508619
256066320
257164049
1130935058
424264473
1194306330
689138458
1151896347
1142229789
1123990299
1145361183
1153571616
1132313372
1212355354
21433126
1135594292
1122466621
1131094846
1194251069
886977341
890450752
1071821636
890450758
1151976271
1071821647
1131094866
1134363476
1153573722
1138897754
1134363487
256492384
256068448
890450786
1134418790
207608683
1153571692
776385400
382405496
1135784829
1212357508
256582537
1131133837
1131133838
1122599828
1177793429
689621917
1135594399
1135784866
1142229926
417037231
1131133871
258159539
592235448
1164405693
1163920317
424256448
287427521
1155498954
592235472
1130935250
976157653
82779100
1212357596
417037277
1117959146
1127052279
1139698683
1120439297
1122466819
877214729
890450959
205331472
1131095056
1134363665
1135784980
333653014
976008214
1153571866
1194314778
1183591452
256582688
1131000864
1128885282
1116697636
1137454116
1137454118
205331496
890450986
1145361451
1330222123
1158247467
418042930
1117959218
1122303026
1128885301
1140898875
1141392444
430425149
698719291
333681724
1122344002
1135498307
1127126086
1117959240
1134363724
1141025868
1128885324
409754704
954068054
470938713
256971869
256066654
1213123682
1131000936
1158333545
1141027945
1132307560
1131248748
1124064364
1141025905
688942197
890451061
1142230139
1153762428
1116386432
1122466946
1128832130
247041156
689462406
82779274
1124064395
1148781706
776385674
890451086
877214860
1144618128
1153571986
1125420184
1127767194
1131095199
259286178
27092130
1116386475
430212269
1153760429
1126763696
1124109489
1116247219
1118889139
851336375
688975036
1116386495
1135834305
1153762501
1141392581
27092170
1128832204
1106603216
1140925660
1141026014
1164307682
648205545
1155499241
1124041965
1128787181
588502256
890451186
1128832246
886977783
1124041976
1152804088
1121125626
1164406011
1164406018
1153762563
1152804100
1151974659
212780294
1181650183
1135785224
1021369609
1131001098
295599375
1124007184
988611857
1135498527
595221793
1137454370
82779428
1106337061
1117959461
1131437353
333681966
1122600239
291128626
1117959475
429311288
1134683451
1131095356
1122600253
1074226494
416009535
1134501184
1127818567
1194206541
25285968
493522258
259108185
355022171
890451292
1124042078
1142230368
355022176
207609186
545580390
1155499367
847277417
21433705
988611947
976119153
1122600307
1239143798
1164406135
1194190199
1170429319
1140059529
1164406156
207564178
1302791570
1122467220
1158247829
1153572245
1162319256
1106402713
1135422874
333682074
1309961633
1123890593
1127818657
1152804260
890451365
759760294
1206842788
505810345
333682091
1138830764
689462701
1117959601
1140080050
1215178165
417152441
1140059580
737754557
1141439937
1135453635
1118309828
1146224069
1152804293
1137567182
1158247890
1140925907
1135422936
545580517
675640805
1134376425
1131001322
1127767533
415802863
1216804339
1164406263
443647483
1120507389
415802880
1130878464
1137454592
1213726214
25763336
1152804363
1333597711
205413909
1140925975
1158333975
1118015006
403146270
1140925988
1118309929
256493099
1116184108
512572973
1134376496
1118015026
1137454642
256347701
1141440054
1162319415
1206842933
1164406326
689137209
1134376508
1120476732
1155499584
1140926020
1151977029
1152804422
1145527879
886715974
443010630
1153406543
1139545682
1142230611
1131437654
1152032343
100277851
1116196857
1116712543
1131095653
1118015079
207607400
1120362093
1116712564
207611509
1164308089
256491135
1151975039
1120179840
1118015104
1134501510
82779786
1120362122
333653644
1141067402
687967899
1141524124
1151977125
886425255
1118015145
1206843051
1151897259
247123635
207720121
1141440186
886425279
1148841670
583941831
777043662
1117990606
887299800
69330651
370599644
1137561307
1116215007
254940896
1131044580
308006629
1119217382
1106335464
592217833
886425324
1117990637
1138859758
1131044588
1152032501
100280057
1164349180
1142411008
412251908
877213449
416835339
1153572620
1116712717
1143119627
1120022287
1140186897
1127702292
1140186902
333680409
1164349210
1140926233
416077597
540139297
256335652
1120507684
1106403110
1135453998
877213487
1206843188
955100983
1127702327
1120022329
1134677817
1120022330
416819004
1131044671
1134677824
1118850885
207720263
417023815
416819017
293283658
886716236
1141440336
416819025
1124179794
1206843218
245938003
1119201109
676519766
985937747
299450218
886716269
877213550
1141440371
1153861493
416835445
689622905
416835451
886716285
382408576
344483713
1141026697
207718288
333651858
256493458
333680534
1131095962
1135454106
1116301214
1122316193
265897892
333680552
1141067689
1119201197
1130897328
980010929
419706802
256491443
980010933
1120110520
1134677946
1120026565
1187956688
298870738
420325331
1158285268
1140187093
1121134547
1138902999
299618269
1117958112
690880481
299618273
25831393
1158285287
1140076524
333680620
1141440494
239753196
259270640
1124149237
1158285303
1131044857
1144883197
landuse=landfill
746
877213699
1141440517
1153832975
888678417
1116196883
1121134612
1153572885
315260949
1131218968
1134678042
1145528347
1143119900
1131096092
1134678047
291133482
1131575339
1337968684
1162319915
430420014
1135566896
1116377137
1138290738
1131044916
1131044917
1135454262
1131188280
310163515
1131096124
1116713021
1130934337
203978820
1141026885
256583749
1141510218
1131219019
1153833038
579768401
1141067858
1139523667
416018516
888678485
1176965210
443009117
443011169
1131188322
255737958
747534439
1128888425
1116713068
1131044972
1145507950
1141510254
888678513
255742079
1212356736
1117958273
1158334594
754131076
255742085
1153833094
1141440650
1116332172
330025101
548675724
1128888463
257294483
1128851605
1117958296
1194281113
1128851611
598202523
1295104156
1114912926
1128755358
1128888481
1141067939
1135454371
1131188390
1140521131
256333999
1155500212
69386421
1116354740
1162320056
333680826
1123862716
417001666
1130934472
625983689
887097545
1131045066
259270865
1153761492
1153833173
1135593688
850979033
1158334682
887097565
886552798
1116354784
1142229218
1145516260
1131045093
1212356838
1139523814
495517929
245930219
1120047339
1127123181
889528557
1116354796
1116354800
1135784180
33364214
1134545145
1145516282
1135833339
1127123197
1145516287
625983744
1153833218
625983749
1145516294
1128851718
625983750
625983753
1120030986
1163131147
625983754
1135784208
232978704
886552848
1135593747
430262549
625983766
1128755485
1120110878
1155500319
1120059683
1143120163
1130897701
1134545191
1145508135
256495913
1122412842
1194338614
287390007
877214008
416014649
878876984
1134383423
1131188545
416014667
1194281296
1194240337
470344018
1158334800
1130897751
382404951
878877018
1134545247
1135567207
247040360
878877042
688976246
1131575676
416014720
1291026816
1141979520
1145360772
1177747845
878877066
1177747852
1119291792
1118308763
1143120283
1131219360
256053665
1142229410
1145360803
257163684
1153833380
205124009
1134545323
1145508267
989206961
1106336180
382405045
1163131322
21270971
1145360830
1338907071
212748736
1177747905
203946441
1141510604
103051732
1135784405
1118849501
970772957
1131094493
1139524065
986730978
985938406
1194250747
1120020988
1069990401
417001989
1120317959
1131248136
268440080
1127082512
1122703892
1164368404
287363607
1164368412
1155500574
1137463843
1131133476
25762348
256582188
1071821357
1122413105
1126816308
269681208
287363643
945443388
1114913341
1141510720
1158246977
427686464
204991040
1164368452
1138891332
1162250823
1313303114
1125419595
1164368460
1135594059
1135784526
1162250833
1122343506
890389073
1123990102
1158335063
1128850007
1212357222
1131133550
1130934896
1194179185
259287668
1124092540
1124149890
1153573507
431745667
890389125
1131133576
1131094666
1106403981
1122767502
989207183
1124149912
890450587
207719075
1132313252
1142229669
403147430
890450604
688974509
890389166
1272064686
268944045
291465905
291465903
429333171
1119269550
25877166
429333169
1190099640
1071821503
1130934975
1130904257
1139053250
1119292098
1145361091
1134363336
1119292105
1164368586
1131133654
1116734167
424264408
1131248345
1122413279
420365028
1030660837
1158247140
1119292137
287349482
1194306282
1116381940
416047861
1131133688
1141025535
1127088895
1022587651
689519363
1122646792
1153573644
247040785
25762583
420365081
1237566234
1145361180
295594782
1162251041
310164257
1145361190
1194306343
1131094826
1194306347
595651372
1135833902
1119292207
1116246837
1131133763
1158247242
1116382027
1147233102
1118307151
1106602831
430244693
410207062
291117914
1158247263
689621861
486151016
1138275181
333652849
1118849908
583928695
244069246
1131248515
207565703
1134418825
1162318731
1330469772
1162251152
1162251154
353811348
1138256789
333652886
1093088152
486151066
1141027743
1122466722
1122599845
1122343850
1162251179
1131133867
1151896495
689138610
851010483
1138275251
1130935225
1153571772
333652926
25289666
850719691
207567821
1151974356
1153879002
1163920347
418042842
416828383
236082144
1139993574
1183591407
1194337264
1162251251
1139993590
1105122294
1158333433
1127052283
1120052220
1128831999
1164309506
1131248642
1122466819
1131248646
701191175
689138699
1213123597
1116386319
1116386327
1138256921
851010586
1162318873
1158247453
1194314782
1116386334
1131095072
1134363682
417137699
1301617698
1122303023
262949936
1140898875
277834813
1137454143
1126763597
1128885331
1131095124
1131134037
256971861
409754709
1131248727
1226030169
333653077
1117959262
1194286176
1164405857
1148781665
716876899
1194314859
1152031857
890451062
256582776
1121125498
1141392510
1194314880
1117959298
877214851
1158247562
1131000975
1122600081
886043797
1116697749
540159127
1128832150
26242197
1164307607
1128799384
259286177
1153762471
1183593640
355021993
1142230191
291124401
1117959349
847877303
1120042169
1117959360
256496837
1145361608
1119841481
846920905
1116386504
1135498448
1153760467
1121125589
580263127
1116386521
638334180
1134683370
1123843310
886977775
1152804079
82779375
291124467
1128787189
1138199797
1118850295
1120439541
1120439545
1215177980
416009471
847277311
30043398
1152804104
1153760520
207719707
1122413852
1122600219
256582939
25285925
1134683429
847277351
1124007207
847074597
1135498538
256335147
1116247340
1127052589
1120042285
30043439
1128799534
257060145
1131437366
82779447
1181650230
247123257
1134683451
1127767361
1118889282
1155499332
25285983
1153572192
1124042084
1152804197
1122600296
1135498603
890451307
1134501229
1138830703
331230579
1127052661
257293690
1152804220
1124214141
1106337149
420353409
382414210
1124052358
1170429319
1134501256
1124214152
257293715
1153572245
689587606
888677783
330184095
1127099810
287354274
1140925860
256333222
430429606
1118889384
689587625
1206842792
890451372
1118014894
256333231
1158247858
1145527732
1153760693
291108280
1164406202
1177083325
419691966
82779583
1134654914
330184135
1127818700
1152804301
1118309838
1137278418
1106337244
1124052448
355010024
1153572329
256329198
1122467314
687967734
1141509625
1135453689
1134654969
886425082
1118889472
287397384
247178769
1026416147
888677907
1139901971
1137454615
1127767576
1026393632
1118889504
1284359718
1158247977
1120476718
583902770
1119217205
887299640
1164406334
1153760836
1152804423
1206842957
1141067343
1153406543
1120179797
1140926045
1116196857
1140926046
1130933859
1134376549
1315202664
484691561
1120362093
256583277
1137567347
1118850683
236082812
1151975041
1131095683
1134376580
1137561221
333653642
1153572495
1118850705
1162319507
1182445205
979961497
1119200926
1116180129
247381667
689137320
299452072
1116391089
1131437746
1158248121
1153760954
1127818941
1134376637
1137561280
1116391106
877213384
256065224
315258572
1141440209
887299794
257058516
1116391126
1141067479
69330651
1120507616
1116180192
355022564
1141026533
416077547
1240465133
877213421
1240465136
100280057
1139937017
1206843131
1141509884
1212694270
1139431166
1137561344
1127767809
970800897
205016834
1206843143
416077576
1144882951
1135912712
1117990667
1145528075
412251918
256069392
1145528088
1116196633
689520412
1116180253
1119833886
484402976
1137561378
242820902
416818987
886716204
590806829
688975664
1206843190
1162250045
1206787903
239650625
877213508
310163272
970800976
256497489
1120507731
1120507732
676519765
1117990740
1141440342
1116712795
1140137823
416819040
1116196706
1153832803
1145507688
1153832811
244070254
970801007
1131437936
419706737
256135027
1124179830
416835449
1155499898
777043834
1116301180
635119488
1144883074
69367683
1137561476
888678274
1116180358
1153406855
258156418
1153406859
333680525
1142228881
382408595
1135454101
1120026519
1124179864
1153832861
1194293151
1123989411
1137561514
1206788014
1131044783
1138939832
409743296
1141510081
1131218883
1135454147
409743300
1119217606
1074227139
389928904
1121134538
315252687
236083160
484403164
416018404
688975845
1141440486
1141440492
1119834093
416018423
1140076537
1116377083
291110910
1135566847
recycling_type=container
746
1121134593
1131044869
1153832973
1162373135
1116196885
1116332060
878876708
1122269221
1126815784
291133482
886716460
1153761333
1140076601
1131575359
1153886272
333652032
1142229066
1116196939
1128888398
1131247695
1153861712
1120180310
1120180311
416018520
1116215385
1131575388
417112156
541646940
1134544993
1153886306
1212356709
877213800
1274615914
1139052651
259281005
1117958254
1116196978
1139392631
446937211
1128888450
1122689158
1134545034
1177804938
269275276
598202509
1286252686
1117958289
257294485
257665175
1138964633
1141510298
1130897565
1128851615
1135454368
419707041
1139052707
888678564
1153861796
1124149414
1120123050
256067756
1153861805
1116354737
1128755378
1140521137
1127123122
1116301489
1141979317
69386420
1134545078
1135454391
258164922
1114863802
1116215491
1131045061
1153571015
1120047308
1138964687
733182159
1139052752
889528534
1120030935
1140521174
333682902
1125419222
1189392600
889528545
1153886434
1120030953
1158334701
1194240238
25413870
1206788336
1153833202
1135818999
1118308600
1106403579
1141510396
1135819007
886716676
1139523854
1120047376
311425299
625983765
877213979
1123989790
1215168798
1120110878
1128851745
1131247907
1135819044
625983782
1128851756
1194240306
1124149555
409749810
1117958459
1120031044
1194250568
1141979469
986724689
1131247955
430262612
1142229335
1194258777
1139702106
376811870
333652323
1118308708
1140017508
25876840
25876844
1164308850
1128755570
1163131254
1122412920
1135567225
1153833337
1153571197
1194281344
1194281348
417001860
443013510
877214084
1141510539
659577227
1135567246
1158334866
1172904342
1194281366
246763928
1114913174
1134363036
255740319
877214111
246763935
1127082401
1135784355
1194240416
1145360803
1134363047
578460076
205124012
25762221
1163919793
1137463733
1122412984
257665466
1134516669
1089343934
1141510592
1134363072
1164313026
954628551
1134363082
1130934731
877214156
203946443
1134363086
1145360858
1119820251
1212357082
1141510622
417001951
1138917856
1151975905
1131248098
403161574
1125419497
673989102
673989103
287343087
1126816247
1135593978
1153571323
1145508347
259271174
259271175
1120317963
1135784460
257163794
1131248160
1135594017
1162250788
427686437
688020008
890389032
1164368430
1197308465
890450487
890450494
1164368447
1164368446
1131133502
890450498
1126816338
1116734035
1110776405
1134363222
1190099549
1138917985
498563682
1194191457
1134647908
1313303141
207260265
850633322
25414256
470485620
1190099577
268440185
429333131
1132313229
1122767502
33360527
203952782
1272056476
429333153
1116734118
1272064678
247114406
1069990569
1123863208
1135594154
1071821485
287345329
291136178
418087604
1194306233
446941882
1153761980
268944061
1106336447
264059589
1158335178
1194306251
1122343635
970918617
204993242
287369955
1123863269
1139053291
1158247153
1151976178
1135784691
299498230
1030660856
376042236
1147233021
1030660864
1147233027
333681416
256066313
21433106
1134363411
417037078
420365086
1330469664
1132313384
1212355368
1134363434
1330469674
257295149
1164311346
886977341
1116382015
1116382018
1138256708
1106336583
1122466636
404048717
1116246862
1135594322
207608658
333681493
1132313430
1116382038
1119292250
69415771
1181156189
287359842
1123990373
203948904
27091825
1134363505
1116734321
1176877950
239729534
1135784833
207719298
886977411
1123933061
1177793414
236082055
890450828
976157583
1141027728
1131133841
256326548
33094552
1135594395
1126783911
1118849963
583928750
207246255
247114672
1212357552
1153571763
1118307256
1194337211
776385470
409742271
1135594432
417037248
688942016
1135594437
1135594440
424256457
1155498955
1138256845
299289551
1106404306
659712979
1128885206
1128885210
1176878045
1139936221
1122550749
688022496
1128885222
25877480
1153879017
1155498986
1164405743
1128831985
430244856
689138685
1274614788
1116386311
1120439307
1135629326
1122302991
353811471
430244885
333440021
689138711
1140053015
1122599959
1132307480
1116697629
1116697631
1213123619
1128885285
25289770
1128885293
418042925
355017775
689138739
1120042037
1120042038
1139936311
1143120954
1181424707
1132307526
1128799305
409752653
1139936339
1145361492
204999766
256066649
1132307556
1143121000
1116697710
1302844527
1132307572
1121125495
890451064
1122550903
1141027962
1135834235
1132307580
851336315
1128787071
1122344068
1164311687
1122550922
27092108
1153571981
1153571987
1145361560
1158333596
1137454237
1131095199
1138244768
1131095209
1125420202
82779314
1158247602
1122466996
1120507061
1141392570
689622207
1124064448
1158333631
1120439490
1141392582
689622230
1120507097
1069948122
1128787161
1126763740
1131001052
1120042207
1120507107
1215177956
1128787172
1122467047
1155499240
1122430186
1118850282
1124041966
1141392622
1123843310
1021369583
1118850287
1126763765
1122600184
1128832250
1194231035
1106337018
1120042243
1152032004
583929096
1124041993
25877770
689519887
416009488
1135785232
877215001
1212710172
1153406240
1128832289
382403874
1135422756
847277348
257665019
1106337064
1137585450
416009515
1139979564
976157998
847074608
416032052
1141026102
1155499321
1152032060
1194231101
689519933
1118889280
1137585473
277835089
1302814034
287425875
886424920
1106335066
1106337116
333653342
207252831
1124109662
212747623
1335874920
1128832361
25285993
1131044208
1128787314
1138830709
1124214135
1138830715
1118850429
355022209
1170408833
1124042122
25726347
1130878346
1140080015
333682071
1106404763
1127767454
1124042142
1127767456
890451363
1194270117
484728232
1215178152
976190892
1131044273
887299508
1143119287
1162319291
1141439937
854074818
1117959620
1117031883
1118889422
759760343
1140059609
1164406234
1176927708
1162249695
1122467299
1164406246
1153572327
1137454570
1158333931
287397355
689462762
1134654963
315260405
287397367
311426553
1106335225
1134654970
1155499517
889503230
1118889476
1152804357
1134376455
1106337292
1131437581
331623950
1164307985
1176927763
417152533
1135453720
1153760793
1139936797
1284359711
1284359715
1116184103
1152804393
1135498796
100277810
1152032307
1158247988
443010615
1142230584
1295097399
1142230587
1152804412
1127818818
1158248003
256335428
1137454661
1141440069
687967815
1155499592
1120476749
1116180048
689137237
1127818837
1141067352
1151975001
1143119453
1194327645
427679326
427679331
255737446
1141026407
1177083496
887113321
887299686
1117990509
427679341
30078578
82779778
886425222
1153406599
1117990536
1120071304
379573899
1158248080
1151897234
1139936915
1117990553
254811802
1181245083
1151977115
1162319523
689477283
1130933936
256497329
1135453874
333682356
1141440183
1143119546
1074226880
1155499714
1148841668
1119200972
877213389
1116196557
310163151
1140186828
247123661
1127767763
1116391125
1138249430
1118850774
333680343
1181245144
1206843094
1194329819
1158248157
1134677734
207562478
1127110383
1117042418
1145528051
1176964852
245931770
1162249982
419649279
1206843141
1140926217
1135453962
1138859788
1117990670
419313423
1145507604
1162372888
1130897177
256673563
1121134364
1122752286
256673567
1145528097
1301495585
1140926243
761225002
1135453995
1158248238
583941938
1140926262
1121134392
1164312383
1131044671
257664837
1116331848
886425417
82779978
955101003
1158248268
1140076366
1116712787
849649496
1152032601
1144883034
1134399321
1021548376
1116376921
1180403546
1141440353
1106405218
1206787939
963229542
417023846
1118850920
1141440361
258156395
1116215147
1116215149
1116354411
1124179824
1131044721
1135454075
985937787
1141510013
257664894
1162250109
677341052
330368897
1206787969
1116376965
1194209160
1153832842
1137561482
1194293132
1120507792
257664914
886552472
1116376985
257163166
1164349346
1116354468
847882151
1122316201
1131044778
1116196777
895473582
1131093935
1104467890
1194293170
1120026548
1120110522
1106405315
82780101
980010950
1131757517
1131575247
1116354512
333651922
980010962
877213651
1140076505
1106335705
484403164
1206788061
1141067742
247179228
1140076512
82780131
1116301284
1121134574
886716399
1141440500
1212354555
recycling_type=centre
746
1153832969
293277708
754130961
205320211
1116712981
1141440534
1116377110
1131218968
754130970
1153832990
1128755231
1126815774
1131218984
443009065
886552620
1137561646
1134544944
1155500087
1116354619
877213759
1140076607
1155500095
848517186
888678470
1116301385
747534413
1122263118
1131044942
1134544976
1131096146
1143119955
443011156
1122277460
982880344
1158285401
1137561692
1134678113
1129605228
540139629
1116713070
1116196975
1114912880
269275249
1153572980
1153886324
255737974
1116301428
1139052665
1128851579
1131247740
598202491
1137561732
1145507975
878876809
268439691
1141979281
257665177
1128851611
878876828
1139052705
257294500
1117958309
1122689190
1141067942
233085093
1116713129
1128851626
1135567018
1141440691
1122689204
1123989687
1131188414
1151975615
1139392702
1135818943
1127123138
1128755395
239651011
1153833155
1194281168
1130934483
1138290900
1153833173
1120030938
886552795
1126815964
244070620
1206788090
1126815972
1131094249
1274613993
1120047339
1153833199
1189392624
1122736368
1116354803
1135593715
889528565
1153573112
1135833339
1127123196
1140902142
688976126
417001729
1130934529
1127123203
1131045124
1135454467
889528588
1135454486
1131575575
720689442
1131188517
1139423526
1194240295
1153833257
598192427
1142229294
417001775
1120059697
1194281268
1134516536
1120059705
1194240315
1135567164
1125419325
1194250555
1117958460
1135593792
1194240321
430262594
1142229325
1177747796
1141027158
382404954
434366812
1194240348
1135593822
69450078
1139702112
1117958501
257665384
688976236
886716781
878877036
1164308850
1139523955
333652346
980003195
1134363006
1123862913
1126816130
1155500424
1123989898
1141979530
417001872
1158246802
877214105
1134516640
255740320
1158334880
262949280
688976293
1197332902
203946413
1131188655
1120020914
1141510581
1122343356
32268733
1141510590
1127082428
1119820224
420358594
494154180
1145508293
1135784389
258156999
333652426
1131188684
1138859056
878877139
1194222039
470651353
293274079
1194222047
1164308961
1125419493
254812647
1116160495
1123989999
1194228207
1131188721
1135784438
484690423
1158334967
308013560
1338907131
1118849534
216281599
389822977
256053761
417001989
986731013
1194213895
847774216
25760265
1134418444
1118308880
256582161
469803541
688019995
236040731
1122413101
1134647853
1131094573
1116389941
1155500597
1117958711
1119291957
1163919925
1122343486
1162250815
1069990466
1119269454
207606350
1119291987
1134363223
1158335064
850633309
25414239
427686498
890389091
1116734052
1158335077
850633320
1164368490
1134647928
689316474
470485631
1124149888
1130934923
33084047
1272056467
1294645908
1132313238
890450587
1131133598
1135784611
1129611940
1162250918
1119292073
985940649
470485675
985940651
33084078
1151896238
33082033
1116734135
1131133634
1119820491
1030660814
1158247119
287369936
430244560
890450644
1162250965
287369946
1119820508
1194306270
1190099679
333681377
1145508580
970918634
1151896308
1132313332
1122413303
890450684
256066313
1139053326
1106402062
287349520
333683474
333683483
1106404124
1138299682
1163920164
416047909
417037095
890450728
970918695
416047915
1330469679
416835581
689138484
1169218361
1071821629
1153762116
976157509
1145361225
1022587721
1116246857
1330469709
333652815
310164304
1106336597
1330469720
1138897754
1116382043
1116382045
256492382
1118307165
1141027681
257665893
1135784810
582525802
890450796
410207085
1146217327
1119292278
257665915
239729534
257665918
1134363521
1119292289
257665923
1162318731
1181156240
1134363538
1139901332
850719644
1177793437
689621917
333652903
247114665
1194293245
1122599858
1135784903
1135498187
877214668
877214674
207256531
1163920339
1106336723
1225386966
1164405721
1177793498
239729634
1131133923
1212357603
1139993572
1122429978
1164309475
1143120866
689519595
256492524
1138256877
1138256880
1140052991
1194337284
1131133965
1120318478
1134363665
1164405777
1131000849
877214740
1108440087
585206810
1116386330
469847068
417137692
1153571866
1131133981
476943392
1125420064
1194337306
1116386331
1122550811
1153405985
1197354024
205110314
1158333483
1118889004
986692653
1128885295
1131000879
1158247473
353811505
1131000882
205110324
1142230069
355017780
264059958
1128885299
1138256953
1106336819
69479476
1122599995
1106603070
890451008
1143120960
689138754
1140053059
1143120965
1128799303
1140898888
1130935370
1213123658
1074226251
495518797
26242133
986731610
265958490
269702239
1124064352
1153762404
1162318951
1124064361
1122413678
1128799355
1158247548
663250050
1123904644
1126763656
1122413705
1124064395
1302844560
689462418
1119280275
287358100
1116247188
1153762454
877214867
1118889112
1153571997
1120070815
1141025952
256335008
1152031903
689390757
1116386473
431908010
1153760435
1074226356
1187957944
1153572024
1151974589
1145361604
1128799432
976684233
355009738
287384782
1145361618
1116386519
1141392605
689622237
291124450
1117959395
1164405993
256978157
588502253
1123843312
1120507129
588502268
389928190
1122600191
689519872
1118889220
1153760516
1122600198
689462539
258155788
847277326
1139936529
1120070932
1139936539
1152804127
446936352
1135498533
24960294
886424870
262253864
1151896877
1151896878
1153406258
1181650230
1120439607
1164406073
1155499322
1135633730
1141026116
988611911
1135498568
1128832330
1137585487
1194206549
21433692
1142230364
689462622
1131044191
1130878304
1141439842
291120484
888677739
1194319213
1124042095
1138830709
1194190200
1128799609
1177083258
545580414
1152804222
1137454464
1194190209
588502408
259288459
1140925836
1152032141
1123890571
1142230415
420353424
1151976845
1215178128
1119241619
877215123
890451349
21433752
1135498654
1106337183
1141439905
433042851
1131001251
1123890595
689587622
247123367
1123843494
1138859435
1120507307
291108270
1122600368
1119813046
1139901879
1141026231
1135422906
355009980
583312831
1123890624
1140925895
277835216
256329171
1141026262
689317334
1122600412
659607010
659607013
1117959654
877215210
484402667
1118014956
1131001326
1118889455
257060335
1194319344
1135453687
1206842873
1164406272
1206842891
1117959697
419659282
1122414099
886425110
205413911
1140925976
1135498775
470478359
82779675
1158333980
1141440037
1117031977
1155499565
33211951
1116184113
1141440051
1120071219
100277815
1139545656
1162249788
1131001405
1117042239
1130933825
254940753
1295097427
1140926036
1127818839
1131437664
1120507490
1131437673
295603824
310165105
626028151
1119200887
403342969
886716028
886716029
1117032063
1142408832
1142230658
1158334087
1153572491
1194329745
291102353
888678033
1127110290
1181245083
417152669
1141067423
1144882848
1119200929
1137567395
1164308141
333682349
1119200944
1126815741
689462962
1087174322
1141509812
417152693
1141509816
887299768
1141440185
1118015167
1141509831
1127110344
1134376657
1127110358
69330649
416077529
310165211
470478554
1124179675
1162319582
1141440232
970800872
1151975147
1116354284
1138859755
635125488
1087174385
416077554
1122752247
1162319610
476417788
1181245183
1158248196
416077575
1194327816
417152780
1120022287
1144882960
254940945
689463058
1164349203
254940946
355014426
82779935
1135453990
1021548337
886425394
416818998
689463095
1158285111
955100983
1120180030
1145507650
689477446
1139937104
1194209110
256497497
207720285
1131218787
1153832807
676527977
1116354409
409751403
416819053
1116712815
417023855
1131044722
659959671
258156408
1194209145
989206393
1026393981
233056125
258156415
207720319
247179139
1141067653
1120507790
1141510031
1134399379
431896471
1120507801
1155499930
1158285209
1158285212
1137561503
256583583
980010913
1140137892
265897892
1137561510
1116377001
1141067690
1158248361
1145507756
1120507824
1131757495
1131095992
1182482366
1158248385
1162250179
1116377029
1141440456
580906955
1116215250
1206788053
1124179927
1116712923
1131044828
1116331997
1141026781
1145507807
1138903005
333680609
420325349
1116196840
1131093992
888678378
255739881
1194293231
1116301299
1206788087
494151674
1122263036
1162250237
amenity=waste_transfer_station
746
1153832962
1119834116
269277190
1145507854
1121134607
1141067792
291133455
878876693
1153832982
1137561623
1164308503
1131218969
269277208
1131218968
1141067802
1153761312
443009062
1122263081
878876722
1141510195
1122269235
1176965173
1206788150
1122269236
1131096119
1120026675
1153833019
1122263104
1141510210
1151975497
1164308554
1138290761
1153886281
1134678095
333652048
1141067858
1212356691
1135818836
1131247698
1153886294
416018520
1116354649
970766429
1131044962
1137561702
1206788199
1140017255
255737962
626051180
256493677
259281005
878876781
1128888434
1153761397
1131188344
1131575419
1212356734
1140138111
1155500163
1139392644
333652101
69312645
245930118
1135566984
1212354697
1212354699
269275276
247124116
443011222
239650967
1120180376
256067742
269275300
207720624
257058995
1162250423
888678583
245930170
1153886395
409747648
1139398849
1116301509
1120180425
1140521162
1135784139
1140521163
1135818960
1128851664
877213906
1176965335
1116332251
244070621
1120180445
888678621
247179488
1212356833
25876705
1123989731
256053473
889528551
1140902124
239651058
889528563
1138290933
1116354807
1151975672
1162250489
221298937
1122343164
1117958401
1194240258
688976130
1122627846
454660358
30306568
625983753
1127123207
1141979404
1128755468
1145508108
1124149521
625983763
887097623
239651096
311425305
1114863897
1142229273
1262102811
1134516509
333652250
379586848
259098917
980003113
1126816043
1117958445
1120059696
262881585
1262102835
1206788409
257163582
417001795
1022646595
1118308678
333652295
256332105
540137806
1130897743
1194240343
1194240344
877214040
1135784282
1069990236
1126752605
1135593822
989206887
247040360
1134383467
1194240363
1142229358
1120180593
1139052914
1131575669
1114913142
1141510519
1130934656
1131575687
1291039112
1142409611
1120031120
1135784344
1117958553
417001880
1118308763
255740320
1194228130
544485797
256070054
291135925
32268725
1134516667
595220923
1140017596
1122412992
1127082443
420358605
1194228173
986730962
1122413015
1143120349
205335007
1114913254
1131248112
257292785
1163919857
1134516728
689519097
954808824
256053755
1194250748
1122703872
259271177
688019982
25760274
417002006
688019995
1119820316
595221020
268440095
1119291936
247114275
259267120
1114913331
1163919925
583952956
25414204
1162250813
1213082183
1194250824
1141027403
1130934866
287363667
1145360980
1131133528
1106403931
25762402
1138174563
1131463270
1119820393
1116160619
850633325
1135833711
1138174583
418042492
1163920000
1127082626
418042503
429333130
33084044
1143120532
1212355224
877214360
1155500702
1119820448
1151976100
985940646
33084070
33084075
1135784622
1122343601
429318848
1134363332
1130904261
1116160711
1163920072
1164368583
1164368586
470485707
1116365516
1194259151
890450640
976157396
1239241436
1135566841
333681374
1134363361
1309960935
1122343659
1194222321
1194259188
1194251004
1135594237
1138256639
1141025536
675316489
1145361162
595651339
424264460
418038545
1139053329
1176877843
1164311313
258159383
418038555
1022587683
1071821604
1194259243
1228043054
315259699
1134418740
1162373118
1330469692
1116382015
1330469695
418038593
1138897734
658938697
890450761
256492378
1116246892
1131094894
1118307184
1106602865
1131133815
979889021
269693822
1135594369
1106602883
1106402180
1106336647
1158333324
1138275216
1122302867
1162318749
1135784861
591287197
1126783920
1153571762
1122302900
1122343863
299498425
1164311482
850719675
1122302911
1142229954
1164307399
1326377928
212747211
1194337227
1134363596
257666000
1155498963
877214675
1141025755
299475936
689621988
1125420005
1120044006
1128885223
1194204136
890450924
361001968
1151896562
82779122
1130935282
1153879032
1164405756
1122599932
1274614786
1194314755
205331460
1141392392
1118850057
1131133962
1138256908
1120439311
417137680
1138256914
1139901459
1141027860
256582679
1164307482
82779164
1147223070
726778912
256582690
1153571874
1301617700
355017765
1128832036
1131095079
1164311592
689138730
1132307498
1141027884
688974892
688942124
205110316
1138924592
355017776
1116386354
1116386355
689462324
1135629364
662678583
333681719
203928635
257164347
1126784066
1141025860
1213123652
688974918
1116697671
1116386378
1151974485
1158247511
1302844509
1128787040
1122303075
1183593575
1116697706
333653099
776385643
1302844528
82779248
431907956
1302844533
1122550904
1158247546
1130935421
1138257022
1124109442
1138859140
1122430095
256582803
1131248788
1152031892
1187957918
1219941542
1120439464
1131001000
1152804015
1135785137
1117959347
1302844600
1128787132
1124064445
1183593660
1127767238
1155499207
1131095241
1140925642
1131001034
1116386510
1117959376
1120439505
1139549394
291124436
1302844636
417178848
1120042209
1122600162
69397731
1301476584
1116247273
1124109548
1120439532
1120507117
417178861
1124041969
205014261
1120439545
1128832250
1120507131
287380733
1124041986
1120507145
416009485
1122600207
1128799504
847074578
1151896854
1131001111
1106337047
1121125657
1117959448
333681948
1141439773
1156134177
247039266
1138859300
24960294
1302863142
1131437350
30043436
1302863149
689622317
1139936559
1127052593
1128832307
416032051
1118889267
333681974
1155499320
82779450
1118889281
256490817
29941065
1137585482
420353353
877215050
1137454413
1120439630
966120783
429675857
1116247379
851305813
291120472
950549849
30043480
1122600285
1142230368
1124214112
1135422818
950396259
1122467172
688942436
689622375
382414185
988611946
420353394
256490869
1118850426
25286014
1145527680
1127099782
588502407
1135422861
420353421
1135422879
877215135
1141439905
205329830
1131437479
291108264
1186469289
1152804264
484728232
1117042098
1145527730
1120507316
1135422901
1122600377
1124052410
1106337210
1158333885
204993983
1127052737
1127052739
32988614
433042886
505810378
1141439949
1176927698
1155499475
1117031891
1206842835
1142230486
333682137
1122467302
1131001318
1206842864
259288561
1158247924
1124052469
1118309894
1194319367
1118309901
1162249741
418080271
1137454612
1135498772
427087384
1158247962
1135453723
1117959708
1143119389
443010602
1141440043
247123500
1140186669
1122467376
434351666
1117031992
1123890749
1135498817
1206842954
1120507468
416042572
701193805
409749074
676822612
82779736
1162319448
1131437664
1155499619
701193828
1141509732
1137567335
1162319464
1134376552
1144882798
1137454703
1176927854
206169713
1164310127
1152804469
1206842998
417152636
1140926078
1141026431
979961470
1206843014
1117990539
1141440141
1151897230
1127818893
1127767696
1122508431
1206843038
1206787743
1141524128
1162319520
1140186786
1143119520
1177083560
411915944
1127818926
1213370030
1140926128
1213370033
1139936946
1117032115
986685106
247113395
1117032118
1142230712
1117990589
886716094
1162249919
1127818950
382412487
255741641
1116391119
403154641
1116712657
416835286
203921114
310165214
1130897119
1143119586
103050980
1145528038
1116196585
1137561322
1127767797
1206843126
1120507637
476417783
1162372854
1140926198
1158285047
416077568
1158248194
1177083654
888678151
1164310281
1141509898
877213449
1131044621
1206787855
484402963
484402967
416835352
277835545
1155499809
1151897377
1134677798
1145528103
416818986
1131044653
761225006
1131044654
1021548335
1121134384
1124179757
1148841775
690880307
256063282
955100982
1120507703
1145528120
1135454009
1153861438
1206843198
1180403523
1117990724
1116354374
1121134408
1206843211
1104467788
1116301132
1121134414
1131095889
416819035
1141440350
1206843231
1121134438
417023849
1071890284
333682552
1116354425
293283705
1140076410
1117990783
69367680
1122316161
1158334338
1153406847
419706752
1153861510
490051466
1153572749
888678287
1177804691
1153861524
1139937173
888678296
1131044760
1153861532
1134677918
1158285228
1131095981
1130897326
1131757487
1134399409
416835506
1131757495
1120507839
1182482368
1141510080
1124179904
970801088
1116301249
1158248392
1120507850
293277653
1131575266
1134399459
1131096041
416835565
416018415
255741942
1350944759
848517113
1158248443
416835582
waste=*
746
1123989507
245929987
1116196872
233111561
1142229002
1158334475
293277709
878876687
417112082
1116354579
1120122902
430419993
69431323
430419999
1130897442
443009062
387760167
1337968681
1153833007
1153833008
1131247670
1153833016
1141440570
878876735
1122689089
257290307
291133510
1122265160
416018505
1135566924
308013133
1141026897
1153886292
333652053
886552674
1116301411
255737954
310163561
1130934378
443009132
416018541
1128888428
1155500145
1129605239
269275256
256069755
579768445
598202498
443011203
69312645
419649669
1116354695
417001609
1139052682
308007052
1141979277
1116713102
1129605262
1128888463
1142229139
1153833111
1106403482
888678555
333652127
1141440672
1142229151
1130897569
1120123039
256067749
300857510
1130934439
1116354731
1177804971
1163131054
1134545070
1116215470
688976050
1153761459
1131575475
1141510326
1116354743
687362238
1153861823
207720641
1145508034
1135818949
625983690
1135784143
1142229199
1153833169
245930195
207579348
1176965335
1145516248
1163131101
1128851678
1206788318
1141068000
1141440733
245930214
1131045097
850979051
1155500268
1158334701
878876909
417001711
25413872
245930229
295592186
1122736385
1135454467
1163919621
1141068040
256067850
216269067
720689421
1131247885
1139523854
1135593745
287383826
877213973
1122343190
1141440797
980003106
25082148
1194240294
403145001
1116332330
889528618
1194281264
625983792
1163131188
1141440821
1163131189
1141510454
1131575610
1122412861
1155500350
247040319
1153833279
1141027133
956449090
295592271
1151975760
1134383440
1128851793
1118308694
1134383446
1141510495
1134516575
417001827
1194240356
1118849398
25876858
1131248001
1120317833
1131575691
1141027218
207597971
1131188629
247036310
1135833495
1177747864
1131219352
1122412952
416014747
1183510940
1131094429
1194240414
1139524000
207563174
1153571239
429199793
946000306
1069990322
1124149686
1134363063
417001918
946000319
1163131326
1338907073
420358594
1135659456
1126816196
1153571271
1139524040
1135593930
1141510605
1153573326
1194228176
595220950
580276710
1120026620
1137463789
877214189
1143120370
571595252
293284340
287363576
1338907129
256053757
1138891268
256053764
470485512
986731016
484731406
1130934800
268440083
1145360920
203923999
1145360928
890389026
27105837
976157230
256582191
257059379
889475638
1338907190
25414200
1143120440
1194259006
890389058
207606340
1119820356
1141027401
25414217
1122343502
1116389966
1155500632
1313303130
1131463258
1106602589
267274847
1194250848
850633315
1194213987
1190099555
976157286
431745647
1190099579
1138174591
1132313218
1197324931
429333125
1158247051
1162250892
1194222224
33360529
429333140
1129611925
240661142
333652631
1132313247
1145508512
1213563553
247114401
1212357279
1117958827
1116365483
1162250925
1176877745
429333170
1119820465
1071821492
429333169
207719096
638333625
666950331
1071821503
1131133634
287345349
970918597
689138380
890450637
420365007
1122343635
1164368595
1141027543
1134363361
1116160758
1116381943
1302807288
207721210
287349504
1162251008
256494341
1122646790
1176877830
1131133703
1135833865
424264454
277834503
1116381957
1071821581
1116381973
1142229783
1116381980
1130935070
494437150
1122646816
256070430
1116381986
1132313375
410207017
418038570
1122413358
207270709
886977336
1131133754
1194259262
1212355390
430244674
420369218
1022587734
1177793370
69339995
877214557
1330469725
1138275173
1118307178
1330469744
33213296
1131248498
1134418804
1131094901
486151030
1176877948
1135784829
1153571713
1117959041
1074226062
1194259344
1142229906
1116246933
890450839
1162251160
1153878937
1177793432
1116246936
1132313500
1135594401
333439911
1122550702
689138607
1162251184
689138610
1126783923
1117959094
1326377917
1116246974
592235456
1128885185
1153878979
1122599879
1153878985
1131094986
1138256843
1162251217
262370262
1139936219
205112301
418085871
470477814
1125420024
886977530
1229009914
1183591420
1122343935
1183591425
205331463
1116386311
1120041994
1141392398
1074226200
1119269914
1147223070
1132307491
1141025831
205110313
1131437098
1158247467
1122303023
1132307505
1142230065
886451255
1177793592
890451002
1116386362
1134363708
1137454143
986731584
1132307522
1120042052
1127126086
1131437131
1124109391
1164405842
1138256979
1122600019
1197354074
1148781659
1116386400
256971875
1153762404
1126784101
1135785062
1124109412
26242154
1127126122
1135498348
1164405871
1302844528
431907957
583928951
1116386430
1194314879
851336319
1116697727
689462403
1128832134
1194314887
1140053128
660487303
1155499150
1164307598
1124064401
1121125524
287358100
1152803997
1302844574
1138859167
1103350942
1187957918
1132307618
1153406115
1116386468
1153762469
1164405931
1131095213
409744558
877214894
1180869809
1118850232
1128787129
1116386491
890451135
1131248832
1116247234
1145361603
1128799436
1124109518
1118889169
1128832213
1140925655
1301476568
877214940
1144626396
1158333666
1122600165
1069948140
470537452
1215177966
1130878191
403113200
1337971949
470478067
205014260
1301476599
1118889220
890451208
1069948174
890451217
25877780
382420249
588502299
1131001116
1122600219
976157983
689622304
1194231074
420353320
256073002
689519914
851305772
545580332
333681974
1142230326
1155499329
1128832321
1127767363
333681992
1164406090
1131437386
1164406098
877215061
1141439830
1151976789
1120507224
1128799578
1302814042
1120507227
1131437406
1152804192
1194206561
207252834
890451297
545580388
1170429285
291108192
1131044200
1131044201
1121125736
1122600305
1127818615
1118850429
1170408833
1164406148
1140925830
382414215
1135498633
1143119243
1151974796
1120507276
333682062
1140080012
1194190225
33078679
291120537
1152032154
1302791583
1106402721
291108263
580824488
689317288
1134501292
1142410671
291108271
484728240
287397298
847277489
1140059574
256335288
277835193
1122600378
1164406208
416009666
1135422919
330184135
1137567181
1194270159
1131044308
1153406421
1158247894
277835222
887299542
1122467290
1186469339
101060064
1123890659
1131095524
590814693
1194319338
1131044336
259284468
1186469369
1122414083
1194319370
1194186251
1127767578
1131001376
886425121
888677923
1118309924
1137454631
1137454636
1151974964
1137454645
298907190
582778422
1152804409
1118889532
1176927809
1140059716
1141067338
476442187
1118015055
443010642
1122467411
886425175
333682265
1164406363
1137454685
1117990493
1131437664
255737446
1118015081
1140059754
1131044458
1152804464
295603824
887113340
1135453823
207718017
1131044484
877213318
1118015112
417152649
1074226826
277835403
1124179596
1153760906
1117032077
1117990539
1137561232
1141524111
1141524114
1119217299
979961490
1120179863
1152032412
1135453853
1120507549
1140926118
262950567
1177083560
1131044528
1120507572
247113400
256497341
1141067454
1119217343
877213387
1135453901
660479694
1240465103
1141440207
1301489362
970768085
1158248151
1116391128
1148841692
1194329825
1162372835
416077540
1162372837
1240465130
1140926200
1131044601
1153406714
1212694273
1145507588
1153861385
983797519
1130897168
1127819025
1131095832
1144882969
1141440282
256331549
1158285086
970800927
1141440286
1312317217
1104951074
484402983
1131044649
1116301098
583941934
1116354352
103051057
1134677810
590806835
254940979
416818997
1116354355
100280121
333651769
1135454010
689477446
777043783
1116215113
598196052
1130934102
1153832794
247179098
1162372960
331628385
689477473
331628384
888678246
1141026667
886425454
1153832819
1116376949
1138939765
1131044728
1141440382
1141510016
1131095937
1131757442
333651855
1169094544
1121134480
1131044755
1177804695
257664920
1142228889
886716313
382412699
1117990818
687935396
888678309
382408613
1121134509
676804527
443013040
1122316212
259278775
1144883130
1141510076
1138902973
431896509
1153832893
1116196807
1117958090
1153761232
291110867
1140076502
1137561561
1116354532
1142228967
1141440489
333680620
476336109
1123989485
688975856
291110897
1141510129
1141510128
888678389
1162250229
1131575288
1130911738
416835580
1126815741
416835583