10
tourism=information
746
1117958148
1131575304
1162373133
688975885
257665041
1131044882
257665042
430419996
878876701
245930015
1155500065
1127780385
291133480
416835626
1140017196
1212354606
888678447
1117958192
1120122929
1126815790
1134544948
1141067829
416018485
886716471
1141067828
1131044924
1141440574
203978814
1140138049
1142229060
443009096
1122265168
1026416722
1212356691
1122269275
1140138076
1134399580
256497761
1144604772
1116354661
1120180327
1116196969
1122269289
1116354673
1139423349
1131044984
1141440636
888678525
1117958270
245930111
1139392641
491133058
269275270
310163600
1088925842
258156696
419707033
1153573018
1153761432
257294493
417001631
1128888479
1141026976
300857510
1141440687
1134545073
989206708
1139398839
1130934458
426059972
1140521156
257665222
1135593670
1116354760
1125419208
878876879
1116301521
1120047314
1122689237
1116332246
889528537
1163919578
259111131
887097564
720689372
1117958366
1141027039
1135593692
625983714
1128851682
1117958371
1158334692
247040229
69478627
1189392619
25413868
1123862768
1125419251
426060021
1135784182
889528569
1151975675
1114863868
1131188477
1143120131
1139398916
1194240260
1127123210
1274614028
1301598483
1162250516
989206805
417001750
417124629
469262616
1131247892
1163131162
1163919642
1120059673
417001757
1135593760
1141979437
886716720
1120180529
417124658
1141510455
1163131192
1106403641
1151975744
25876802
986724675
1151975748
69450052
1134516550
1141440846
887097679
1114913107
1128851798
1194258774
1165384027
29942107
247040357
1141979494
1141440871
1194258792
1131188591
1118308724
1162250620
1022646654
256596351
1118849412
1088995717
1137463686
1131188620
1137463692
1163131283
1145360788
544485781
1143120280
1163131292
1145510304
1145360805
1124149672
970762669
1194228142
1140017589
1118308796
1069990343
1177747912
1122343370
1126816203
1145360851
1145360854
403161559
1164308961
1123863013
1187957225
382403055
470651377
1122413042
1071821300
1127082485
256053755
1069990396
1126816253
1162250760
1142409740
469803534
287363598
287363608
247041112
1142229555
1143120436
1145360948
1120180790
203924021
689138234
1164368446
204991040
1134363203
583952971
1139524174
259273294
207606357
277836378
207606365
1131463263
1122343523
330179174
1231706729
1194213995
976157293
257161842
207719030
1135833721
293278330
890389120
1163920003
1163920008
33084041
33360521
418042512
1122767512
1155500696
33360536
1164307096
1164313246
1163920035
1155500711
1117958826
1135784621
1030660787
25877174
291117756
890389182
1164368578
287345349
1186304709
1131248328
1142229707
1114079952
1164368595
1147232979
857311957
1071821526
1119292115
424264411
1138256605
1162250974
204993248
333681378
204993251
595651305
1138897644
1145361137
1194222323
1116381942
1141025535
626002692
1194222341
890450696
1162251021
1122343694
591287060
626002710
287349528
583928604
890450721
247124771
1212355363
689138476
1153358637
1272124206
1162251070
1163920191
1131094848
1119820622
25414479
1138897744
1119269713
287359830
256070489
689138527
1123990370
256494435
1135784803
257665893
1106602855
1181156200
890450792
1135784808
1116382061
207584110
257665903
1074226034
1130935169
1181156228
970754949
1139993480
979889033
976157583
1142229903
1138897815
33094552
1118307225
1135784866
353811377
247114674
1120052148
1093088185
424256455
1126783952
1130935252
877214677
1145361371
1135784927
593916898
1122302950
1194337255
591287272
1122302954
877214698
1106336748
403164141
1145361390
1164405743
1183591406
1194337263
1139993579
1106402293
1120041974
1177793526
1138924536
262949880
1122302971
1105122300
1163920389
1141392393
1148781578
205331467
847277069
1181424654
689138703
1122599952
1118888977
1134363665
1118888979
1194259478
676813851
1130935328
1152031779
1116386341
1135498278
595221541
417137705
416085034
1127052332
1138256941
416085037
1118889009
1120439349
1139936310
1132307511
69479482
886451258
1120439359
291124291
431907913
1130935370
1162318927
1138256975
1131248721
1139936339
1152031829
256334934
1120042069
1127052373
205331545
1145361498
1124109403
986731610
1228039259
1132307550
1132307544
1180869728
69301338
1116386402
1148781659
1142230120
268438635
1139901547
1152031853
890451055
82779248
1122600047
1132307570
256582775
1132307575
470938743
1148781687
1135785083
1155499132
1130935421
1117959293
1116386434
247041158
1138859143
1122344076
660487309
1131095181
1106336911
1152031887
1122466960
26242195
1153762458
1128799392
1106336932
1128787109
1183593638
1128832165
1132307624
1122303145
1116247206
26242219
689317036
689462445
409744558
689462443
333681841
26242226
27092157
1116386500
1155499207
1131001032
1116386512
255016148
262370518
1135785177
1131437274
355009756
1128787168
1148781794
1122600164
1139549413
1337971942
588502247
689622247
1141392618
1138859244
1138859247
1137454320
1131001073
1301636345
1142230265
1131001084
287425790
1301636351
207719680
1137454337
1124041988
1134683396
1069948169
1139936522
1128787212
886977807
890451221
1141439768
1124042009
1120042268
255737119
1135785251
1134501165
29941039
30043442
29941043
420353331
1302814002
890451254
1124042035
1140925756
1138859327
256582981
591287622
1135422791
1215178059
1124214092
1135498571
1124109646
1350950222
1122600272
291128656
1152804178
1124042063
1194206550
1122467168
679347552
1131437414
1118889319
1135498603
734057836
1194319214
888677746
1194190199
1135422844
1166663037
1138859391
545580416
1127099777
1135422849
1134501252
1124042117
291120517
1116247434
1215178126
1137454479
287425936
1127818641
1145527695
1153760661
257293717
1131044250
1120507291
1122467228
1138859421
890451355
205329825
1140080034
1162249635
1120507299
69299623
1194319282
196165044
1153572277
854076856
1153572285
1135498685
1127052735
277835201
1122414029
583929295
1194319314
1152032211
287346132
1153406421
1139901917
1158247901
1127818720
1142230504
1158333928
1302851050
256497131
1135422960
1127818737
1141439987
311426553
877215227
1158333947
1141026302
1158333953
1122600452
1131044361
419659283
1127818783
1141440037
1137567274
1074226731
1152032300
205323827
1141440073
418080329
1141509707
1120386634
1120476747
1158334032
1120507475
1140926035
1131044436
1139545688
701193819
1158334054
476417642
1120362093
1127767666
310165107
1164310132
1151977080
979961471
1120179840
1153572483
1117032069
1131095689
1155499657
1152032397
1137561237
1137567385
886716059
1127818911
1177083557
1141509798
1141440167
1135453861
1140926118
1120507565
1151975088
1130933937
1240465074
1158248115
247123638
1117042365
1127110335
277835459
1148841667
1127818952
886425289
1213370059
1139936971
417160909
1106405069
1116391117
1119200976
1116712656
1120179928
412251865
1158285017
886716124
626034396
1134677726
1137561314
1131095779
1206843111
1141026537
877213421
1301579502
1116354285
1131044589
1131044594
540139254
1135453944
1139937017
416077570
1164349186
1087174412
1206843152
1135453972
476417813
1121134363
1119201052
1127819038
1141067553
1121134369
1144882977
1155499812
1141067554
1116215080
256063275
82779948
1158285102
1162319662
295597874
1164310323
886425397
1131044666
1153861437
1151897406
1021548351
1194327876
598196039
1158248264
1141026632
1135454025
333651788
1143119692
1116712780
1074227035
1197377374
590806882
1116376931
1116215144
1141440362
333680495
333680499
1131437940
1153832821
1158248309
1124179831
1148841847
659959671
1140137852
1140076414
333682562
1182482307
1120507782
1162319752
1087174536
1145528204
688942990
1151975315
1131218840
1134677916
1121134498
1131095974
687935401
895473578
886552491
293283757
1131093935
431896500
1116196789
419706806
1141067703
1131093940
1124179897
277835705
1116377019
1120026557
886716352
1137561540
239650758
1116196810
1120026573
1142409168
1141510097
207720401
1116301268
1145528277
980010969
1141440474
1124179931
299618267
1116354522
333682653
1120026591
293277664
1134677982
1116354531
690880487
1121134569
216274923
1120026608
1135566833
1153832946
888678387
259270642
1350944758
239650806
1135454203
tourism=hotel
746
1158248454
233111561
1153832970
1141067792
1155500050
1120122900
1177804822
1138290712
1138290713
1131094042
1137561627
1126815774
430420003
333682726
886716459
886552620
416018477
27490350
1153833010
1153833011
207718454
989206587
778098749
1141510210
1117958212
417024073
1123989579
426059855
1116196943
1272121433
1141440605
320135264
878876770
541646947
1123989607
1120122985
426059881
754131051
416018540
878876781
256493677
877213803
1116301422
1169160299
1116354677
418349176
1122277498
1141026939
1128851587
1129605255
1153886344
1153861768
268439695
1194281106
1131094165
291133592
1131575452
1130897565
268439710
417001630
878876835
980002981
1128851623
256673960
887097513
1135784114
1117958325
1116301493
1116332220
409747649
1127123142
33364171
1123862732
1142229197
1131247824
886716632
1116332248
1116354778
418519256
1206788317
1128851680
1135833316
1153861862
1122689256
1130897644
1120047342
1116332270
689137910
1131219194
1135819006
333652230
205322503
877213963
1194240267
1120110861
1120047373
1131575576
1135567138
1153761571
716876071
1130934573
1153761588
989206837
417124661
1118308666
1141440835
256975173
1158246726
1141510470
1135454536
258132296
1131188555
1120031056
1131575632
1153761622
980003160
1117958489
980003164
1194258788
887097701
1131247978
25876843
688976238
1134383477
333681013
1131219319
688976248
1131219321
1116301691
1158334847
1163131264
1134383496
595220873
624273805
204994961
1145360788
970762645
1194281366
1128755607
878877076
688976282
1135593884
221309341
1127082399
417001893
1151975849
1145360811
1155500470
254812598
259287485
1135659453
1145360834
1119820233
1153571285
25762264
1151975897
469805532
1055511007
673989090
470651363
1124149746
382403059
571595252
1177747959
255738360
673989113
1134516730
1194179067
1069990401
1194222088
1145360905
1138891273
1164368395
1338907151
688019990
1142229528
1071821345
1071821346
417002020
1134363188
333652539
1163131452
287363645
1134418499
1131133508
1131094601
583928394
1145508427
1158246986
298908237
1162250836
333652569
889475676
49543776
1313303136
1162250851
890450537
1131094634
484403822
1153761903
1134647922
1131133554
259287666
268440182
333652600
1131463288
1155500667
890389116
293278339
21424776
688007816
1117958796
33084044
1135833743
1190099605
1138918039
1163920025
1272056474
1194214046
1131094686
1116365475
1142229674
1122767532
1123990189
1030660784
1158247093
291465910
291465911
310164152
1134363319
1119820476
1069990588
626043580
1194250943
1153573564
1135784636
1120180933
1138299590
877214408
1129611977
1130934988
1127082701
1147232977
1135594198
1145508568
857311962
484248285
1129612002
1158247140
1145361124
1309960937
207721197
1151976175
207721200
1212357362
1151976182
626002678
1131248374
626002683
1135784700
1141025536
1164368642
256494341
970918664
1135594249
21433098
403112717
595651346
287349522
1120181016
1142229784
1131133722
494437144
1131133721
1163920162
1116734248
891095850
1138932524
416047918
1120181044
21433144
1120611128
416047929
877214524
1131133756
1135784772
1134363460
658938694
1130935112
1138256714
291117906
1116246868
418038612
1153573718
207608664
689621848
25414493
1134363487
1330469735
877214570
890450807
1131133823
1135612799
1131094913
689316738
1122413445
1131248518
1212357511
1213461391
258147221
1162251159
258147232
1162251169
1139993507
1126783909
1119269809
353811391
430226370
333652932
247114702
1130935252
1163920342
1135784924
1194337245
1153879005
890450911
688022503
688022504
1145361387
1131095021
1140052974
470608878
1176878064
1122550769
1116386290
1151896561
1138924528
1140052981
1158247410
1146217467
1194337282
1176878093
269368333
1120052239
1116386323
1138256921
1145361436
1135784992
1128832040
1140898859
1122413611
205110319
1141369903
1144883198
256674873
1135785019
1116386365
207285310
1116386374
1117959239
1122600008
1181424716
409754707
1302844502
333681751
1213123671
1153406041
1139993686
431907930
583928924
1128832093
1122466908
591287391
1116697694
1132307565
277830769
1141369970
776385650
1069948020
1116247161
851336315
434363521
877214852
851336326
1142230155
1194314891
1128832145
1124064401
1153762451
1128799377
1135498393
1128787097
1135785119
255741088
1153406113
1137454246
1120042151
1121125549
409744559
580281524
1122303163
689622205
689462462
1120042176
1121125571
1153762507
1120439504
1145361618
82779346
689390805
1120042205
1139549407
1155499241
1122430186
1122430188
1131095276
1118889197
470537454
648205552
1301636336
1301636339
82779380
205014261
82779382
1106404611
545580292
333681925
1135498502
1124109575
1131095304
1137454341
689462538
1124214028
1122600212
1118889240
25877785
877215002
382420249
1124214044
1127767325
247039260
1124042015
588502304
1120042273
1135498527
291128607
30043426
1118889254
1124042026
1137585454
1124214068
1128787254
689390906
1122467133
1128787262
1194231101
505810238
293274945
1194231106
847074627
1194270020
1152032061
1151976774
1128787271
291108171
1152804172
476417365
419691861
988611927
82779480
1155499351
1194319189
1122600277
1131044189
1155499366
1140925799
1106335081
689462633
1141439851
1120507241
1239143785
21433712
1131001202
1141439860
1166663029
1074226553
1124052347
688975227
1142230399
887299457
355009927
287425931
1120507276
291108239
277835154
1127818642
1141439894
1143119254
888677785
1127818650
389928348
1162319260
1186469280
419659179
484728240
1118889393
419659185
1127716278
25286073
1158247865
1141026235
890451390
678344127
1135498686
678344131
505810373
82779590
1135422920
1153760714
25286090
488764879
433042895
1164309973
1118889430
1122467289
1162249690
1140059609
101060061
1141509598
886425054
1137567197
505810405
1140925926
1137454569
877215210
1194319338
1137454574
1141067247
1127767540
1127818742
1124052472
1135498744
1118309883
1087174146
590814723
1139545603
1120507398
247123464
295595528
1194319368
247123473
1106337298
254940691
1206842900
1120362004
1135498776
269276697
1119241752
1131044381
1206842910
1164308000
582778402
1137454631
476442153
1141440042
1134376494
1162249791
1120476736
100277823
443010624
476442176
1122467396
1127767622
687967815
1137567305
1302785612
333653580
1194192462
1141067343
701193812
207582805
1152804437
1120507479
1137454681
970792542
1116712543
701193822
287360608
887113316
417152614
333682279
412782187
1122508396
1141440113
1120071282
1141440120
1142408825
1141026426
403342972
1142408832
1142230660
1141067399
277835402
1152032395
233197195
1138249357
259264142
1142230672
1134376597
1120071318
1194329758
1141026463
1153760934
1117042349
411915950
1177083567
247123633
986685106
1118015157
416077498
877213371
1116391100
1137561282
1155499717
1116354252
417160909
1135453902
1137561294
1137561305
1181245146
416077534
1153760990
1087174368
296224486
1122752230
1116354280
1135453929
540139251
1158248180
310165237
1140186870
1143119605
1131044604
287368960
1122508545
1117990658
570054402
1135912707
886443784
1120179977
1145528074
1116301065
1153572620
258162445
688942859
416077581
1131044630
1127702295
1194327834
1106405148
689463069
257664798
417152803
1130934054
1138859821
1117990702
1143119662
690880307
1120022327
1155499832
1140926265
674715449
1141440312
591288127
1141509952
1206843201
1141440320
1144883011
257294147
1116331845
207720259
1116376903
886716237
955101005
1131218765
1118850901
1141067606
1116215127
1141509976
1131044697
583941975
598196059
1123989340
1122316124
1155499861
103051108
1301579627
1153406828
1140186991
293283697
1116712824
203919226
1176965005
659994510
382408595
1148841877
1131044760
382412697
1140076447
1135454116
1119834022
1153832873
1121134506
1135454121
1141510060
1301579693
1144883126
416835511
1194293182
1120122814
1117958082
1142228931
888678339
1141440453
418348999
269275082
1124179917
291110864
242823124
1158248408
1153832922
382410714
333682651
419706845
1131044829
1141067743
1116196839
877213676
1116301295
1145507824
255739888
293277689
1120026618
1121134587
1123989502
1158334463
tourism=attraction
746
1130911747
269277190
244070407
1116301321
1103263754
1155500044
1131044878
277835790
315260949
1145528344
416835609
1116196890
1116301340
1120026663
257665064
1139052587
1138290736
333652018
1125419058
1134678069
1119834166
381102136
1117958208
291133505
1274615877
1116215369
1139523658
878876750
1139523662
1131438158
256583761
1135566928
1122689107
1337968719
419686488
1137561689
269275226
1116301406
484403294
1124149344
1138290792
1212354666
1138290795
1141440620
1140138090
1131096171
1116354667
1088925808
1131575409
205324405
1116301432
1129605243
416018555
1116196989
1158334590
389941374
1153833088
1134545025
1153886338
1137561731
256583808
598202499
1141510278
1128888457
1141067914
1131045009
1088925842
1138290834
1143120023
1129605278
1122277535
291131552
1145508001
1141067941
419707046
25761958
1131188392
1116354729
245930156
878876845
257665197
245930163
1139398836
1141510324
1151975606
258164919
1189392571
1153886399
889528513
1169160387
1125419208
1135833289
1131188425
419707084
1131188429
1120123090
1116301523
1153571028
1123862739
1138290905
259111129
1120047323
256053471
256053479
1135784167
1194240233
1145516265
25413868
1135818991
1127123184
658061553
980003061
1131219195
1194240252
625983739
889528574
980003071
1120047362
470362377
470354191
417001750
1118308635
1135819036
1135784222
1153761571
1139052836
1128755493
1128851753
1128755499
1069990188
878876973
878876976
1194240307
1131094323
1120059704
1131247932
1118308671
1158246719
877214018
1135784266
1172904267
1163131210
1120180564
1153833306
1141027163
1131575646
1140017504
1194240354
247040358
69450095
1135593844
986724730
1118308746
1135784332
1131248034
1163868580
256674213
1127082404
1153833384
1145360814
1131219376
946000312
986724793
1117958587
1145360828
877214148
417001926
1069990346
1194228176
203946453
254812639
1137463780
1114913261
1120020973
287343087
1194228211
1122343412
1134363125
257059318
1135833588
1122646520
256053754
1071821307
1194250748
25760256
954061318
257163788
257163794
954069530
268440095
469805606
1122413099
1145508396
1145360941
1142229551
1069990448
1141510706
1126816312
1145508409
1114913338
277836352
429333074
1110776405
1138174549
257292887
1164368474
1164368475
1197308510
1132313183
1194222175
256498273
25762403
1134647907
257292902
1139053165
207719022
1141027440
877214323
1164368502
1143120506
675316349
293278335
890389124
1145508486
1122767495
890450566
1122646668
1138299538
1132313239
689316504
293278361
33082009
1131094682
1138299546
1143120541
207719069
1153573535
1124149918
1123863202
33360547
1142229669
890450602
1164368554
247114412
1153573551
1129611953
1135594161
1123990195
1302807224
1158335174
1122646727
1119820488
1142229705
1138256591
1119292113
333681366
1122343646
247114464
1123863265
877214435
1142229732
1071821545
258161385
1145361131
1145361133
1022587630
1139053298
1138932476
1153762044
1119820543
1137576704
21433099
257291020
688974604
989207310
1116734223
256066320
1164368657
1147233046
1142229783
890450714
1119820578
21433126
1122413358
1272124207
877214512
257665841
1177793330
1151976243
595651377
689138485
1118307126
420365108
1146217275
1162251070
1153573695
418038595
1134363465
418519883
877214545
416047954
1151974230
1116382040
418038616
1139993442
1131094886
1116382056
1131133802
1120090991
1116382065
257665905
1158247285
33094517
1139993463
1120091003
239729534
970754946
1164309379
277834628
417037189
1120611207
1117959049
890450832
1135594385
1131094932
257665943
1116246936
1106336667
309822365
1143120805
1153878960
877214641
1177793467
1138924485
1122302918
850719686
1116196727
1142229968
207256529
1131133908
416828376
1117959142
1116386278
1131095020
1118850029
1135498221
361001964
851010546
660470771
1120439284
247114739
476943348
1163920373
945456120
689316856
850719739
1135834108
1120041981
1138256894
1124109308
1106603013
1194314758
1141392395
417127435
1122302999
1119269914
1128832028
1135498268
1140053022
1213123620
1165292584
1164307502
1135785015
776385591
1138859067
1116247101
239729727
1131437121
1128885313
1152031813
1128885320
1128799308
431907916
890451025
1116386388
1131248727
1122600023
1135834208
1126784107
1127126126
277830767
689622126
1127126129
1126763635
890451060
1141392509
1122600063
1135785091
660487303
540159117
1128832145
1153762451
1138859155
1152803990
245929977
1145361566
1153571997
1144618147
1137454251
1122550960
1131437233
877214900
1143121080
1137454267
1183593660
1302844607
256496833
1142230210
430224579
333653189
1069948102
1158247621
82779336
291124425
1194230984
1137454286
1137454290
82779346
1302844630
1069948119
1117959395
1124007142
1122467047
1141392615
1148781801
1153760488
1126763753
1117959400
1215177968
256978167
1135498487
1124041978
1164406017
82779394
1124109569
1152032004
1155499269
1152804110
382420239
1212710160
1152804113
1122600212
1140925717
430245145
890451227
1128787228
1137454367
976684323
30043428
1128832293
256335142
847074599
1130878250
1124214064
1164406072
247123256
1194231098
291128636
1152804160
255739203
247125315
1116247364
1138859334
30043466
33078603
1151896908
203943242
355022158
1116247375
82779466
255739212
689462610
416032085
1131095385
545580379
1131044190
966120799
1122413921
1152804193
1152804197
1134501221
420353384
207252841
1159492971
688975218
1164406133
1152804213
1215178103
291108217
1141439866
505810298
1194270075
1213529469
1124042110
416032128
259288455
1194319242
333682058
1153406354
890451348
277835157
420353428
1194270103
1122467223
1152032159
269276579
1140925860
247123366
1135453607
287354280
1134501289
1131044268
1118014896
1134654911
1131001281
847277510
1140059593
1206842826
1145527757
1186469327
1141026256
355010006
1127767511
1135422937
1141439964
505810405
1127099879
1194319336
545580519
1120507372
1164312045
1158247921
257093108
1106402805
877215223
415802872
1142230527
1118309891
1120386566
1206842890
886425099
1164406282
1206842893
1137454617
1119241754
1151976989
1153760798
1118309919
1139545631
1162372645
1164406312
333682222
887299634
582778422
591287864
1295097403
256347712
1302785604
27590214
256335432
701193802
27590220
1140059725
333682254
1120507471
1122414159
1127818839
1141440088
1158248028
1206842973
1151975008
1119217251
701193833
887113322
1144882796
206169709
1142230637
1144882808
1142230655
1206843010
888678021
1153406601
687967883
1131095693
1134376589
69396113
1158334100
1118015131
569489054
1153760927
1137567393
1141026465
333653668
1181245092
1151975085
1148841646
247113389
247037620
1118850741
1141509820
1155499717
387782344
1144882888
1116391114
1141440202
1301489356
1162372811
888678094
315258571
256065224
1140926165
1141440213
1117032155
1130933984
1141026530
1130933987
1145528036
1122508516
1106335460
1153406696
1116354281
1116180203
1138859755
1127110388
245937908
355022581
1120507637
1158334196
254940921
277833466
412251899
1137561338
1158248185
689520379
100280057
1119201024
205016833
1127767809
1162372868
1141026568
1155499785
626034442
1158248202
570054410
1124179723
245931786
1145528076
1206787855
1124179729
416835346
1158248211
1120507672
1119217436
245937949
1206843164
1141067551
1152032541
1124179746
269276964
277835557
1118850854
1140076327
886716207
293283632
1140926256
1138859824
955100979
1139937074
1301579573
1121134391
1117990714
293283652
1116180293
1121134408
1116301131
1164349260
687935310
1131095887
333682511
1116376910
205326162
207720277
1124179798
1119833943
1116712792
269274969
1124179809
1118850915
689477475
1144883048
82780016
1152032628
1153572726
689477495
1206787959
1131095929
258156410
1120329593
1143119735
247037814
1137561470
333680511
293283712
1153406847
333682562
1135454075
1141067653
1164308365
1137561497
1153572761
1137561501
1141510046
1131095968
1162319778
1141026726
1145528230
1116377010
1116331955
687935422
1137561537
1120026563
1153832911
1153832919
333682656
877213664
247039971
1141067748
1153832931
1158285298
1206788083
1131575283
293277686
1145507833
1122263036
256493566
416018431
tourism=viewpoint
746
1151975424
1116354561
1131044868
776542218
1140187149
1140138004
1116196886
416835607
1131044902
1138290727
239753257
1131218990
1116713007
1119217713
1120026674
878876723
430420022
1135566903
1144815672
1120026680
878876730
310163515
1153572925
1134678078
886716478
419706943
245930054
1140017222
1139423310
1141510226
1116196948
1143119958
247038041
1116354649
1153833053
1153572958
256067679
1158285409
886552674
1128755300
778098792
593889385
1139052650
1141979245
308004974
1116196975
1122263155
1124149365
887097466
1131575419
1135818875
295594111
256583808
256583809
1116301439
1141510275
1139052673
419707010
255740046
1158285458
489762963
330184856
1151977625
1129605278
980002981
257294502
1177804966
1088925863
1284227238
1139392683
1141026988
1153833133
663980206
1284227248
1194281138
1153761459
1141979315
1131247794
1141979318
69386419
1127123129
1158285500
1151977663
1153573055
1134678211
1130897605
1163919558
1153761479
245930182
1128755405
1163919567
887097554
1120030931
1153886420
888678613
1140521176
1127123169
25876705
980003044
689137893
889528550
245930218
878876908
1142229229
1141440750
1128851696
355025140
1131094260
591298807
1135593720
1141979385
315261176
1134383356
1114913031
1116301577
256493833
1131247884
1155500301
887097615
1145516304
1194240282
417001757
720689438
1194281251
1145508134
889528614
1123989802
1131188522
1194338604
1141027116
1172904237
430262576
1194338611
1194281269
1122412859
1131575618
417001795
476932420
1120059719
1194258765
256328016
1131575636
1135593815
689623384
256495965
257665381
258165097
1118308723
878877049
1153761659
1163131260
854083965
1127082369
1151975811
1127082376
256584074
430207372
1141440915
1117958547
416014741
878877081
1177747866
1103348123
1139523997
1158334880
1142229410
416014754
1131248036
544485798
889475495
986724774
1194228135
1163868587
203946412
1123989933
1158334894
878877103
100274606
21270959
1114913204
1131219382
698735035
1141027261
1135784382
258156993
1119820230
1069990342
1177747913
1141510605
986730962
1338907098
1155500515
1145360869
1126816232
1118308844
1194228210
583322106
389822975
970772993
1142229506
582525445
1116389894
1142229523
886716947
1069990423
1194179098
1119820318
1134516770
1155500583
287363631
1132313135
1134363186
1163131443
1155500596
1131463222
1131463225
1122413116
25414204
1135833667
1145360963
1213082180
583952968
1124092496
1119291987
257292885
1134647894
1071821402
287363675
470477404
1123990112
1118849637
1118849638
1194259047
431745640
890389101
1069990521
890450556
1122343551
886977161
583953036
33360525
1212355215
906379927
207719065
1153761946
293278363
1143120541
259101346
1190099622
207719078
1194222246
33360550
1118849706
262369967
33084080
207618737
1069990582
638333626
1135833787
1142229692
1122413245
1194222273
287345348
1071821514
1119820493
1162250959
1212355280
1147232975
1131094735
1163920079
1135784662
1194306262
1194222299
247114463
1186304736
291117794
247114467
1119820516
25877221
1158247140
1129612011
1212357358
1116381935
256066287
1119269617
205017839
1163920115
494437108
207719157
418042613
256066298
1139053317
1123863302
424264458
256066315
1139053329
1176877844
1212355349
626002710
1134418709
470485792
416047906
1122466597
1163920167
1158333223
890450731
1131133744
21433138
1131248441
890450745
333681467
950508346
1134418750
712039231
891095882
1132313421
877214541
1147233102
1116382030
1162251090
1158333267
1118307156
1119820633
1151974235
1330469726
256494431
1122466656
678343521
1117959006
1119820644
1151974245
257665893
1162251113
1116382059
1177793388
1177793389
1116246902
976683895
1116246905
1120091010
1118307208
1176877969
1118307218
256064406
1122646935
1120091033
1135784859
1177793435
257162148
1138275238
256332716
1122302896
256070577
1120052155
257665981
1122429885
1131248575
1326377928
1138275276
417037261
1118850001
1164405719
1141025751
976008156
1139901406
1131248616
1131248618
416828394
1135498220
1153762285
1122599917
1140052976
247114738
1142230004
1120041972
257162230
1140052982
851010555
689138685
1146217469
851010560
1140052996
1164309509
1143120902
258147339
212751374
1127052304
666340374
256582679
585206808
416085016
1131133982
256582688
1155499045
1142230054
355017771
1131133996
1131000878
1148781617
701191219
264059958
689138743
1117959222
1145361465
1138256957
1132307521
1140053059
1141392452
1132307530
1116247115
470938704
1141025873
291124306
1138256981
1126784086
431907933
1130935390
1132307549
1135498335
1106336866
1132307555
1121125476
1131248740
1138256999
26242158
776385652
256582775
1138257024
1122600065
259275907
1180869770
1312310411
1131095179
256328850
1123904659
1148781716
256330902
890451096
1152803993
1141025951
1180869793
1135785122
1120042146
387777702
1144618150
1119280304
890451121
1120507062
1140925623
1128787130
1124213957
26242246
205325511
1138859208
1119841481
1106603216
1139936466
1120507090
1122600151
1148781785
1135498462
1180869856
1215177952
1069948130
1120507107
877214948
1120439525
1164311777
1121125602
469812461
1120507120
1137454322
1131437301
1151976694
1118889207
333681917
255016190
689462535
1138859276
583929105
255737106
1155499287
1181650204
29941026
1131001125
1162319143
447565097
1120042285
1151974703
1153406258
976158002
847074612
381127988
1139901748
1139936567
1124214068
1139979577
1118850365
1120439614
847074625
1120070979
1123843397
1152804166
255739206
333681990
1120507209
1124109644
291120474
988611934
1124214111
287425888
420377956
1152804202
1120071021
976190834
1141439859
1153572211
1120507255
256490871
1127716217
1239143805
1118014846
25286016
1239143811
1194190211
291120517
1123890569
1140080015
207564176
207564179
1164406167
1177083294
1131095455
1140925854
1119241636
1138830757
1138830759
1138830761
1142230444
299498926
1131044273
1215178166
1127099833
1106337214
1153760714
256329168
1127718352
1135498708
489663957
1118309847
1127818712
1131001305
1206842842
1152032217
489663962
1151897054
417152478
355010016
1127718369
1120507371
418080235
1302851054
1135422960
1122467313
259288562
1141067253
1164312054
1124052471
1135498744
247123449
1158333945
1141026302
1131044352
1140059655
25763336
247123469
1120386577
427679253
1117031960
25286171
1140925982
759760419
582778404
1120071204
491204133
1118309930
582778415
434351666
1145527860
1118889539
1140186694
1153760839
1158248010
256347723
1131095628
1295097428
427679321
1106404961
1074226786
443010665
1127767660
1140926061
1120362093
1152804463
1152804468
1142230645
1116180087
626028151
1143119484
1124179580
1116712574
207611518
1120507524
1158248068
1117042314
1118850700
1127767692
333682318
877213326
1116196493
1119217299
333653654
1120507543
1162249882
1117990560
1134376611
1301503652
1153760933
1206843044
1117032103
1158248104
1144882860
1144211120
1116300981
689477302
1151897272
689587904
1116300993
1158248128
403154630
1206843078
1142230729
1141509846
355022551
1141440218
1122508509
1140926174
256493280
1137561316
1124179684
1127818982
1131044586
1141067499
1240465135
412251887
1212694267
1212694272
1155499777
1194327808
1120507653
1141440266
1117990667
416077581
1134677774
1117990672
1116215061
1127767833
1152032543
287368992
69480230
1117990702
1121134383
777043766
1158334267
1151897405
100280126
1139937087
1169094477
293283665
1121134418
1116331862
1194327895
970800983
416819033
877213527
1116180323
333651814
416819049
1135454060
1134677871
244070256
1131044720
689477489
888678268
1153832831
207720319
1153861506
203919238
1120180103
659994504
1117990793
256335754
1141440398
256335761
888678295
886552472
1120534429
1116180391
1148841896
687935401
1130897322
1116354474
333680557
980010933
277835704
1120026553
1153832890
877213625
1141067710
431896519
1124179911
1141440460
1148841933
1131093965
1120026576
418084823
1131218903
257664988
1120110556
233056225
1134399459
1131044839
877213673
27490281
416835563
1117890541
1131575278
1151977455
1155500013
1153832945
688975856
1144883182
1131575286
1116377081
29941758
1135566847
tourism=guest_house
746
1131575297
1121134595
1116354564
416014341
1120026630
1158285322
1135566860
1135454221
1145528332
1116215311
443009043
1135454229
754130970
877213725
1153832989
1116712993
355000356
259274789
1137561637
1116354600
1131094060
1116354607
207718451
1134544947
1122277430
1337968694
1143119935
257290308
1141026885
778098760
1153886284
1116301389
1131044943
1026416722
1135566932
1134678102
1337968730
419706971
1140017242
1153861725
1116196960
416018530
1120180327
593889384
1153886313
25763948
1141510252
259281007
1116354675
754131061
419706998
416018551
1153861750
1142229110
1143119990
1106403451
1129605239
1135454335
1131188353
443011202
1158285443
1139392644
688976003
1158285444
1153886345
1120110737
1153886356
1140017302
1141979287
259100826
1206788251
1155500194
1137561765
1164310694
256673960
1131094186
1138964653
1163131056
1141979313
245930162
256135348
1153833141
1153833142
69386424
1127123132
484403390
1131219136
1122689219
1127123145
1128851659
1158334667
1114912972
889528529
1128851667
1087174870
625983704
980003032
1138964699
1141440733
1128851678
1139398879
1274613983
1153573085
1153886438
980003052
1140902126
262949102
1120047344
1122736370
888678647
1153761529
1164312825
1194240251
1141510396
1145516289
1120030978
1131094275
1141510414
1116301586
1118308629
1122343190
311425302
889528601
1153571099
207257886
1120059679
1120059680
1194338593
1120059688
1142229291
417124653
1126816045
1135454514
1118308660
1153833272
247040313
417124669
25876798
1130897731
980003144
1135833418
1128851787
1162250575
1135454546
1131247959
659577176
1135567200
1128851809
1140017506
1087175011
878877032
1118308715
1155500397
1135567216
1153573237
688976248
256584058
986724730
1163919744
970762626
1134516613
1135784325
1139523982
1155500433
1114913172
417001880
1124149656
1118849435
1131219355
1131219357
1141027234
1118308770
1142229413
1162250662
1158334897
246763957
1122412981
1141027257
1124149689
268437950
1163868609
1194228162
1194250692
258156997
986730950
1158246857
1122413005
1118849485
1162250704
420358608
403157460
1131188695
1135833559
469805529
1069990376
103051756
1134545394
1122646515
1155500536
1130934776
1069990401
1162250756
1130934789
571595272
1153573389
267799054
417001999
469803540
1212357146
287363613
689316383
33212964
850633257
1114913322
689519150
1165384239
689138223
1134647861
311427638
333652535
1117958711
976157241
689316409
1151975991
416077594
1158335039
1197308480
1163131459
1194250820
1119820356
890450502
1123863114
1162250830
1145360974
688009825
1132313195
1164368492
207260269
1124092525
33360498
1194179194
877214334
25414270
1125419655
1116365449
1110776460
1142229645
890450578
420364952
333681308
1212355230
548686497
1131248293
1117958827
890450603
985940651
33084078
1302807217
1071821492
1123990198
207719106
675316418
1138256578
1145361095
1131133642
1114079954
218024662
1134418652
1186304736
1212355297
1120180963
1135594212
1071821539
1125419750
287349485
1135833839
1163920113
1190099700
1134418681
1151976186
256066298
1138932476
1071821565
1119269630
256066302
595651331
257164037
1134363397
255740685
1116381969
890450706
470485779
1116381976
1119820574
1139053343
1143120680
891095848
1213221679
1118849841
257665844
1138256700
1145361214
1130935104
1134363465
207608652
1158333267
404048723
1130935125
1122343763
1139993431
1106602841
689138525
69415773
25414496
1122646884
486151012
1151974245
1163920231
1162251114
1122413419
1151896430
1153571698
954989426
1134418807
1134418812
1135784835
1181156228
1123990407
1118307208
1213461388
1131094929
1122343830
1142229913
1118307227
591287197
1153762205
1141027743
1213461410
417037218
1126783910
257162152
1194337192
430226350
688022447
1164311478
1135784896
1138275266
1120611267
430226373
1120611270
1134363595
1164405710
1145361360
1122599889
247114711
239729626
299475936
1139993572
1145361382
1119269865
1122550766
484248561
1139993587
1123904500
1142230003
1128885238
1177793530
244069372
1131095040
1124109314
877214723
205331462
1164309510
980003854
1163920398
1122599952
256582671
1183591443
1122599957
1122303003
1122550811
595221534
1151896609
1153762338
1153405993
1151974442
1164311594
1122413614
205110319
333653040
1142230064
689462322
889480240
1120439351
986692663
1140053048
1153760315
1183593535
1135498307
1122550852
1120439368
1148781645
1116697680
1131134036
1126763611
689316959
25289825
1128832097
1137454179
431907939
1148781667
1138924641
1302844519
1181424744
1153406057
583928937
1194314859
1125420142
1153571952
1124109429
688974969
1302844540
1118889086
1139901569
1128832130
583928963
1180869770
1131095179
1131000970
1128832143
1162318994
877214868
259286166
1119280281
1141027996
1152031902
592235685
1131001002
1131095210
1183593642
1106336941
1074226356
1141392564
1122303161
1120070847
851336383
689622210
287384776
1122550988
1120439501
291124438
1142230233
1143121114
1118889186
1130935528
1301476586
1164406001
247051510
1128832247
333681917
976157949
1164406019
291128588
1148781837
877214989
1131437327
1117959448
355009823
976157988
1135785253
24960294
262253861
1120507174
1194269993
256335146
1302863149
1131095344
1128832306
877215027
1130935603
82779445
1117959477
1131095351
1164406068
1135422775
1104951066
1301519677
1120439619
333681989
1302814021
355022155
256582988
1124042061
1131812174
877215054
1135422801
420353363
1120507222
1151896919
950549849
1158247771
1131044190
1164309857
1170429283
1120507238
1166663015
1158247784
847277417
1239143786
382414186
212747623
420353390
207252846
1139901809
1152804210
236082545
1239143796
25286005
1138830712
1120507259
1151974790
207564167
333682055
1131044232
1123843468
1127099789
69404048
1135422868
505812372
25286037
1164406167
1141439896
887299478
886424984
1140059545
1314882972
759760286
1140925856
1140059553
689622435
1122600357
571092393
689462703
1139901872
1118889397
1140080056
1117959611
890451387
1141439942
689317320
1151897033
32988616
287346123
1140925900
1137567179
1141439955
277835220
1153572311
687953371
431535580
101060066
101060068
1127718373
82779639
287397371
1162319357
1206842877
1139936769
1151897093
1141026310
1155499527
1117031948
1122414093
256497167
1140925969
1120476690
418080275
1026416148
1206842900
1139545622
1158333977
256331292
207273524
377191993
1120179770
583941696
1127818816
1130933828
1141067335
1087174232
1141440092
207607392
1162249826
443010658
1137454691
1140926051
1117032039
1119241844
1117042292
1139455607
1143119484
1141026434
689587843
417152645
1140926085
470478472
1116196493
1118015117
1120386711
254811802
417160861
1141067424
1240465058
1134376610
1206843048
1153760937
1162372784
986685109
1127818935
689622711
245937848
416835261
1117990589
1301489345
689477319
1155499720
416077512
1142230735
1134376657
1116712658
1127818964
1206787797
254940886
1301579479
1145528026
1206787803
1119200988
1116180189
877213409
245937894
1117990631
1206843112
1240465129
1206843110
689520364
245937903
1145528051
1140186870
1120386808
888678137
1153861380
1131095827
1153406739
688975641
1206787866
1122752281
1153861403
1131044634
1158285086
269276958
416835360
1145528097
1116354338
583941923
1301495588
886716197
1131095845
416818984
593854250
258150186
1134677804
1257168686
1074226991
1140076340
955100982
1134677817
1153861437
205014852
1148841800
310163273
1134399306
970800972
687935313
638334802
598196050
1206843219
333680468
287369048
1119201113
207720285
1127767903
1122316134
1116354407
1162250093
247179129
1162319740
1153406845
207720319
1131044736
1141440388
1164310405
1151977352
1155499913
1119201170
1301579668
1131437972
257058709
470536088
333651868
1119834012
1141440414
1120026528
295595938
443013029
989206444
1141067693
1074227121
1141510065
470353844
1123989435
293283771
1194293183
1158285248
1194209215
1140076484
1194293188
1106403269
1120507847
954777542
1122316236
420325336
1153861594
1134677986
848517091
1142228965
1120026599
1141067753
1131188203
1148841964
1155500016
295604211
1144883188
1087174648
1135566841
245929981
580907007
tourism=picnic_site
746
1116354560
416835584
1116377088
1116301317
1106335754
1180426256
291133471
1155500068
1120110629
1162373158
1138290731
1131575341
1138290737
1138290744
1123989562
1116332090
886716475
1134544957
493834301
1138290752
1131044929
1139392579
1131044932
1137561670
1122263112
1134544968
1116215371
310163535
878876752
310163537
489762905
886716506
1158285401
1128888409
1141979232
256065637
1119217766
310163559
100274287
1116196983
598202490
1106403451
1135454334
443011199
1116354686
1116713090
1155500163
443011204
878876805
1128888456
443011209
100280456
1116301451
1135818894
247124111
291131538
1131575443
489762965
1129605270
888678551
1116354711
1153886360
257665176
1116354710
1122689180
1139052701
1153886365
878876838
1135567016
980002985
309821610
257665193
1122277547
1131188393
245930153
403165356
1138290865
1135454389
985948342
1158285496
1162250427
1116332220
245930173
1116354750
1138290886
1135567047
886552776
1206788297
989206729
1120030923
1127123147
1122689223
418519248
1116332240
1141067989
207579350
886716629
1141979353
1162320093
1138290910
1116354784
416014561
889528549
245930215
1141979370
1274613999
1194240239
1158285553
315261173
69382396
216269053
716876028
877213951
1145516286
1131575555
1117958403
257163523
1131219208
1120030985
256067851
1140017420
1120047377
1087174934
1120110871
1135784217
331630874
1116332320
1194240288
1135593763
726796583
1134516521
416014633
889528621
1135784239
1153761584
1141510453
625983800
1153833273
1130897724
1131247932
1145360704
1022646595
1125419333
1194240333
878877006
311427408
540137810
1126816083
1128851798
1141979479
986724708
1158334822
257665384
25876843
1177747820
1114913134
256584054
1153833336
1135593849
659577211
1141510523
1118308736
1130934656
257059200
256584066
1164310913
1124149637
878877064
1141510536
1194281359
544485785
1141027230
544485798
1126816169
1127082409
1142229417
1155500462
878877103
1142766000
1194228148
1145360823
254812602
1120031165
1120180669
333652415
1120020928
298176961
1134545345
1134363079
1126816203
878877135
1145360850
207583701
580276701
417001951
1194228193
1151975905
1134418403
1069990371
1127082472
287343088
1134516728
1130934776
1122646522
1145360891
847774205
389822976
1131248129
1119291908
1138891268
1134516743
1114913289
1118849545
1139524107
25760268
1134516747
417001999
1124092431
257163792
1131248146
1138891280
256494099
25082397
1163131422
38994463
1122343465
1134647852
1114913327
1155500604
1139524160
1123990082
945443396
1141027398
1135833672
382417484
1142229582
1158333008
1134647888
25414227
257292885
1131094624
1158247011
1131463270
890450535
579797611
530696811
333652589
49543789
1123990125
583953008
1123990130
33360500
1071821432
333652600
877214329
1155500669
1142229636
877214346
1158335114
1134418570
877214348
890450575
33082004
1194222231
1190099611
21424797
1127082653
1213563554
985940644
1030660773
207719079
25877166
1124149935
1151896242
291465909
1119269558
890450620
877214397
1130934972
1135594177
1116734147
424264391
1122413263
1142229711
1194250970
1147232986
204993245
1129612004
1147232998
1151974123
1164368623
1153571571
1122413304
1138932474
1137576700
333683455
1071821568
1164309248
1158247171
1117958916
333681416
256066316
583316236
1134418705
689138450
1237566227
256490260
1120318228
1135784721
890450714
418038556
595651357
1330469670
257295149
1106336559
416047921
676526898
1131094836
1122646844
1130935103
591287108
1169218376
494437194
1071821645
1145361230
1119269713
1119292241
595651417
1118849882
1071821657
1142229852
1142229856
1122646880
291117922
1142229858
486151012
333681511
1176877930
1138256748
1122343790
1151976308
1116734326
1122599799
1153571707
1118307196
259281790
1176877951
1131133826
1138275207
203948936
1135784843
1117959053
1131094928
877214609
1138897810
1122429853
1153878947
1135784869
1139993511
1122302889
850719658
1120052142
254753716
417037240
1162251193
688022459
1122302910
430226371
1128831951
1128885201
1116386257
890450903
1153879003
299475933
851010526
688022495
1122550752
877214690
1074226147
1139901410
1074226153
1116386287
1122302960
1126783984
1162251253
1139698683
1120041985
1118888965
382405637
1122302985
1134363662
1181424654
259281934
1158333463
585206808
1122429978
417137691
1116247067
1122343965
1131095072
476943397
1301617704
1127052329
689138730
1164405808
1122303025
1212357682
1135498292
1142230069
1153571896
1122466876
247125053
592235583
1138256961
666340422
1158333515
1162318925
1131437134
1158247505
291124306
1122303059
25289814
1140053088
1132307553
25289828
26242153
796572778
279297129
1116247151
1122600053
1158247551
1128787077
1069948042
1152031883
1164405905
1124109457
1137454244
890451110
1119280303
1120042170
1194230970
1120439484
1141392582
1134363847
1162319048
662650057
1122600138
1137454286
1116386511
648205528
431908057
1127052510
1120439520
588502252
1121125614
1135498480
291124468
1142781174
1124041975
1118889210
1126763772
389928190
1152032002
333681934
1151974677
430245145
353811738
1151896858
240938269
82779425
29941027
247039267
24960294
247037225
1124109609
1069948205
1137585454
1137585456
1128799546
1181650235
1116247356
847277373
1124042047
1069948224
1127767361
1151896897
1152804167
688942408
429311305
1117959498
1301519690
207562058
1127716168
291128655
30043476
1128799572
886424918
689519960
1194206556
1131095391
1194319200
1177083237
954819943
890451307
689137004
1152804205
469812594
25286005
1158333816
257293689
1215178108
416032125
1153760640
1152804228
25286022
1153760646
1134501254
1118014859
1170429324
355009937
688975249
1106335122
583894424
291120537
1151974811
69404060
247113127
1152032175
1151897015
277835193
1026405817
1194319293
1117031872
418086341
1177083334
433042888
1146224074
1131437518
488764879
1137278417
1135422930
1137567191
333682140
32988640
355010016
659607010
1117031907
256497128
1131001322
259270123
1117959666
1139545592
877215226
1141026306
1141067270
1087174151
333682184
1139545610
888677903
1123890704
256491026
1139901971
1137454613
1142230550
1153572374
849626647
1139545628
1140186654
1139545630
1206842910
582778402
1206842917
1116184106
1118309933
1117042221
1295097390
1122414127
1119217201
1118889517
1206842935
1143119423
1131001409
355024449
1164406339
1152804420
1141026377
1141509708
1120507471
1127818832
701193813
1145527899
1158334044
416042591
256491109
1162319462
295603819
1164406380
1162319469
258147950
1131437683
1206842998
887299705
1152804476
1140926077
1137567357
1134501508
417160837
1141440133
1155499657
1194329738
1301579404
1140926095
1127110294
1118850715
1122508445
1143119518
1194329766
1194329768
1141509803
1124179633
1141440180
1135453877
689622711
1116300987
688975551
1117990591
291102401
476417730
886425283
333682372
688975555
886425286
1151977159
256329416
1138859719
1082068689
1116180180
1116180187
1153406683
1116180189
1206843103
245937888
1141067492
1164312292
1144882920
1116301034
1151977195
1158285041
236101364
1152032507
1135453953
1134677761
1145507590
1135453964
1135453977
1131437854
1131095840
412251937
1302849313
886425380
196173607
1141509930
1135453997
687935284
1140926261
1141067573
1137561404
1120386880
1087174466
1172920138
239650635
1180403534
1116196688
1116354385
1153832791
1131044698
1131095899
203964254
1135454047
1137561439
1206787939
570054504
257163114
82780012
888678255
1119833968
1134399352
689622905
1116354429
330368898
1121134467
1119217540
1153832841
1116180361
1119201163
1121134484
1145528216
1131218841
1121134488
1121134491
1131218842
1206787997
1124179871
233056161
1140076449
877213603
333651877
847882149
1158334376
886552491
895473580
1120026541
443013038
1141510063
1116301234
1120534453
1131044791
333651897
1151977402
333682620
1141440446
954777535
1131044800
1151977406
1141510079
1141067713
1194293188
659959751
1138939848
389959626
980010955
1138939861
1194293205
580906967
1158248409
1137561566
1134399456
299618274
1131044834
1131188196
886716393
416018412
1140076531
1155500023
1131188220
1142228989
tourism=artwork
746
255741952
1131044865
1153572866
1162319875
1141440516
1120329736
257665039
1116301330
877213716
1153832981
1158285332
331630613
1153861656
1116354585
1162373145
416835614
1153761311
1119834146
333682722
417112101
1153861670
1137561639
1137561642
1119217713
1153833012
257290300
1131096124
1140017220
1139052627
1134678099
1151977555
1153761367
1153572951
1131188313
333652060
1140076643
1144604772
1130934373
1138290787
1116332136
417024106
1153886316
1134545004
308007022
1153886319
293277693
1141026930
1134678129
1124149362
1274615922
1122277496
1153886328
269275256
1130897529
269275260
1131247742
25876610
1131188354
1131044999
1141026952
1141067914
888678540
985948301
989206670
1135818895
419649680
598202513
256067730
382400654
257665169
1131094165
419707031
1135818904
1137561754
1088925854
291133600
257665190
1158285480
1120123050
886716587
1119217836
1212356788
1141440692
494450870
1138290870
1119292229
1153833147
877213886
1116354750
625983680
426059972
877213893
1130897618
259111127
980003036
1162320093
625983710
1131219166
1135833311
1114912994
1153761507
333680868
1135833317
1135818984
25876714
1153833199
1134545136
1116354804
344484086
1151977720
1114913018
1141440763
1194240250
1138290942
877213951
221298946
1153573123
1126816012
1141027091
1135454484
1139052821
379586839
1163131162
1128851739
1163919642
877213984
25082144
1124149537
25082147
1118308650
598192428
1131094328
1135819068
417124670
1118308676
886552901
417124678
287390023
1163131209
1135454537
878877001
291109197
416014672
1134383441
1123989842
1131575634
1142229333
1122343256
29942111
1114863967
1194281311
1117958504
1177747821
1131188590
1131219312
980003186
1124149619
1128755571
1141440885
1172058499
1123862916
1135784324
1118308746
1153833358
1122412943
1163919758
1194228115
1135784339
1124149652
1141027222
1131219352
1177747866
1126816155
1142229407
1153573282
1134545315
1141027236
1163868580
1177747875
1145510311
1153573283
207264171
1131188655
203946416
1145360816
1194250677
1163919800
257665466
1155500477
257163718
1145360839
1163131348
1134516692
1134545366
1116160474
1120317916
877214173
1141510621
1089343970
878877157
1194258919
1138891241
1212357100
1194228206
216283633
571595252
847774213
1069990412
1194222096
1145360917
1212357141
1153573402
1338907171
689519145
1145360940
1135784496
1116160561
1158246964
269681208
1194222136
1123990074
1127082561
877214273
1117958728
1119291977
1158246985
583952971
1131248204
1145360972
1164311114
1119269464
1069990490
1135784540
25762396
267274848
1138917985
1131248226
850633315
1145361002
890450538
1134363246
1153761903
259287664
1153573494
333681274
1135594106
1123863164
293278334
890450565
1164368521
1125419661
877214353
1272064659
689621659
1122767516
1194214046
1132313254
1141027496
877214379
1143120561
886977204
1116160694
1119269558
688974518
638333626
256064195
207719108
689138376
1131133641
1130935001
25877217
1158247139
1162250982
429318889
1129612011
595651309
299498225
1108396793
1120611068
1194251006
583928576
1162251010
1134418692
1212355336
1146217227
21433104
1138256658
1106404124
1122466588
979888926
416835578
291117859
1176877862
1143120680
891095848
416047918
1122413358
257665840
333652782
1162251056
1163920179
886977331
1177793332
1194306355
1147233071
712039231
970918725
1135784774
1212355397
1176877894
1139993417
1116382026
1117958986
410207052
1176877901
1181156169
970918732
310164305
689316690
418038611
1163920209
287359825
1118307155
1177793370
1120090971
1118307173
1135784812
256066414
1116734325
1123990391
1151896442
1139430266
1162251132
203948925
244069246
1330469757
255740801
970754949
1146217351
1118849928
410207116
1122646924
333652882
1118307222
1119269783
1122413464
1162318744
1153405854
258147237
1143120808
1130935211
689138605
1120052142
1122599855
1118849971
434353077
1138256823
1177793467
333681603
1212357576
1153878992
1117959125
1134363606
1225386967
1131133918
1176878048
1135594468
1164405749
1139698680
1158247417
689622013
244069374
689462271
1153571837
583928834
1123904517
689622026
1142230027
256326671
980003856
851010576
689138710
1116386330
1145361438
1122303007
890450976
302742563
1158247460
1131000867
1135629350
495541290
1135629355
1127052333
484619311
1177793584
1127767089
1116697650
69479479
233245752
69479481
1194314809
1131000897
689138754
1155499075
1131000899
1132307525
1183593541
1132307526
205016136
1194314827
1116386381
1213123662
1122344015
1138256975
403160152
1226030169
1151974490
256066654
1140898910
256971872
890451044
430435429
26242153
69381226
470938730
1153406062
1153571952
1122600051
890451061
1141392508
1116386430
1128832132
1134363783
1122413705
1139936394
1183593611
688942224
469812373
1122413718
256330903
1122600088
26242205
1137454243
1141392549
469812395
1138244780
1164405931
1122413743
333653167
1126763696
1131248820
1137454262
1301636279
1121125560
1302844610
1127052485
69469382
1127767238
1140925640
1128787145
1153406155
890451150
1118850255
1128832209
1139936466
1124109528
1116386522
1302844637
1164311777
890451170
1126763751
409742568
1164405995
1337971949
1164309742
588502255
1122600178
1139936515
1131095299
1145527558
688942345
1122430217
30043403
240938249
207719704
291128601
847074587
1155499292
1212710171
1116247326
1118889247
293274912
1148781857
1135498530
247039265
29941028
679347494
1139901735
689390888
269276459
1152804140
1135498542
420353327
1137454393
946187581
429675838
1141026111
1124042048
890451263
1194231105
1121125697
256582988
1120042317
1152804176
1194206549
1145527637
291120482
1120507236
420353382
1170429288
1153760616
1122413937
1090129267
1127818611
416032117
291108217
1119241598
419691905
1239143813
247041414
1138830726
1140059529
890451338
1138830734
1123890576
1123890577
355022224
207277459
1170408859
1122600348
291108252
291120546
583894435
679347622
1152804265
689317290
1186469292
689587632
887299505
1124052400
1153760696
277835193
1197335997
1122600382
545580488
1131095498
1120507338
1153572301
287346127
689317328
1206842836
1119241684
1139936727
675640800
1118889440
1139545574
1135422951
1302851048
675640806
287399402
1122600427
1134654958
418080241
1153406450
287397367
1216804345
1130878458
387792381
1116184068
1131001350
1122467336
1194319370
1122600459
1140186635
1117959697
888677907
254940692
1158247958
1139545623
1158333979
1139545629
1118309917
256347689
1206842922
1152032299
1158333999
851033647
687967801
1141440058
1120362041
205020733
247051838
1135498818
1206842951
256347720
1139936841
1302785611
689520208
1152804436
27590230
1151897178
1177083486
1137567327
676822625
1130933859
1315202665
82779762
417152629
1127818879
333653635
1137561226
1151975055
1153572495
1131437713
1141524113
1142230675
1144882837
207718038
1144882842
1301503642
1135453851
277833384
1141509802
1206843051
1120179892
1135453888
1206843072
476417730
688975555
259284681
430212810
1301489359
1143119568
1177083601
1141509844
1131044574
1119200990
1140926177
489766628
1145528052
1158248181
412251897
476417788
277833478
1144882950
1134677768
1212694280
1134677770
1141509900
1145528077
416835343
1116215055
1120507666
376805141
1117990684
1135453981
1134399270
1122555688
245937960
593854253
1250613040
1124179774
1131095871
1153861438
970800963
100280136
1162372943
1141440336
1145528149
1153832792
688942937
1151897432
419661659
1121134434
1116376930
1135454051
877213541
1116180326
287369060
299450216
409751403
1131044717
886716269
416835443
590806900
1143119733
333651834
1182482303
1131044736
207720319
1116712837
1119833990
1131044742
419706763
970801036
1141510029
207265677
1071890320
1116331921
1121134481
1138939802
1162319775
233056164
989695910
1116215209
1120026539
1153832878
1122316206
1121134512
1138939833
277835705
256065472
1135566792
1301579725
1141440465
1141067731
1122316248
989206498
1145507810
299618276
1131218916
333682662
848517092
1153861605
291110889
1127780330
470353899
1116196844
216274925
1155500018
1120180212
1135566838
1145507833
1140076538
580907005
1131096063
tourism=camp_site
746
1131044869
1141510152
1140076554
1138290700
1140187156
1137561621
1135454230
776542232
1153572893
1120026653
416018466
1122269219
1135788066
69431333
1176965158
1141510183
1116377128
1144815657
1143119922
1116713011
1131188278
1141440572
416018502
245930054
257290321
1128888405
878876758
1134544986
417024091
982880349
1153886305
1134544995
593889382
1272121446
1137561704
256065641
1131219050
626051180
1124149356
1116301423
1153861744
1123989619
1116196983
1123989631
1295104130
255737986
878876805
1153886343
233085067
1129605260
419649680
1116354704
256581778
1131575443
259276948
1153833104
259100826
257294490
1142229148
877213851
886552734
1295104161
1137561765
207720615
1135567016
688976042
1153833130
69427379
1120030904
1194281146
625983686
1153861830
1116713158
1189392588
1131045071
245930192
418519248
419707090
1120047315
1120123094
1116301532
1131247838
1131188448
1131247846
1158334696
1153861866
1128851690
1141068012
1145516271
1138290930
1120180469
1141027064
1131094272
889528576
1118308610
1163919621
1164312840
1158334730
1142229260
1141979404
1131094288
1120180505
1141510425
430262555
1145508128
1118902561
1163131170
1122343203
1130934563
1131575585
1118308647
1162250535
1301526823
1194240295
1141027111
1122412845
1134545199
1135784241
237938995
1131575604
409749813
1120180533
1120031029
1131575613
1139523911
1194258763
1126816080
1128851793
1134383443
540137811
1135593813
1134383444
1120031069
203972957
1140017503
1258387808
986724705
1194240354
1119291747
247040354
1137463654
256584047
1143120242
1131188596
1164308858
1194258812
980003196
1139523967
1158246783
1134363008
1127082369
1131248008
1194240394
1118308747
1158334864
1138917786
1134363035
1145510302
1122705830
1123862954
1117958571
1131219376
658919859
403157433
32268730
258156993
1194250692
1119291852
403157453
1130934744
1114913241
889475546
1131188702
1122703840
1120020964
986730986
1135784434
1116389875
382403059
486207990
1116389879
69306872
1120180730
1194250747
1118308858
1139524092
256053760
1163919883
1142409740
1177747983
1120180753
877214225
205003286
1135594007
268440089
1134363164
1138891293
287363613
268440095
890389030
25414183
1125419560
673989161
850633255
1114913323
1071821356
376797738
1129611827
1127082549
1153761850
25414205
1142229566
1213082177
1163919943
1194222152
1164368457
1122646600
1228055115
1131094603
1162250824
890450511
1130934866
976157267
387480146
1134418515
1123990102
688009818
672404061
850633311
1131094624
25764448
890450531
850633317
1164368487
25414247
25414249
877214313
1155500649
1119269482
890389101
1141027438
1122646632
1134647930
1164368510
1116734082
1151896198
1122343560
1145361034
1153761931
1194214029
1119820430
1127082641
1131463322
1190099611
259285660
259285661
27490974
1139053212
259285664
1213563554
418042532
1158335146
1135594155
1153571501
886977202
877214386
291136178
1153761977
1129611965
1190099647
1194222276
1186304709
1134418630
268944071
1071821511
1302807239
1117958858
1155500747
1119292110
1127082702
484248272
1158333139
890389206
382399191
1158247130
268944092
1117958877
1119820519
1123863277
1145508590
1134418670
1125419761
1138897653
416047864
333683455
295594778
1131133724
291654428
382405406
1194222367
1118849824
1116381991
21433130
1151974188
1116734254
595651374
1132313392
591287089
1142229808
207270708
890450741
890450745
291117885
207270719
1134363457
1151896389
890450761
430203723
1158247244
1138256723
256494434
689621861
890450795
417037169
1135594354
409744243
1131094899
1122599799
486151033
1158247295
877214594
1130935172
1143120775
1139901321
1135612810
1126783884
353811341
256582544
1181156241
486151066
1164405658
1153762205
1122466722
256326569
890450860
1164307388
1131094973
1153878978
69354442
1128831946
1153762258
659712980
1135834072
1164311518
256496611
688022501
1301617637
1116386287
689462255
1120439284
470608885
689622011
1106603005
1151976446
1158247423
1116386304
1122343935
1120052227
1120439300
1116697611
353811471
689138704
256582675
1164405781
1106336793
1122550814
1158247456
1122413601
1074226208
1194314788
1148781608
784559145
469847082
1148781609
1116247085
1132307503
1194314799
1141392433
689138739
1132307508
416085046
1194314808
416085049
247041080
1140898877
236082238
890451005
1117959238
1158333512
1127126092
1141392463
1164405840
430423123
1116386388
1141025876
1145361494
1153760349
1117959262
1180869728
69381220
1116697701
1069948010
666340459
1138859120
431907954
688942197
583928954
890451071
1148781698
1074226309
1135785094
1138859145
1158247565
1153406094
1141392531
689462421
1145361559
1138244765
1145361568
1148781730
1116247208
1148781740
635387056
1069948083
1128787124
27092149
1126763701
1153760438
1120507063
846920890
1131248832
1121125571
469812420
890451144
1164405963
1164309708
851336396
1145361618
1120439512
689462491
1120439520
1153572065
1069948133
1139549416
1123843306
1074226411
1127052522
1164406001
205014258
648205557
1135498487
1131095287
1135498492
1135498496
877214978
689622274
1120042246
82779398
1106402572
1120439569
1153762583
689622295
1131001114
247039260
1130878237
1148781853
1215178013
247039267
1158247715
1152804138
256073003
890451244
1124042029
207283500
1151974708
689519925
1140925754
1118850365
1135498557
1124109631
1120439623
1176927567
1135422801
890451284
1127052628
1164406102
1152032091
1177083229
1176927583
1122600290
1120439654
25285991
1177083260
1122600319
1124042112
382414212
1131044229
287425926
1153760647
1138830726
333682057
25085323
1140925838
1117959567
890451344
1158247830
1138830744
1118889369
291108252
257293724
1138830752
1140080034
25286053
1215178150
1120507304
689137067
1206842797
1135422896
1140059574
256335290
1106337210
1127818685
203955649
1124052418
1135422917
1158247881
25286094
1186469329
1194270162
1151974866
287346132
1131044308
1117031894
1131001302
1134654934
1134654935
1118309848
687953371
1158333921
1134654954
27180525
1141439982
530679292
1162319357
1118889474
1106402819
1117031948
1127818766
1118889487
1333597710
1087174161
1118850574
1123890708
888677913
1139545626
205413918
1134376480
888677923
1118309924
676519460
1116184102
1116184104
1151897131
1120476716
443010610
1284359730
1118850620
1140926014
1120507456
1295097411
256347720
1152804425
1134501451
333653587
1135498837
443010645
100277846
82779734
256497244
1118015068
1118850661
355024490
484691562
1117042284
1158334061
27180654
1144882798
256495216
277831283
1134376568
1117032060
1134501505
1117990530
1155499650
1206843013
1131044486
1194329739
1206787728
583902865
403148437
979961495
1194329752
254940831
1142230687
333682337
877213346
1139936935
888678056
688975529
1138249385
1130933930
1127767722
1141440173
1131095726
411915952
1116300977
333682358
434153144
1119200952
416077498
1116391099
1141440194
1127818952
1141026505
777043656
1120386768
688975569
1206843090
1145528019
1118015189
277835478
1162249945
1116391133
1130897119
1148841695
1116391137
245937891
1141067494
416818921
1206843114
1151975147
1137561324
1148841714
277833463
1153761022
1181245185
1141509898
1140926233
689477402
269276957
1134677793
1140926242
1153406755
1144882980
1141067555
412251942
689477417
1134677802
1141440299
295597875
416077623
1144883005
598196032
333651777
257664842
1180403534
1206843215
1118850901
1176964951
1153832792
331630426
1120507742
583941990
1116376934
570054504
1141440363
1116712813
1120507763
1153761144
1131218811
1182482303
1116354432
431896451
1153861508
1116301195
1123989388
257664911
659959702
1176965018
1153572764
1116215197
1176965021
1124179873
877213602
1116180388
1131044774
1164349352
1120534443
1194293166
1153861551
1120026544
1137561521
1194293172
1158334388
886716344
1120026560
1116301253
1135454150
1164349382
888678342
1116377030
1144883142
688975819
1177804744
1134399439
1177804752
416835537
888678359
1140187101
1120026589
1116354526
416018400
1123989473
256065506
1158285282
416018404
1206788068
1135566824
1158248425
416835562
1140187118
1141510129
1131438071
255741944
1124149243
1141090301
tourism=museum
746
293277697
1124149250
1137561602
1122263044
1141067782
687935494
1131096072
1155500040
1120026634
1106335754
416835596
291129359
277835791
256067602
1137561620
1135454229
1140017174
1116301336
1134399513
1145528347
443009056
888678436
416018470
1141510183
1131218985
69431343
1116196914
239753268
27093046
1131188279
381102136
1127780411
1128755264
416014408
778098760
25831496
416018507
1142229068
1140076620
484696146
888678489
443009115
1141067870
419706975
443009121
1142229091
430420068
1176965227
416014444
1153886319
1131044976
1155500145
1176965117
1155500157
1142229125
1134678150
1142229128
443011210
100278411
1153886348
100280461
1120180362
754131089
1122689178
1106403482
1106335905
1131438246
1135818918
1164310694
1128888489
1284227240
1122689195
1145508011
1128888493
1138290862
129982639
1116301484
591298737
1122689205
887097525
1153886396
1127123133
877213886
1139052734
1151975615
419707074
33364163
419707078
1158334666
1131188427
25876684
1145508042
416014543
878876880
659577042
259111128
1135593688
1158285530
1153861857
877213924
1116354789
1139398892
1139523827
344484087
1138964728
1140017404
221298940
1145516288
1135567109
1128851721
417001739
1138290957
1120059662
1135819025
389929235
1131575577
625983771
389929243
716876061
1162250528
1120180514
877213987
259098916
1139052836
1134545190
1122412838
1145508134
1135567140
258165035
1158334764
878876971
1139052846
1134545202
256975156
1134545204
877214007
1139523896
1128851778
1153833284
258132293
1153833290
1163131213
1106336078
1135784270
244070736
1139052887
1120059736
476932445
29942111
1120059747
1134545255
1131219310
1120180592
1153571197
1134516611
256330116
256584067
1131575686
416014730
544485779
878877081
1177747870
1135593887
1114913186
262949283
1145360805
1118308775
1142229419
246763953
1158246839
1120020920
986724794
420358600
886716879
1119820241
986730963
877214165
1117958629
1163919846
1194228197
1122413032
1141510638
376797681
1116389884
1069990399
255738367
582525443
1163868679
267799052
207563277
268440085
1194250775
1145360926
38994463
1153571360
1117958690
258155043
470485564
1139053118
1145360959
277836352
1131094596
689138245
1134363205
25414215
1135833675
1194222157
850633294
889475663
1131133517
1145360980
207606358
218034779
1141067769
1131463262
1131463267
484731493
256332391
1139053165
484731503
1164368496
1131133554
1129611890
1231706748
33084032
1117958786
1127082626
1129611911
1135784591
1106336402
675316370
1116365469
33084061
1155500702
418042528
257292960
1131133602
1124149927
33084072
33084073
1106602669
1116365485
204999345
291136178
27105971
287345329
989207222
1142229689
25877177
296225467
1116365513
1134418634
256494281
1131248332
1153573582
1116160722
1151976164
1194222310
1176877803
1139479279
333652720
595651315
886977270
287349496
299498234
256334589
1131094781
256330495
1131133696
256494341
424264458
1022587664
21433104
1071821586
21433107
256490260
1138299674
418038558
247124769
424264484
416047909
417037095
1176877870
1302891311
470477616
1116381998
1158247221
418038584
258161464
418038587
1181156156
712039231
1117958977
890450754
1153573699
1119292229
1118307142
1330469703
1153762118
416047945
1116382026
430244678
877214545
310164305
1131094869
979888986
1118307165
1131094880
1153573729
1125419874
430244708
1194259307
970754933
1142229880
890450809
1131133818
1126783870
1162318724
254811013
1122413450
1126783884
207721357
1122302861
1176877964
1117959055
1131094929
291117973
1122466717
1130935200
1122302887
1116246953
540138409
1153878960
1153571760
1162251184
1153878966
1141025718
424256450
850719689
256332746
256330703
1126783952
490185690
850719707
1141025756
1162251234
1118888931
1131095019
1126783980
1158333427
1135834104
1131095033
1120041977
1142230016
1122550786
1140052996
689462281
877214731
1183591436
1194314768
1122302993
890450976
1177793571
1134363684
1131095075
1148781611
469847084
986692653
1135498294
1139936311
1119269944
1134363707
1141027904
1123904577
291124298
1140053067
1119269965
409752654
1151896653
430423123
430244951
1229010008
1126763609
1116386401
1135498338
1138924641
1116386408
1105122409
69381224
1131000940
689136749
796572789
1197354103
716876922
1194314878
1116697739
1153571981
1127052430
1137454223
1131248786
259286171
1132307615
583928993
310162594
886045862
469812391
1151976617
1118889130
224955563
1138244780
469812398
1128832174
1135785134
333681838
583929013
1151974591
291124417
1106404548
1069948104
1302844618
1153762507
1117959374
1126763727
890451152
1124007121
1118889172
1106402517
1126763733
759469271
1116386520
1106603226
1301636314
417178853
470478056
1158247657
1153760491
1128787181
1122430194
1141392629
1120507125
256978165
648205557
1215177983
588502271
1140925699
1121125636
1155499269
416009477
588502276
416009481
890451211
333681932
30043412
1118889237
988611860
1141439770
1127767323
877215014
1121125671
1155499304
847277353
976157994
420353321
1134683436
1162319148
1128832295
1302863149
1131095344
1153572146
207283506
1139979577
1194270015
1131095363
420353348
1302814021
256329033
1215178057
1131095372
420353357
1153760596
1124042069
1140925785
588502361
1135422812
1130878304
333682016
1128832358
1106335081
954819946
1152804204
420353393
688975218
1153760629
420353398
1166663033
1170408826
257293694
1118889345
1135422853
1124052362
291108237
1131437454
1118889359
277835152
1158247826
25286042
1122413979
21433754
1152804253
1152804255
1127767456
1122413985
205329824
205329828
1127099813
1138830759
1131044271
1139936687
494407093
1137454518
417152437
1135453626
417152442
204991931
505812411
1119241670
1135498697
416009679
1137454544
1140080081
1134654931
1135498712
355010011
1141439964
1135422941
1124052446
1118889438
333682144
101060066
849626595
1135422952
82779632
1123890673
1134654962
417152504
1119241725
889503230
1131001342
287397379
1127818756
1142230535
1106603530
887299594
1333597710
247123470
1140059664
247178769
82779668
1215938072
1262018073
888677915
1158247969
1162372643
1087174181
1120476711
1142230569
1137454634
779159084
1155499566
1131095599
207273528
1143119417
1295097402
417152571
1139936826
1122414142
583941696
1164406342
583902793
583941707
1141509707
1120476757
443010649
1120507483
1145527903
427679329
255737442
1153406565
1162319462
254940776
1152804457
412782189
1119200878
258152050
887299699
379573880
626028154
1164308093
247123586
355024519
1120362122
1118850701
1142230672
1301503638
247123607
1301503649
1141067426
1141509795
1141524131
1116391079
1141509800
1206843049
27590313
411915947
1206843058
69316277
1116300984
1141440186
1162249914
1155499711
255741637
1194329800
1119200970
1120386765
1145528018
1118015191
257162969
1127110362
1116215006
1140926174
287368929
1144882917
247039722
247039723
1240465132
1120386797
1141509871
1116301040
1127702261
1144882934
1116180221
1119201021
1141067522
416818960
1206787859
196173588
333680403
689520408
1141509914
689463066
256495390
1143119647
1312317217
1140076325
1141509928
1140926249
1153572651
1301579564
1158248236
1206787888
610537265
689391413
1120507705
1134399292
1206843197
1124179772
1206787903
416077635
1194327876
1153406789
688975688
1120180040
1116331852
1158248270
598196048
256497489
1116354387
1158248276
986689366
1206787930
1116180315
1151975265
1137561441
1141440358
1144883047
1137561452
419661677
1119833966
885825392
293283697
244070260
1141067638
247037818
257664893
416835457
1104467845
1153832837
1123989388
955076494
82780046
1148841873
1119217554
1141067670
1153761185
443013027
333651876
1116376997
1131044775
1131095977
333680562
1116331955
1116331958
1134399414
877213624
1151975351
688943034
1158248377
1141067710
1116377024
256583618
1140187082
954777548
1120026573
1144883150
1116377040
1141440464
1131757522
1145507794
1131096020
1141440469
299618264
1141067745
476336098
1153832930
216274923
1131188206
687935471
1121134576
688975856
1141510131
888678387
1137561589
239650806
207718393
1116332029
293277694
tourism=*
746
1153572866
1153861635
416018436
877213701
293277706
257665037
1130897422
1153832978
1145528341
1120180246
1153832983
1140076575
1138290720
333682721
69431330
733181988
1138290724
291133479
776542250
1139392555
1145528364
1140138028
1119834160
1177804852
1140076597
1141510201
582524986
1164312638
1131044927
1141440576
1122277442
257290309
1164308554
277835851
1131575373
1116354641
1135454290
878876755
1106403417
1122269280
1158285409
1153833059
25831526
593889382
1153886312
416014445
1158285423
1134545007
1131188337
1114912885
1153886327
886716536
25876602
1131096188
1131096190
877213823
416014470
1134545031
1122689158
247124111
1140138128
1302888593
1141510294
291133595
291133599
1116354721
1131045036
256067757
1153833134
256135347
1158334644
257059000
257059002
1153886400
1141440706
1158334659
877213893
1153861841
1128851670
1194240215
1116301529
889528539
1116301534
985948387
1153886436
1131045103
333652208
1135784178
355025143
1155500281
277831931
1294637308
247113983
1145508098
1131219207
1206788365
1141440786
287383826
1153833236
1162250514
1141027094
1114913051
207251741
430262560
1194338595
256495907
1116332324
1155500326
1135593768
1155500335
256975156
1141027136
1134383425
333652290
258132290
1131575619
1131575622
1153573190
1120031049
1123989835
1137463629
1130897744
203972946
1131575636
1153571158
333652315
1125419356
1135784286
1128755551
1128755553
1116301676
1131575663
1194281329
1131188604
624273792
256584069
1194240392
1153833364
1124149655
1139523993
1158334876
1139052957
1155500448
1069990305
262949280
1338907045
419686832
21270965
32268726
1135593911
259287484
1122413005
1194222032
256596435
1118308825
333652442
1139053019
1124092382
287363550
1134545388
1131188718
877214195
256496117
1130934773
69306873
486207996
256582141
256582142
417001980
382403072
1177747974
1114913287
268440074
1135784472
1141510682
1338907175
688020007
1122413099
886977068
1069990450
310161975
1125419581
1071821374
333681213
1213082182
1162250833
429333075
1145360979
689138261
890450518
277836376
1119820376
1131133530
1123990112
890389089
1138174562
207606374
259287663
689138289
1123863164
1190099582
1125419649
1151896197
890450566
1139053191
268440201
1116160652
1119820429
1142229646
21424786
1123990166
1117958807
877214362
1122343579
1119269536
1162250916
247114406
1158333100
1126816429
970918573
1153571503
1131133616
1130904245
1131133622
1190099639
291117756
424264401
1147232978
1130935001
1194222299
247114459
1123990238
1302807262
625670883
247114467
1164307176
675932907
1153573621
1130935032
1122413306
207571707
416047868
1194251004
1158335229
25877247
207721217
1132313348
1151896325
1142229767
1158247175
1131133705
1131094794
1116734217
247036680
1141027602
1164368658
1176877844
882576163
205003556
1122646827
489753388
257295149
1272124207
890450736
1330469679
1118307124
418038587
1130935101
1106336573
1118307136
1131248456
890450770
257665878
1142229852
1158247263
688941921
1131248482
1181156194
1139993442
1135833957
1132313447
776385386
1131133802
333652849
1120091001
1212357500
1131094916
244069255
1134418825
1153762189
1106402191
1120091025
1126783891
33094548
1153878936
1142229913
1074226076
309822365
850719645
258147232
1141027747
1139993507
1162318757
1194337188
1117959086
1176878000
1151976368
1120052151
291118012
688022464
1176878017
247110592
430226374
430226376
1122413525
1153878999
417037273
595221469
890450911
689316834
431907812
688022501
1194337256
416084971
1194337259
1138924525
361001968
1135784944
247114738
1142230003
257162227
1117959162
1164405759
1130935296
1142230016
431907842
82779135
1131133952
1122302981
890450956
1118888976
256334865
689462300
698719264
877214756
1145361446
1122599981
205110328
1131134009
333653049
877214780
1155499069
676820030
1158247486
291124291
1132307524
1145361477
1117959238
1120439370
431907918
1145361488
954068050
430423122
1132307539
262949975
1194259545
1117959257
256971868
1122303070
1213123679
1131095138
1105122404
1122413674
1194314859
277830763
1128832107
666340459
430423146
796572778
1153406067
333681781
796572791
431907972
1132307589
1131248773
1120439432
1122466953
1126763662
316765326
1302844560
1144618130
1135498393
259286171
1152803995
1117959326
1066257567
27092127
1151976613
1137454249
1125420202
291124399
1116247217
1164405939
333653175
1151974584
1183593656
689519805
1120507069
689622207
1142230212
1155499205
1164405957
1128799432
1069948104
886977738
1158247624
1158247625
1135785167
1151974608
890451151
851336399
1153762515
1117959380
1141392596
1126763729
1158333653
1122600154
1124007131
1137454304
1135785190
689622261
588502271
588502272
886977798
1162319113
1069948170
689622283
268399882
689462542
291128593
1142230291
291128599
1117959448
256582937
877215001
1158333725
1128787230
207719713
291128610
1137454373
24960293
256073002
24960298
29941037
1152804143
25285936
256073009
1177083186
416009525
429311288
1155499322
1302814011
890451262
33078591
1135498558
333653313
1121125697
1151896900
1155499334
1120439623
966120777
1212628298
298872138
1137454411
30043467
291128654
1127099728
1124052305
420353362
1134683475
976190807
333682009
1151976794
1118850394
1130935642
1120439643
1141439839
1131095391
689462628
689519974
1152804199
1151974761
207252845
890451310
1213529453
1131044205
1141439859
1215178101
82779512
1135422840
1194270075
1120507259
1122430333
1117959550
1153572223
257293696
1135498630
1170429319
1131044232
1151974796
1123890573
287425934
25286032
207564178
1139901847
1153406361
333682074
1135422874
1117959581
1151976865
1137454502
1215178150
258157996
1194319277
1152804270
207562164
1118014900
689587638
333682112
583312832
1137454538
1127099852
419691983
1124052438
687953371
759760347
355010016
1158247905
1118309858
1194319333
1141026278
1134376423
1164406250
1087174122
1106335212
545580525
1137454574
1137567216
259284465
976190964
1153406453
205008374
417152504
1158247931
1106335230
1135498756
1158247943
1134501388
1139901965
256497166
257058318
849626640
1135498771
889503252
434363925
1122414103
418080280
1176927769
1127767581
1123890721
1158333987
1162372645
82779685
1302785576
779159084
1142230573
333682225
1122508338
1153760818
1206842933
1118850617
689137209
1152032317
1295097406
1120071232
1177083461
1206842950
82779728
434366035
27590228
1116180056
1164310104
676822619
277835356
1116180061
1141440093
333653597
1155499611
1141440097
1153572450
888677990
476417639
888677999
1158334063
277831283
1124179578
1152032379
1152804478
888678015
1152804480
1139936899
27590275
1158248069
427679364
979961480
470478472
1164312201
1118015120
376030867
256491172
1140926124
256497325
333682350
1141509818
245937851
1124179645
287354558
1131044552
1240465100
315258572
247123662
1301489361
1301489362
1116354259
1141509846
310165208
1194329819
1158248155
1162372835
1106335460
416835302
1141067495
1134677738
1124179697
887299827
416077556
412251895
1130897145
1153761018
1158248188
1206843132
1139431166
419649279
205016833
1122752257
1301495554
1153861382
1140926214
1124179719
658618120
1194327817
333651726
970800913
416835345
1153572627
1155499793
1116215061
877213462
1124179736
416077593
269276954
256673564
269276957
1145507612
1140076325
1124179750
1145528107
1153572651
1134677808
1143119669
689463093
1194209079
689463103
1116376899
598196037
1141509958
1206843206
1144883015
1140076363
1169094477
431896403
1116354388
1119833944
1117990746
1071890272
205326176
689477474
1162372978
207570807
1124179836
419706750
207720321
886716291
1120026501
1153832840
1140187025
1121134484
1109327769
1141510050
69318563
1162250148
1138939814
1182482343
1120026535
1153861545
1130934182
1137561515
1158248360
1104467890
1141510067
1141067703
1131095992
1131095998
1158285246
416835522
1153832899
1131044804
409743301
590806982
1124149187
293277640
1116331980
382410701
333651926
1194293208
1116331996
1116354528
1158248417
1144883178
980010988
1106405357
1162373112
291110906
1121134587
1140187133
416835583