8
amenity=school
746
1131218947
1153832964
291133446
1169094665
1131575312
1131218966
1116301340
1141440540
1177804832
1116301346
1131575331
1131044898
1134399524
1135788070
989206573
1116215342
1140076594
1138290739
1138290742
1141067832
1141440572
1134678078
1141510207
1123989572
1140076623
416018520
1116354651
1164308575
1162319968
1131575394
1130897506
1137561702
1116215399
1158334568
1141510139
1176965227
1151977582
416014447
877213806
419706991
1274615919
269275251
1138290800
205324405
1284227186
1130934394
1131096188
333680765
1139052669
269275260
255742080
1131094145
1116354691
1106346116
1142229124
1134678150
1131219079
1129605260
887097490
878876818
257665173
888678556
1116332192
1141026979
419707046
1116301482
1131219115
1212354730
1116354733
1206788270
1155500207
207720623
1153886383
1141026991
207720628
1153886392
258164923
1138964674
1135818947
1131045061
418519237
1141979333
1131219144
1158334665
889528518
1131219147
1120030928
1088925905
25876690
1116301528
1141027033
1120030941
69478628
1138964709
1142229229
1141979376
25876720
1155500279
888678647
1128851705
1135833340
1120030981
888678664
1127123209
1120047370
878876940
1131094285
1153833231
1153571088
1128851729
417001748
878876953
470354201
1123862814
311425311
1118308641
625983778
1131219235
1131247910
1206788396
257665333
980003129
1125419322
720689469
1153833281
847110467
1120031043
1117958469
1151975748
376811849
1141440845
470344020
1172904281
1153573210
333652315
256332129
1126752610
1145508194
1120059748
1145360740
878877030
1155500393
1114913136
1131575673
1135833469
333652353
1114913154
430207364
986724750
1120031122
1153833366
1194228118
1177747865
886716833
1131248036
1197332902
1123862954
1106336173
1114913202
1141510581
1134363063
1140017594
254812607
1139524039
1212357064
207614410
1126816203
25762254
1177747918
1155500496
1114913235
1139524052
1177747928
293274075
1089343967
484403682
1120020964
255738346
673989103
954061295
1212357104
302742016
1155500547
1145508359
1137463816
1164368394
1155373582
1119820302
1122413072
877214225
1153571349
268440086
1123990049
1155500581
890389031
877214247
1119820332
291465775
1131248180
1134363190
689138232
1122343486
25414206
1138174532
1131463237
1163919943
1131248206
1197308496
1127082585
1138891355
1190099548
1126816352
333652579
850633317
1313303141
1163131495
1194259049
25414250
976157293
1124092525
484731503
33360496
207260273
1194222194
976683641
688007812
1131463309
21424784
1122767505
1158247058
1272064661
986688150
1158333079
1163131544
1131094684
207719069
976157342
1213563553
1145508520
268944046
262369967
1138299568
262343348
291465909
431745717
1153573557
470485685
1190099638
1130904245
1158335165
1122767551
1138256584
689316560
1130904276
1131248345
890450652
1123990236
1117958879
877214434
1120180971
591287022
1139053294
333683442
1194222323
1302807286
1131133687
1164311289
1153573628
595651325
1123990271
333683461
1194222343
1106336519
595651338
287349520
313668375
890450727
979888938
1181156141
1139053368
1132313401
355001145
1116382011
1120090939
877214521
1151896380
1181156156
890450756
1138256714
1134363476
1118307160
418038621
1164313441
1119269732
1164309348
595010406
1117959015
1116734309
1151896425
1116246890
410207083
486151024
1164313459
1181156212
409744245
1145361272
890450811
1125419902
890450817
1135612801
1106602883
954989446
1143120775
1138256779
353811341
256070543
353811346
256582557
1153571743
291117987
1074226089
495522735
247114672
1117959089
1131133882
299498427
688022464
1131133891
1151976387
1291510726
1155498955
417037261
1158247373
689621976
1128885212
659712990
1158247393
361001954
353811433
1130935286
886977527
850719739
1162251260
207721470
333439998
1139993603
1194314755
1119269893
470608899
1151976455
1142230020
1153879049
960123913
1120041997
69311502
1194314767
1177793553
256582675
1130935319
1148781593
1194314779
82779164
698719262
1164311586
1153571877
1194314795
1106402347
1135498286
205110321
1140053047
69479479
1138256957
1126784063
1131248706
1151976516
355017802
1177793617
1131000921
1153571930
1120439387
25289819
689316961
1118889058
1122344035
716876899
1213123686
1118850152
1106336872
1131437164
1212671086
1164405873
1121125491
333653115
1132307584
1132307585
776385665
1153406080
1158247556
1302844550
1116697734
890451081
1153406089
1138257033
1106336908
1131248782
877214866
1069948055
1152031897
540159130
1302844571
26242205
1131095198
1153762464
1122430119
1140925613
1120507056
1155499185
1122466998
1116386491
1120507069
847277249
846920897
291124420
847877316
846920902
1116386505
1158247626
1164405964
1128832207
1128799440
1131437265
1302844630
291124440
1120439514
1137454302
1301476575
1122600158
1122600166
1141392616
431908075
890451181
1122413806
1131437295
1153760496
689622261
1142781174
1127767290
1158333698
1131001090
1120439554
583310600
847277321
689390862
591287569
256519446
1151896854
207719705
353811738
1137454365
1134683422
1124007202
1124042022
689622311
1152804141
844846382
1121125679
420353327
679347507
890451252
29941043
420353334
1123843388
1135498558
505810246
256582984
689390921
291128651
1152804171
1140925780
1122413912
1120439640
847277402
1128799578
1162319197
1135498592
1130878306
1152804195
1158247780
420377956
420353382
1127052650
1135422827
1120507244
1301519724
1145527662
1131044206
291108208
1158247791
25286002
419691894
1239143801
291108217
355022202
420353409
890451329
1124042113
1139901825
966120843
69404043
207277455
1127767441
69404050
976190867
1118889369
1120507290
1127767451
291108253
688975262
291108257
679347619
1140925862
277835175
376804774
1123890602
1164307883
257293739
1122600365
1118014894
419691951
291120557
689587634
689587636
759760312
1162319291
583312838
1135422919
33213894
1137567177
1127099850
1138859467
1215178192
1159493072
1155499479
583929304
1117042136
1135422938
877215195
1134654938
287399389
1135422947
1140925925
1117959656
1137454569
1155499498
1127718383
1206842864
1134654962
1146224114
1139901944
1127767546
1158247930
247041534
1194186243
1118309892
1159493129
1140059662
699549202
1117042195
887299605
849626645
849626649
1130878491
886425118
1143119390
1158247968
1134501409
256331295
1151976999
1118309928
1140925999
1131044400
1137454641
1141440054
1138216505
1118889534
1152032320
1158248003
1134376517
591287878
355020360
1137454665
287360586
1194192465
687967828
888677974
1135498839
1117990489
205008474
417152607
1127818850
701193829
1120362087
1117032041
1140926067
1116180089
1138249344
254811776
1213369986
1134501510
1137561225
1194327690
1118015113
1122508428
1120507530
1127818895
1139936921
886716058
1155499675
1134376602
1124179623
1158248109
1118015152
1126815741
69316277
1158334138
689622714
416077499
1120507581
1119217348
36431565
1134376657
218023634
1141509846
1138249433
245937881
1130897114
1137561306
1127702236
1194329822
333680351
1137561305
1301579489
1164312292
877213418
1116215021
207562480
887299827
1139431159
1141440250
1137561340
1212694270
1137561343
25765631
1206787841
1116391167
1116301059
1131044611
412251908
1301579526
888678148
1116301061
1144882946
1158248206
416835342
412251920
416835348
333651733
476417815
1140926233
256329501
1141440289
1127819044
1206843172
254940972
955100974
886716207
1137561390
877213486
983797552
1206787886
1134399285
494143286
1116354359
955100982
1144883006
1135454019
1124179781
1116376918
888678235
1124179805
1206787933
1119201120
1131095906
1148841827
985937764
1118850916
299450218
1116196714
888678253
1131044726
1137561463
1123989367
258156406
1121134457
69416833
207720321
1153861508
689477509
1138939786
1144883083
1124179853
690880398
1124179855
1117990797
207718288
1122316181
1153406873
1176965025
1141440417
1131044781
1169094574
1131437999
1144883122
419706804
470353848
1116377017
382410687
1141440449
1131044809
1074227150
1130934223
1120507856
1140076494
1120026580
688975829
299618264
1131044827
1134677980
703709154
1116354539
1116712943
1131188208
1135454201
1116377083
419706876
1141090301
building=school
746
244070402
1137561603
1116301316
1141067781
626014214
877213704
1141440521
1123989514
1116354571
1103263756
1120026637
1131575313
419706899
878876698
1116354596
1143119912
1153833001
1153833005
416018480
1116332080
1116196918
1131044918
417112120
1138290745
1151977530
877213757
203978819
970766409
1143119955
1131188309
382416985
1123989594
1140138076
256067677
1122269277
1130934367
1272121440
333652064
1140017248
1142229095
1116301417
277835882
1131096172
1116354668
1177804909
1153886316
878876784
1163130995
416014460
1130934396
1139052669
256583808
1155500161
1140138115
1106346116
1123862662
233085067
1145507982
1141026959
1141026961
100274323
1119217813
1122277531
1141979293
1116332191
1119842467
333652132
256673957
1141510310
1134545070
1153861812
1162250422
256581826
1138290885
257665225
256491725
1153886413
878876883
625983702
1153833174
1120030936
1123862742
889528541
1131188446
1114863840
416014561
1128851682
1153833185
980003050
1116301553
1122736370
25082100
1141510390
1162250487
1139523832
1145516281
1122736382
333680897
980003073
333680899
591298822
256067849
1130897674
1138290953
1135567118
1135819022
1134545170
1301598486
207257880
1135784216
470362397
1124149533
1118308639
333652256
417001759
258165027
1135819044
625983781
25082148
1141027108
886716713
25082154
980003116
1116301623
1131219256
1153573177
247040314
489789755
1140017473
1114863940
720689480
1194281290
877214027
887097676
1194240334
1135593815
583887191
1158334809
1120059735
1194240349
1128851807
980003171
1134516581
257665382
1163131241
1153833333
1142229367
1153571197
256596349
1141979520
1153833344
1130934658
1158334851
1128755588
1141979527
1153833352
1139523975
1163131276
986724750
659577235
1141510550
1131219360
1158334883
256674213
1194281381
1134545320
1142409643
207264171
1151975853
1158334893
946000314
1141027261
1116160447
1124092357
1194228175
1122703825
1338907090
580276691
1124092372
1163868627
1134545371
986730974
1120020959
736963042
1069990372
1194228207
293274099
986730996
255738357
1119820278
1119820279
1069990395
1118308861
1141510654
1118308866
287363589
986731014
1135593989
1118308872
1135784466
1155500565
1124149784
1162250776
247114266
1122646556
1131094561
1163919910
1139524135
1120180777
1131133485
1145360941
1069990448
1122646582
1141510710
1122646584
259277368
1135784506
1153573436
1141027391
1155500610
1127082563
1135594051
1122343491
27181639
298908236
1131094606
1139524176
1117958739
1134647893
1117958743
1155500632
890450520
1228055128
1231706714
1139053148
890450535
1164368490
1197308522
850633324
1135784561
1134647922
1231706745
49543805
247124608
268440194
1129611914
1294576270
21424783
33360527
1119820432
1119820435
1119292056
689621659
1141027493
626043560
1116365483
1135594155
262369967
1302807217
310164147
689138355
1212355255
890450621
1122466498
1134363330
1138299590
25764553
877214416
1138256595
287345364
1120180950
333652694
287349467
1147232988
1186304735
626002657
1119292130
1127088884
1030660854
296227574
418042632
1164309256
1117958922
333681421
1214610190
1120611097
416047899
382405405
890450722
1122413347
1135833892
1145361188
1153573672
979888938
1142229803
1134418734
595651375
689138482
626002744
1141027640
626002747
1158247228
1132313405
595651391
1146217280
1163920199
1138256714
1119292241
355001170
689316692
1153571669
1022587734
1164313441
1162318689
1134418790
598197097
1106336626
1153762175
1125419905
1130935175
203948936
540138377
1176877964
1116246927
1153762210
1131094949
1143120810
1141025711
688942004
1118307254
1153878984
1122413515
689316812
1120318415
890450901
1122302934
688022486
1194337240
1120052185
1135834072
25877474
1118888934
1120044007
1145361386
890450923
403164141
660470766
1122429936
1140052976
1119269874
1145361397
945456120
1153879037
1122466814
1138256894
1122466819
1122599946
1130935314
877214743
417137689
585206813
355017764
1124109348
1194337318
1212357670
886451238
469847084
1137454126
676813870
1134363696
1138859056
1134363699
1126784053
1128885306
1139993661
247125058
976157765
1128885321
1134363727
1153762383
1302881364
1131134037
247041110
1153762390
1122303064
25289817
291124313
890451032
1117959258
1131000921
205335647
1106336866
1158247526
1124064359
82779242
1128799352
1158333560
256582777
1194314877
688942207
256496771
1069948035
1121125507
247041158
431907972
1127767176
1118850192
287358097
1124109459
256582805
1158247574
1152803993
580811931
1132307618
1137454243
469812391
431908008
1132307629
1116247216
1126763701
1143121080
583929017
1124064442
1158333625
846920892
1120507073
1069948102
847877319
1124007114
1139901643
1106404556
1164405964
890451151
1120507088
1130935507
890451156
591287516
291124446
1127052515
1158333667
1135785188
689622250
1164309747
416009461
1128832248
1130878202
255016187
890451199
1139936515
1274234118
1131001095
1138859275
1301476623
890451215
256582936
1164406040
382420249
1212710171
1181650204
1124042009
25285925
256335141
847277349
1120507174
1350950188
1158247726
1162319153
1124007231
1128787266
1151974724
1127767364
890451270
689390921
1137585484
1120070989
1127052625
1155499362
1153572196
1120507239
1120439656
966120809
1120071018
1153406315
382414185
890451315
1141439864
1124042106
688975227
1155499388
1170408827
1131095423
1135498626
1152804228
416032133
1194319236
1119241619
420353428
1164406164
1194270103
1124214171
256492955
1122467230
1135498657
1140925860
1127716270
1140080046
25286064
887299509
1127716278
204998072
689520057
1118014906
689520061
287397311
416009664
203955649
877215171
1142230469
1118889413
1206842824
1120071112
1124052425
287346126
256329170
331630035
1169059283
1134654938
1074226653
205317599
1130878434
1140925927
1169059305
1134376425
1134654953
277835241
545580525
1120361963
887299567
1153406450
849626611
1151974904
1162319359
1152804352
1131001345
1176927746
287397379
1137454596
247123462
1122467336
484701704
1117959690
1122600459
257058318
849626651
1284359708
1137274401
1117959715
256347684
1120507429
1135498794
1139433003
443009020
1120386605
1141440046
889503279
1127767600
207273519
846906930
1139936818
888677938
236082745
1135498813
1141509694
1134376510
1158248000
256347713
1155499594
886715985
379573842
1117032021
1116712537
688942681
1145527902
488765023
100277856
1117032035
1144882788
255737446
1141440103
887299686
970792554
1177083499
255737452
687967855
207611509
1142230650
1158248060
1158248061
1135453829
25765510
1162372744
254811785
27590284
434149008
1120507537
1122508435
1116391064
1301503641
689587865
1118015131
256583325
1194329758
1120507551
986695326
1181245086
1142230690
417152669
262950566
1158248105
1206843049
1116391085
1155499695
411915954
1118015154
1127110324
1116391100
416077501
1124179648
1158248128
82779844
245937861
247123654
247178952
255741640
877213386
291102411
1141440203
1135453901
1119200984
1116301016
287368924
1117042397
1124179680
245937898
1194329835
610539244
1026404076
1144882926
207562479
1116712690
277833461
1116215030
310165239
333680375
1074226936
1119201020
1116180224
1153761024
259284746
1141026585
247037725
256063264
1165383457
1144882977
1158285090
1153572644
1134399274
1131044655
310163247
1181245232
983797555
1116301109
689477430
1153406774
1143119671
1116376891
1134399292
1153406785
1120507714
888678210
333682504
207720265
886716233
598196045
1131218765
1116376913
1206843218
1151977300
1116376923
1140076379
1106403165
299618142
1130897249
1116180326
417023846
1134677870
1153572722
1301481333
1141510010
277831550
1116331908
416835463
392304520
1131437962
1307324299
1194293132
1120534410
1116301217
382408613
1137561510
1155499946
1120534443
1123989421
1116331951
1116712884
1131438004
1120507834
1116354491
1121134533
1158248390
416835528
980010952
257664969
1145528268
443013071
1131757520
1128853457
688975825
1120026585
1116331996
434376669
1141067748
1153761253
1131044839
1153861607
1145528297
82780135
1116301290
1194293231
1116215281
1135454199
245929977
1116332026
419706876
1155500030
293277695
amenity=driving_school
746
29941760
1153832960
688975874
244070405
1153832969
1206788109
417112081
291129362
1135454226
333682708
419706905
1141067804
1135788062
1138290722
1131247652
1158285355
1116301356
69431341
1141510187
1120180271
1141067824
1141510192
878876715
1153833012
1116196923
778098747
1123989566
1155500095
256329794
1122269253
1144815685
1122689096
1141440586
333652046
1140138063
1120122960
1212354644
1131575384
1131188313
443009114
1131096157
1122689119
1134678112
1131219042
333680738
1116713061
416014438
256067688
25831529
1163130985
1141440620
1153833069
1116354670
256495727
1153886316
1142229104
730787954
443009142
1169160311
1138290814
1153761408
1122277505
1134678148
268439689
1141510284
1131094158
1151975568
1106335889
1143120018
256497820
1122263197
1153833121
1134545057
1141067940
1122277541
417001639
1135593641
1131219119
1131247792
1135593659
1158334652
980003005
1141440702
1153761476
426059975
1116332236
484460751
1172041936
1117958351
1135818966
1163131095
980003031
1120123094
1131045081
239651037
1139398879
878876901
889528551
245930218
1139398892
1126815981
1141068015
1162250488
1131219193
1162250493
1194240254
1138290945
1138290951
886716683
1117958414
1134545168
1215168787
1135454484
1128851732
1141027094
1134383383
877213975
382419225
1134545177
1131188501
1130934569
1123989802
1135784241
1194240307
256975157
687362362
1128851771
258132283
1118308669
1164308799
980003135
986724677
1131575623
1122343245
986724685
1139052883
434366812
1122412897
1134362979
1134516583
1118308713
1194240361
1194281335
1130934656
1135784322
1125419395
1163919748
256584072
333681033
1131575690
1194240405
688976280
256674207
262949280
544485791
315261348
1197332901
1134545320
1141510570
1131188655
1145508271
1119291829
1177747893
1135593913
1194228156
698735036
1177747900
420358594
1120020932
203946437
1118308807
986730953
1130934731
1151975883
203940303
1114913234
720689632
1163868641
1134363106
1117958626
1131248100
1131188707
985938406
1141027307
986731005
1141027326
954808833
1127082502
1118308877
470485517
1124092431
1194222095
417002001
1177747986
1069990421
382403094
1114913304
688020000
1194213924
1145360936
1142229548
1228055084
625988149
890389046
269681208
1194179130
1155500602
583952956
877214285
256070222
1158335055
287363662
1158333013
25414229
877214296
688009818
1134647901
1135784546
672404066
1120318056
1124092527
1164368502
1134647930
890389114
25762428
1131248252
688007815
1139524232
33360523
1124092557
1119820435
1130934935
1110776472
689138328
33084062
259285662
583928483
1141027493
1106404010
1122646698
1116734130
287345330
1153571530
1176877773
1129611981
1116734164
1164368599
1134418652
287369949
1071821535
30307044
1131133673
1130935018
1145361131
1164368629
1071821558
431745784
1162251000
256066299
1151896316
890450686
1123990271
1138256640
1022587649
1194222342
1139053319
1194259210
1116381965
247040786
1194222358
1138256665
1153571610
1151976223
689138463
595651360
1071821604
1134418726
1147233065
1071821613
1119269680
257665842
1138299698
1131094837
1212357431
1131133754
1132313403
1132313405
591287108
1118307149
1147233102
354018127
1119269712
1177793358
1194222418
689138511
1143120729
1116382043
430203740
1330469725
890450782
494437220
1138275186
1131094901
976157561
203948924
979889021
1135612799
1153571713
1106402178
1120091019
1122550668
418038667
1074226062
890450831
1106402191
338246543
1119269780
1122302872
430226329
1151896476
1183544220
353811359
1142229928
854084524
1116246957
1138256813
247114672
689138616
1142229945
1139993528
424256444
1125419967
1135784896
1155498946
1117959108
1135784901
1139901383
1155498952
1126783947
1122466766
1138256846
659712978
1106404306
690060244
1141027795
1122599899
1089344475
1141027805
1162251234
688022499
659712996
1139901410
659712998
1135594473
1116386284
1131133934
1122302960
689138682
1122466812
689519613
1143120898
689622023
1120052235
1183591436
877214734
689138703
1127052306
890450963
1120439316
689316891
1139993630
1158247456
1194259491
355017765
1194314793
1131133996
1122599980
1142230063
1118889008
239729717
1130935352
1177793595
1151896636
247125054
1122343999
890451008
1194314818
1132307524
1177793605
1151976516
1140053064
1141392460
1145361487
409754705
256334934
1155499096
1139993688
1151896666
1126763612
1120439398
1194314860
1117959277
1302844527
1137454191
69381233
1126763634
1164405884
256496767
1183593599
1122344065
1138859141
1302844551
430431367
1140053133
1139936399
1131000975
259286166
1140053143
1302844568
1103350942
890451102
583928996
1026403494
595221678
1116247215
1140925624
1120439482
890451132
1069948093
310162627
431908035
1121125574
847877318
689622216
1140925640
1126763718
1123843284
1152031959
648205533
207275231
1135498464
1128832231
1141026027
1120042221
333681903
1158247664
255016177
1120439546
1155499258
1153406205
1118850303
1121125633
1137454338
1120042242
488783114
1212710155
976157962
256582925
1151974670
1106337037
207719701
333681942
355022103
470478103
1131001111
1120439577
1162319132
255737117
1124007199
1131095330
333681955
25285936
886424884
1164406069
1135422776
946187579
1106402623
1124007231
416032067
256582981
333681991
1120070983
505812296
1130878288
976190801
1140925780
476417365
1128832346
1158247777
1032484196
1137454437
1127052645
416032103
1074226536
504671593
1153406309
1120507241
1135498609
291108212
419691892
890451320
1124214137
1166663035
419691905
1194190209
1128832388
1139901829
1151974790
1139901831
1135422856
1152032138
887299474
1127052691
1135422867
1119241622
207617430
1164406173
886424998
291108271
759760304
1215178163
207562164
689520053
1215178166
1122467255
1122600376
1134501305
1143119287
1158247868
1164309954
1153760709
1141439942
1140080069
1127052748
287346125
1122414029
433042897
1194319313
454653397
355024345
888677849
976190942
1158247907
1135453668
1130878437
1152032231
1118014954
591287793
415802866
1127818739
1120071159
1215178233
1143119359
1117959679
1206842885
1140186635
1116184081
355024401
1140059665
1117959700
1141440023
1119241752
849626649
1131044378
888677917
1139545630
582778399
1143119389
1284359715
1118309928
1135498794
1153760818
851033650
1158247988
333653570
1177083458
1119241798
1141509704
1153406537
256347723
1118015052
1152804428
287360591
1155499606
1152032343
379573846
1120507486
1141067361
687967846
888677993
687967850
310165105
1118850681
256491137
1206843010
333682311
277835400
82779786
888678028
1140926093
689587854
1118015118
979961490
1074226843
1137561246
1120507556
333653670
1151897255
1116391080
1206843052
1126815741
69316275
1116300982
1144882872
1158334138
689587902
256491198
402593471
1140926143
1120507587
1074226886
1164308168
315258571
416835282
1141440211
333682391
689463004
287368925
1116391138
1240465123
1240465124
1116391141
1155499749
1117990631
777043688
412251881
1117990634
25765611
1158248164
1153861360
1158248176
1127818998
245937913
1135453949
100280061
1151975170
82779912
69299981
1153406734
416077581
1141440282
1141067546
1194209052
256063259
256063262
970800927
277835548
239650593
1162319651
1121134375
1118850856
1118850857
1144882988
1164349230
1143119663
1194327858
416077621
212752200
1206787919
1139937114
1116376923
239650653
689477470
1141440352
403150692
1106405223
1117990762
1141440363
1130934125
985937775
1141510002
258156410
203919232
344483713
293283715
1194209160
1153832841
1206787977
1130897290
1138939788
1131218831
256583572
1158285204
1120026519
431896473
1116331932
333651868
1141510046
1120507807
1158248354
1134399396
1116354470
1116196774
1145528236
989206444
1127780273
877213620
1155499958
955076540
1116196797
443013054
1119201215
1141440454
1116301255
1106335688
1122316233
1116196810
1137561545
1162319821
1153861584
25831376
1145507794
1158334418
1194293204
1135454165
1116712919
434376669
25831389
1134399456
690880481
1134677986
1116354529
1141067748
1116301283
1116215272
69482473
1141067753
1158285288
291133423
259270640
1124149233
877213680
1137561591
416835580
1131094013
257665022
school=*
746
1141440513
244070402
1199247361
245929987
1162373133
1141510160
1138290710
430419992
1151977497
1141067800
877213729
1131044898
989206566
1139392555
1126815788
1116301358
233111599
1138290737
1138290742
878876726
1158334519
1116332090
416018491
1134399547
287342654
1116332105
1162250313
970766415
1141979218
1128888404
1140076632
1272121433
247038044
443009117
1272121443
443009124
255737957
1153861732
416014439
1131575400
1153886313
255737960
269275245
688975984
1131575412
1162319989
1131044982
1131247738
1212354683
1153833083
878876803
1122689158
245930120
245930121
1123862666
100280456
989206664
1158285453
878876817
268439698
1141026965
1163131031
258156697
413210779
1134678172
1194281121
1138290850
291131556
1131045030
1131045031
212746408
417001641
309821610
1123989675
1141979313
1131247794
1128755382
888678583
1131094199
1131094201
434374841
1212356802
877213891
1135818948
1141510342
1138290888
1114912970
1141979339
1135818956
1135454412
1138964689
205338835
1131045077
1145516246
417001690
1194240218
1145516256
256053475
204998885
888678631
1131219178
1120030957
1162250478
1135818991
207268079
1194240237
980003060
1122343156
1151975668
1116215543
1162250488
1026406650
1134383355
333680890
295592189
1153833215
1135454466
1135819011
233085188
1145516292
1301598470
216269063
1139523854
1124149521
1128851729
877213973
233085207
1153833248
1194338597
1135819052
1135784241
887097652
848517428
1135784244
247036213
1123862843
1128755518
1194240321
1177747777
1128851779
688976202
1126816077
416014670
1131094353
1177749846
1153571158
1120059734
635126109
989206879
25082217
1162250606
1158334832
417001842
1117958525
1153833348
1141027211
1124149649
1143120277
1118849437
246763941
1141027240
1194240426
429199788
986724792
1177747898
1145360829
1134545345
1143120322
1134363082
1194258892
1194228172
1120020940
1069990349
1338907088
1194228181
1194258902
1212357078
1194228184
720689623
1162250711
1130934744
1145508318
1134418401
1137463782
1138917868
1141510638
293284340
1116389880
1071821304
877214212
1118849543
1120021004
688019984
1194250771
877214229
1134418454
1071821336
1122646553
1135833626
1116389914
1164368412
1125419556
1153761829
673989160
1114913322
1141027372
1164311087
255740465
224959026
1129611832
101061177
1164309048
890450498
945443396
205335111
1194222152
1162250824
1194213963
989207116
945443405
1134363218
1071821402
1139524187
25414240
25762408
1119820393
293278323
1194222197
583953014
484731514
1163920000
494467715
1194250883
1131463309
890450582
1131463320
890450589
1131094691
333681319
424264363
1071821488
207719088
1026409140
268944053
1127082686
1190099647
287345345
1138299587
1153571531
1114079948
1106602701
1134363349
1138256606
1117958879
491102948
1116381929
1134363383
1117958906
376042236
989207295
1142229760
1131133698
26108678
1116381959
1212355335
256494345
257291019
257164052
591287065
1142229789
256070430
595651359
416047901
1145361185
1130935077
877214505
489753388
1237566253
21433137
591287089
1106336563
1177793332
1118307125
1120090938
1143120700
595651390
1302891327
1145361216
207608648
970918729
970918732
1116734292
333652832
688941924
1138275175
886977389
1130935151
486151035
976157565
1118307208
890450825
1120181130
1162318731
1122646923
976157576
1158247306
1130935177
1158247312
1138275215
1126783890
1116246934
1153571738
1135784859
1158247327
258147232
257162148
1194337200
1158248446
257665978
257162173
1153878976
1131133895
1302870987
247114702
1117959121
1134363606
850719705
1153405920
1177793508
490185700
69317611
1131095021
1128885236
1117959159
1116386297
1120439291
1301617666
689462276
689519621
1151896583
1148781576
69311497
1141392393
1194337288
205331469
418042893
1138256915
1120439316
484619287
1301617688
417137689
1122413592
1158333464
1194314784
1127126050
1162318882
1135784996
1126784037
1148781611
469847084
1128885296
1148781617
247039026
1126784050
1122550833
1122413623
1117959227
355017787
1122343995
1128885313
1158333508
431907908
291124297
1118889034
1106402382
986727505
25289810
1158333522
1124109395
409754709
1131000921
1141392474
1140898909
1162318946
430435426
1128832099
256971877
796572777
1183593580
1116697712
796572789
1142230133
1128787064
1180869760
1128832135
1137454216
688942215
540159117
1122550930
540159125
1134363799
1131095193
583928986
1183567003
890451104
1122550946
1155499180
1120042159
1116247215
409744561
1134363827
877214901
1314888887
1122303162
1122430140
1152031934
688975040
890451136
1122467010
890451139
1139936454
1153406155
1142230220
1069948109
847277261
1130935501
1118889166
1143121102
1162319058
1194230995
1141392597
1126763735
1127767256
1153406167
470537436
1106336989
1128799463
588502248
1171010792
409742570
1123843310
1164309742
1152031986
1128799475
25877746
1141026035
1301636342
1124007156
1152804084
1124041975
291124475
207719678
1120439557
1145527558
417178886
1120070932
689317142
255737111
207719705
1121125671
287425833
1134683435
1152804140
1141026093
689622319
257060144
1158247728
1127716146
689317171
1130935603
1116247343
1121125686
1120507192
1158247739
1124109627
1120070973
333681983
1122600256
256582984
207246666
207562058
1194206540
1138859340
591287626
420353365
1145527639
1131437409
403144034
257060197
1215178086
1213529449
1120439660
1124042093
21433709
1127052653
1128832370
950549878
416032119
1194190200
886424952
1139936634
1124042110
1120439680
1151896961
1120507270
1158247826
1124042132
689587606
1139936664
287425945
1158247834
689462680
689462684
1164406175
1152032159
1118014887
1118889384
1123843497
1127099818
1127767467
434357676
1123890605
1123843504
1194319282
1127716276
1141026235
82779580
1135422910
204993986
1164309975
1118309848
1206842840
1118889438
101060062
659607015
1118014957
886425070
1135422957
1141509617
591287793
205008374
1124052471
1106603513
1350964729
1176927740
1162319359
1151976961
887299587
1134376451
1139545608
1106603530
1134501388
1153406479
1131437586
591287828
1135453718
1152804374
1135498776
1284359709
247123488
1120507429
1140925991
1106335280
247123510
1151974967
1142230587
417152571
1130933825
1120362049
886425153
1302785604
1120386629
1153572422
676822602
1206842961
100277844
1140926037
1117990491
886425181
1164406373
476417639
1139936872
1131044458
1141026411
1140059754
412782190
1206842994
1143119475
689587841
430423681
1119200901
1131044486
1117990536
1118850703
1106402959
1134376593
1116196498
1138249366
1118850711
1116196504
333653656
1141524128
1127702177
1137567395
986695332
1118015143
1158248105
1141509801
888678058
207257260
1137561261
1120179886
1158248113
1137561266
1116391090
333682364
1141067454
688975551
1240465097
255741643
1116301005
888678094
1116196559
1194329811
1206787795
416077524
1162249942
1116354261
1162372825
1119200986
1155499737
1141440220
888678105
1153760993
1137561317
1206843109
1124179693
1162319603
1151897332
295603958
1141509887
1142411008
1162319620
1177083654
886425350
886716168
245937929
1141509900
1122752272
416818961
506822419
1117990676
1139937043
269276957
1158334238
1153406755
490041124
82779941
1120507696
1120507701
777043766
1153572662
1158248258
1164308290
212752201
1180403532
1130934093
256497490
1134399316
1116301141
1181245270
1158248276
877213528
1131095894
293283674
1152032601
1119833943
1119201113
1116376923
1153832792
207720288
247179098
257093474
1116331871
1131044710
1119833959
1124179816
1141509994
1120507759
877213553
419706741
1120507769
886425466
277831547
1162319740
269275001
1162250109
257664889
1144883075
1117990789
1152032646
1158248327
1087174536
82780046
1122418577
256493458
1206787989
1143119772
1116376989
1158248354
1153832867
1119834020
1116301225
333651882
1117990828
1158334385
1120026546
247037875
1117990836
1145507768
277835705
1162250171
1116377020
1116377021
1141440450
207603654
980010950
1116196808
688975819
1131044816
1130897361
1206788050
1138939863
1141510111
233056225
1137561570
1131096039
1170423789
1141067761
269342706
1116354545
1131044852
1131188216
1140076537
416835581
1116354558
amenity=music_school
746
1162319875
416018439
1135788042
1141510154
1140187157
1116301335
1337968670
245930015
878876703
416835617
1127780382
1153832995
1137561636
419706918
1131575336
626014249
888678440
1153861675
69431339
27490349
416835629
1125419058
1176965171
207718452
1153833012
1119834164
1119834169
257290298
207718457
1131575356
1117958206
1128755265
1141026887
1122265160
1131219021
1141510222
1128888401
1128888409
1176965210
257060957
1162250334
1120180321
1158334562
1134678117
1131044966
1122269289
1176965227
1120180337
416018545
1131094131
443009142
1137561718
1131438202
1116301440
1135818881
443011203
1158285443
443011207
268439691
417001614
1302888591
1142229136
1153886356
1131188372
1134678166
1116301463
236083351
1117958297
1153886367
1123989673
1131094186
1140521130
1135593644
1138964653
299452590
1194281135
1134545078
1158285498
1120030908
1153886397
1139392702
1131094211
257665221
1127123142
887097542
1106335944
1087174861
1134545101
1153833167
1130897619
1131045079
1145516247
259111127
1145516251
689137886
1141440735
1130934498
244070628
333680870
204998887
470362345
688976108
1127123180
1162250478
1128851694
1124149487
1134678256
689137906
1155500285
1141027069
207581439
355025151
1131575552
1130897663
1120047364
1262102789
1177805064
1120047369
25876751
1120059665
1143120150
1122627867
887097628
1116332315
1135833374
1141440798
1120031007
878876961
1116332319
1194240287
946080039
625983784
1301526826
625983786
1116301613
1122412848
1120031025
889528630
1163131191
733182266
1140017473
1069990210
1194240323
847110467
1143120194
1153833284
887097679
1120059730
689623383
540137816
29942104
1153571167
1128851812
258165096
376797551
1177747826
1153761659
256584063
1163131264
1143120257
1158334851
1120031107
1135567237
1153571206
1134363022
675987854
1120031120
1194258834
886716819
1183510940
1131219357
262949282
970762673
1177747898
254812604
1153571262
268437950
1135659457
1118308803
1122703825
1134545361
583885268
1130934744
720689626
986730976
1120020968
1069990376
256498153
1158334952
1116389880
293274105
642476544
954808833
1134516742
1131248136
1141027337
1158246930
673989138
257665558
268440086
1125419549
1139524130
333652518
890389030
1069990438
256582185
25764394
1116160560
890450480
1163919920
1338907184
1163919925
1153571383
1197308480
877214273
1125419588
1213082181
1069990468
582525513
1123863114
1131133515
1162250830
1228055119
1069990494
1163919972
1194213991
1122343529
1135594108
1197324926
33084033
1118849673
890450572
418042509
689138317
1158333079
1135594136
1132313241
470477465
33082009
1164368547
1106336423
1164368552
626043565
1155500718
1131133616
886977202
376042168
429333178
1123863230
1153761988
1129611972
1122413263
1116734170
638333659
1116160741
333681381
1118849766
1134363366
1120318182
1135833834
1151896304
287349490
1194222325
1131248374
424264439
1141025533
1158333183
21433089
291117826
688974595
1134363396
1153762055
268944136
1194306319
257288978
1131133722
1153358620
595651357
354018078
890450719
291654428
1138256677
1147233066
689138474
1330469679
315259696
1212355375
1138897718
1147233079
416047932
1139993406
1116382018
1132313415
1139053388
1176877901
1163920207
1132313428
1194222423
239729495
256070489
1143120735
69415776
877214563
1119269732
333681511
877214575
417037169
1212357490
877214580
1122646901
354007931
1153762178
27091846
1138256778
412246923
207612821
1117959067
1132313500
1126783899
1117959070
851010462
1135594401
1131133858
333652911
1153878961
851010483
1131094964
688974772
1176878003
1122599866
1123904445
1158247357
1128885184
1162251201
1164405701
1194337224
701191112
1120318411
1122466766
1118849999
1116386257
1120052181
1131609045
416828376
1138256858
1120052188
1131095005
595221469
1130935262
689316832
1139993572
689316838
1164309479
1145361387
1142230003
1105122294
1194337274
1116386304
1163920389
1183591436
1194337294
1213123600
1153762324
416085013
1302791188
1122550807
1151896601
1127767065
1122343965
1194314787
676813864
1122303022
1132307514
212745274
1153760318
1116386382
256971860
1151974485
1138859098
1128787044
1194314854
1122600040
1153760362
886977643
1140053099
1141025903
1155499121
1137454196
1116247167
1137454209
1141392515
1132307594
1124109459
886977689
469812378
1135785118
1122303143
890451112
1155499180
469812396
689136812
877214893
625669298
1069948089
27092157
1141392583
689390791
33078474
1127052492
287384783
1126763727
1123843281
291124434
1124109522
1124213971
1301476569
1131095263
1128787168
1141392618
333653228
1120439532
1126763758
1118850287
256978161
1120507123
1069948148
1120042228
1128787191
1131001084
1122430205
1140925697
1126763780
1158247687
583310599
1124041993
417178891
1134501134
1122600207
255737106
1128832279
256519458
1141439784
1152804137
890451240
1141026089
1135422767
890451250
1131001141
333681974
1131437366
1302863161
1122413884
1124042045
1128832321
1127818567
1140925769
429311305
1130878288
1152804180
1120439636
1145527640
851305817
1194206553
1302814044
1141439837
847277413
21433705
1127099754
382414190
291108208
203943283
976190836
1074226548
333682036
259100026
382414204
419691903
1118014848
1127052673
1152804226
1124042118
1123843463
1170429324
419691918
1127767441
1164406169
430429594
389928348
1140080029
1151974814
1162249631
205329824
1122413985
1140059550
1194319267
205329828
689587622
1153760678
376804774
1137454507
1164406187
890451373
1206842798
954889647
1135422898
205329842
1140925876
1206842805
416009654
1176927676
1134654911
416009668
505810373
1135453638
979897799
1140186569
1134654929
1164309969
256329170
1135498709
1120507355
430435804
1124052445
505810406
759760358
1164307944
545580520
1122467312
687967731
1139545587
259288565
258160118
1153760758
417152504
1186469372
1162319357
256495103
1134654980
1118309897
1134654994
1131044374
1118309910
1134376473
256331293
1118889505
1141440034
1140925988
1158247973
1139545636
1152032295
443010602
582778412
1142230573
1139936816
205323830
1135453758
1145527871
1120386624
333653568
256347714
1137567296
27590214
403152455
1120507462
27590222
409749073
1135498834
25763415
1151897178
887299678
443010659
1140059749
1141509733
687967847
1118015078
443010664
355024490
1122508395
256583277
1177083502
1153406576
206169713
1177083509
979961464
1135453817
886716029
1151975038
247123583
333653632
689587840
1139455613
27590277
1138249351
310165128
1124179596
1106405005
1118015118
1302820499
247123607
1139936921
1141524126
1124179619
1120507556
986695333
1138249385
447563434
689587886
256497330
1134376629
1120362166
1141509814
1158334138
1142230715
256583354
256976572
310165181
1127767743
689477312
1135453891
410693318
1206787783
1127818952
1119200973
1240465102
1127818964
1120507604
592217813
1118850774
1119200985
1137561307
1194327773
1177083614
1155499743
1140926177
1134677729
355022565
1116354278
296224486
1240465129
245937903
887299824
495521519
1116301042
730892020
1158334196
540139254
236101364
239650552
1139691256
1145528052
970800897
1158248194
1206843140
1206843147
1144882958
1301495566
416077582
1140926228
1140076315
1145528093
258160415
1127819040
256673569
1122752298
1131044652
1143119665
1127767871
1141440320
598196033
877213505
1135454023
1144883016
257294153
1120386890
1121134410
1131437899
1158285127
689391440
196173649
1162372948
293283672
1119217497
1137561434
1141509980
207718237
689477468
1138939743
1021548383
1124179809
1121134431
416819049
955076459
1134677869
233056112
1116354426
1134399356
1116196732
69367682
886716291
419706763
1116354445
687935378
382412694
1153861529
1116376986
1117990811
1116354463
1139937184
1119201189
886552486
1155499947
1142228909
333680558
1122316207
1127780270
1142409137
1134399410
1148841905
259278774
1116215227
1140187073
416835522
1194293186
1158285250
254941125
1116196808
1121134536
1162373066
754130893
1144883152
1155499992
980010970
259284954
420325341
1141067746
416835556
1158248421
1120026599
1131096041
1141440490
1151975408
291133426
255741942
886552568
1116712953
1177804797
amenity=language_school
746
1142228993
1121134593
333680641
1116354561
1140187141
1170423815
1148841992
1130934281
333680650
1140076556
1134678030
878876689
1135454227
416018453
1116301335
1140076567
1131044888
1134399514
1131188249
443009052
1140076573
989206560
1106403363
291133478
1337968679
1116377129
416018476
1131044909
1120180271
877213743
1116377140
878876724
1212354612
1135454265
1116377145
1143119932
877213756
257290300
1131575361
416018500
268439622
417112134
443009096
1131575373
1122269263
443009104
1117958226
1120180310
878876760
540139609
1153833050
1120180316
1131188323
1135818851
1119217771
308004972
1142229102
1114912885
1122277494
1135818871
1141510270
1128888449
598202500
443011204
1124149382
245930118
1124149388
255740046
1141440655
1141440656
419649682
1128888467
1117958294
598202522
1116301466
854083741
257294498
1141510307
419707044
1116301483
1142229163
1295104174
1206788271
1124149426
986704051
1135784116
1130897596
245930179
1116354756
1116301509
1138290886
418519242
1122627789
299288781
1131247824
1153833169
1145516245
1153861850
1153886428
1135593694
985948387
256053476
1141440748
1142229229
1135784173
1145508076
25413869
1153761520
1131247855
889528565
1145516277
355025146
257665276
25876739
470362371
1194240266
1155500299
1139523852
989206800
203950353
430262545
1177805077
203950359
1118308631
878876953
1135833374
1135567137
258165027
1116332331
1131094316
1131188525
1120031023
1123862850
1172904267
1135567181
1131094350
1158246734
659577168
877214036
1153571158
1143120219
1114863964
1153833315
1164310884
1116301669
416014692
1141510505
1153833329
1163131254
1117958523
1135593852
980003195
624273792
1069990275
1155500420
1124149637
1134383494
221309321
419686802
1130934692
878877092
262949288
1131188652
207264173
970762669
1194228143
21270960
544485807
1118849455
1155500468
989206968
403157433
32268730
580276664
1123862973
1124092357
1125419465
1194228170
207614410
1119291852
1069990349
986730960
1139053019
1194250717
1162250720
886716908
1134545391
1158334961
1145360882
986730996
255738358
1116389879
1118308855
1130934779
1138891261
1158246910
1145360893
1071821320
1131248139
1141510669
1124092429
1120317968
1158246930
1137463826
673989149
1131248160
688020003
1116389930
1126816306
850633269
877214263
1114913335
69386809
689138233
1164309054
1122413120
1131463235
1116734020
1138891332
1194222152
1134647885
1123863122
1134647891
1134418515
583952981
1138174554
877214300
1158333023
976157281
1142229604
1134647917
1190099567
1110776435
1116734070
890389112
1164368508
1139524223
1135594112
389925504
1158333069
1190099601
1127082647
890450586
1071821467
1119292068
1119269543
1190099624
1187957418
1132313262
1135594159
25877174
638333624
1164368571
1119820476
847600317
847600316
1116734145
207278787
1123863237
1106602701
1186304719
1176877780
1134418646
1119820504
890450649
1134418673
1194306289
1131133682
1116734196
1030660854
256066299
255740667
424264450
1212355330
1127088900
299498247
256494344
1125419786
1214610190
688974611
533484311
1151896344
1176877850
291117850
494437149
403165982
1071821599
1138299681
1132313377
1131094828
1022587693
1169218349
1118849841
591287094
1138256700
424264509
1122599746
1147233093
1132313413
1145361225
877214541
1145361230
1151974225
1181156178
430203731
1162318677
1135784790
410207066
1119820638
1176877918
207608679
1163920236
1176877934
1118307185
207719282
591287153
1131248497
1122646901
1138275187
1120181122
1330469772
877214605
776385421
387754895
291117967
689621907
207719316
1145361302
258147224
1135594397
1176877982
1143120799
257665950
1153878946
1131248547
1194337188
257162152
1162251179
1134363567
1164405681
1153878967
1194259383
1123933113
1142229950
540138431
591287230
1131094984
1139993546
1153878986
1162251214
877214674
1116386263
847277019
1153879003
1122599904
256326625
1120041958
1140052968
1141369838
1176878062
1122302962
333439986
1141027828
1142410232
333439999
1177793537
1194337286
1116386310
1183591436
1301617676
1122302991
1177793556
1177793557
1122303000
69311514
1116697628
1153762332
416048160
1145361440
1141025827
1155499045
877214759
1164311594
1106402347
1124109357
1116697645
484619311
689316911
1116386356
1127126068
890451000
1162318907
1138256957
1138924607
1124109386
877214796
1131095119
1116386388
1123904598
1117959258
403160155
1137464417
1142230114
25289828
688942180
1118889062
69381224
1124109418
69381230
1164309615
1126784112
430244974
1132307571
1126763641
269276283
259284093
1127767166
688974978
1152031875
1116697740
1131095184
1148781713
1124064403
1116697748
1127052437
1138244768
1122430115
1143121060
1122430119
1138244776
1132307625
1158247592
689462443
1142230189
1135498418
1183567028
1140925624
1069948089
1126763706
1116386490
1141028025
1151974589
1141028030
333681855
1142230216
689622218
1106336971
1128832207
1337971923
1155499223
29940967
1116247272
1138199788
1120507119
1152804081
1142230261
1122600182
416009462
877214971
1123843323
292336899
1134683396
1169108229
1131095299
1122413831
877214986
291128592
247039259
1120070940
1152804128
1153572129
1140925731
1153572134
1181650216
333681969
689390898
416032051
1153572146
1124214067
1122467126
1153572154
1151896895
1135633728
30043458
688975171
416032074
1302814027
505810252
1145527635
1128787284
1122430295
847277399
1164406106
1117959515
1118850397
1122430303
355022176
1152804193
689519968
1128832356
1106335076
1122467172
21433708
1120507244
420353390
1158247788
886424950
1127767422
1151976831
25286015
1143119230
262342027
888677773
1124042129
25726357
1194270103
277835159
888677785
262950303
1170408864
205329827
1127716261
1141439912
1131044265
1131044266
1120507305
571092393
1135453616
82779568
689137074
333653427
1145527732
32996786
1153406396
1137454526
218039742
1142230467
484261317
1138859461
1152032199
1139936711
1127099850
1120507340
1135422931
1164406230
1135422935
1117959638
1206842841
419659226
1137567198
1139545567
1145527775
333682144
1139901922
1186469344
484402662
1117031911
1134376422
1120386537
505810409
1124052459
355010024
1134654959
207574512
1153760754
417152499
1118889461
1164312054
1135498743
1139545592
545580535
1145527798
1127767552
1139545601
1137454598
1194319367
1118889482
1122600459
1140186635
1118889489
1138216466
1135498775
1131095580
443647516
676519460
1141509686
582778423
258158138
1140059707
583902783
256347713
582778434
1143119427
1140926020
1137454662
1127767629
1162319439
82779728
1151977042
1131437654
1120476759
1116180058
376804955
1158248036
1118015078
1145527912
476417642
256583276
1117990508
1140926062
1137454703
1164310132
1177083509
1141440120
379573880
1141440125
30078591
1162249864
333653644
1118015124
1118850711
1118015128
886425248
1116196515
1137561254
1117042343
1117042346
254940842
1117990572
1116391090
1151975091
1144882869
1120362166
207720121
1120362170
886425275
689622713
1153406654
389957317
1116354251
888678097
1116180178
1153760979
254940883
1118015189
1116391125
476417759
1158248159
1139936993
877213410
1116391139
1130933992
688975593
1158248180
245937911
1141509883
1120507644
1206843133
1138859776
333651713
1135453980
256673564
1140926236
1162319651
689477411
1151975214
1116180271
204992302
1118850864
1250613042
1131437885
886716225
333651780
416819015
970800968
1140926282
1151977293
1206843215
426012497
1158248277
1121134422
257664855
1116196704
1162319712
886716259
1116354407
1144883050
256497523
382408564
1148841847
1151975288
1170440058
431896444
1116331901
257664893
69367679
269275007
1141067649
1026393986
1120507775
1116376971
1153761164
1131044751
308119440
1151975315
1141440405
1120507798
1194293153
69318563
1117990820
889485224
1158285228
1144883120
1194293169
1301579699
1120026551
1153832890
1153832892
1124149182
1141067710
409743296
1140076483
254941125
389959622
257664966
1135566799
443013071
1120026580
1138939861
1141440472
416018398
1131093983
1140076511
1116712934
1140076519
1140017128
1151975403
877213676
1121134578
1131575284
888678389
1153861626
1158248443
269275132
1131044862
1141026815
amenity=dancing_school
746
419706883
416018438
1153832966
1131218953
1142409229
291133455
1120026641
416018452
1116354580
1164310551
1162373145
443009051
1131096091
1120026653
886716445
416018463
1134399521
1142229027
1120110629
416018472
245930025
1122263081
886716459
1126815790
291133486
430420025
1131219002
1131575355
1131044927
419706945
1122689089
1135454273
1131044931
1131575366
417112134
416018505
1131247689
1122269264
484696146
443009107
1141067865
1128888409
245930078
1116332127
416014439
1116215401
333652074
1141979245
1122269294
1142229102
1116215408
1116354673
1116196975
1131575413
1142229110
247038070
1139392637
1131094142
1153886335
177205378
1135818885
1141026956
1153573006
1135818894
1114912912
247124112
1116301455
417001619
1302888591
1116301454
1141510294
1117958294
1128888475
1131575452
1153886363
1134545054
1116354723
1131188392
1140521129
1131219113
1131188395
1145508011
1164310703
625983666
738236597
291131574
1116354745
1162250437
1122277573
1153833157
1114863816
687362248
1153861837
1158334670
1162250447
1128851668
1134545108
1163919573
1131575512
1134678232
416014555
1131575516
245930204
1128851679
1158285537
1131045093
1122689256
333682925
315261172
1125419260
216269056
470354188
1131575565
430262545
262949138
1122412820
886552855
203950359
1123989790
1194281246
1120059678
430262560
25082147
1153833252
1153833259
256334125
625983789
1122343220
877214006
1142229312
582775105
1122412865
256981319
1135454540
1177747796
1118308694
1120059736
29942106
1141510497
1131575654
1153833319
1118308716
1131219309
1145360751
1130934645
1164308858
1135593852
1125419392
1127082369
688976258
403159425
256330116
1177747845
754131334
417001866
1194281366
878877079
221309334
1338907032
1194228123
1141027230
877214111
1127082401
1131188641
1124149667
1153833380
1118308775
376797608
262949289
1124149674
1194250669
257163694
205318574
1158246834
69476790
986724790
420358609
1338907090
1128755667
986730965
1158334934
1155500515
293274086
1127082475
309821933
889475569
1125419506
1194228209
886716917
1143120377
1069990401
1116389891
1134418438
954061318
1197308424
287363595
207563277
1071821330
1123990038
256490006
1158246937
1155500574
1131133476
877214248
1194222121
583952937
1158335020
1132313138
1118849589
1141510717
1164368447
1145360962
333652548
1134647877
287363658
1213082188
1071821389
672404050
1110776405
1194250838
890450524
1138891361
1071821412
1212357226
1131248234
207260271
1162250864
1158247030
1131463290
333681274
1106336381
268440191
25762434
429333126
1135594119
33360520
1139053194
1145508492
33084044
21424785
33360532
1134363284
1212355220
1138918039
1143120535
1158247062
1164368538
1129611931
1117958813
257295010
255740581
1145508521
262949547
877214384
258163377
291465908
1130934965
207719095
1141027511
1153761980
1194250943
890450625
1135594181
1158335180
1130934989
430244560
1135784657
1130904276
1130935001
1122466523
255740641
1123863269
255740648
1151974127
1138256624
1116381942
424264440
1122413306
689519355
1164309248
1122646788
26108677
1212355334
418042637
333681428
1071821592
890450714
1147233050
495541026
1194222376
1176877865
1131133737
1194306357
979888953
1119292217
1158333246
418038592
1212357444
1131094853
1116734279
1169218376
207248215
1142229848
1143120735
1142229856
688974689
1135594338
1131248481
1158247271
333681520
890450813
1181156228
27091845
1118307205
1151974282
877214605
33094541
1116246927
1134363541
1138256791
689621912
1119269785
257665944
353811356
1134418852
1122413479
1117959086
689519534
688022452
25877434
257665981
1122302923
1146217421
688022479
890450897
1106404306
333439961
269276125
688022501
1117959144
877214696
1158247402
1116386285
689462257
1116247028
32994294
1131248634
689316863
1145361407
258155521
1128885251
1120611337
1194337296
256326672
431907858
1138256915
1134363667
1122343958
1140898852
1130935333
469847086
986692656
1164405808
1151976498
1118889014
1153571900
688974909
1134363711
592235583
1139993665
1158333510
277834823
1213123656
470938705
1122600020
25289812
776385622
291124311
1120439384
1302844508
1131000926
1130935393
256066660
1122430056
430423144
1124064362
688942186
1138859118
257164401
1138257013
1135498357
256582775
1128832119
1145361538
1125420163
1135498372
1141392515
1164307590
1132307591
1302844553
1135498378
1117959307
1135785100
1126763666
689462420
1138859163
256496800
1127767202
1118889129
1180869802
409744558
1069948082
689519797
1121125561
1148781755
1117959357
847877312
1301636291
1131001032
82779337
689622218
662650057
1124109516
1301636301
1142230227
1141392596
689390808
1122551001
1152804058
886977752
1301476578
1131001062
333681895
1106337000
1124213995
1152031980
1145361645
1141392622
1131001070
1069948155
333681923
1148781828
333681930
1069948172
1141392655
355022098
255737114
1117959455
1128787232
1120042273
1123843362
1155499296
1117959463
25285928
1116247339
890451244
1135422763
1145527601
257060145
1137585457
1142230324
1127052595
1128787253
1120070967
1124042043
493522237
1127818558
1164406084
1194206542
1152804175
877215061
1153572183
333682011
1124042075
1177083229
1124109663
1128832352
1124052321
291120482
82779491
1120439650
1135422826
1127716203
1124042090
203943279
1122430333
1122467199
247041415
1106335111
1151974793
1176927631
1123890576
1140925848
1120507289
247041438
205329826
247113131
1127716268
1206842796
1139901872
1152032183
854076856
1131044279
256335290
344686011
256490940
205329851
1164307901
1158247868
1206842819
1151976902
886425033
1138859467
1127052749
1127718351
287346129
256329170
505810392
886425053
849626591
287426018
1127767522
1158333923
849626597
1135422948
418080233
1164312050
1215178228
287397366
1118889464
1139545594
1130878458
889503227
1141439997
1187958274
484402690
1122600453
1134376453
1162372615
1142230535
1122600455
1135498765
1206842901
355024412
1116184095
1140925984
1141067297
1123890721
1302785568
582778408
1151897131
1137454636
1074226737
1120071219
1119217205
443009022
1141509694
1120507456
687967818
676822603
205338186
1140926029
701193806
1119217231
333653584
100277844
418350685
207580772
688975463
1134501481
1118015083
1158334065
206169713
1140926068
1120507509
886425208
417152636
254811773
1127818879
1137567361
1140926082
1194329733
27590281
1131044499
979961497
1117990559
1153760933
291102373
1144882856
1162319532
1194329772
1141026478
1151975088
888678073
1138249402
1131437756
1301489343
1119217348
1117990599
1124179660
1135453901
1152032462
382412498
277835475
1116391124
1206843093
1118850774
1194329818
82779874
877213412
1135453925
1131044580
583902952
416818923
1134677745
1141440242
333680371
1145507575
1144882937
1124179708
1122508543
1134677770
1117990667
259270412
687935245
1127819021
1131044623
1152032532
1155499797
1141440280
100280090
224945947
1127767837
333682462
1153761060
1130934055
1162372905
1145528107
777043755
1162372909
476417839
245937967
1194327858
1116301109
1117990710
1140076344
1152032569
1074227002
236083005
1116180289
1140926274
689477444
1140076357
1141509958
1158334278
333682504
1116376907
598196048
426012496
1137561425
1158285141
888678231
1181245273
269274970
1134677851
1131095899
1138939741
1131218779
1144883035
1155499873
1141067623
1162319722
1131044716
1127767924
1206787959
590806903
1144883063
1104467832
888678265
1148841856
1206787969
1162250113
1139937159
1138939785
970801036
1131044750
886716303
886425488
1153832849
1130934159
888678291
1116301204
1158248341
1131044758
1120507799
1141440409
1143119771
1141440415
1153572770
1142228900
256583591
1135454124
1145528237
1143119790
1119201199
1134399408
1153832879
1121134514
1141440430
877213620
1131044788
1120026544
1131438009
1134399418
207562683
1141510076
1182482362
293283774
980010939
333651898
207718337
1141440444
1122316222
970801084
1124149189
418348999
1135566792
257664970
420325327
443013071
1131096017
1131093970
1142228948
29822934
333651927
1116712921
980010970
1162319836
1158248421
255741936
382410737
255741939
1116196851
886552568
626014201
416835582
amenity=ski_school
746
1123989507
1142229002
416835596
416014352
1153861649
1130911760
419706896
1162373138
1138290711
333682714
1117958171
1131096094
776542238
1153832990
1137561631
1116377131
239650860
257290295
1116354617
1120026681
1140138043
355022912
1162250305
1274615873
1151977539
1119834176
1141510214
416018505
1141440589
269277261
1137561677
1153833041
1274615889
1140076635
1130934363
1153572955
1153572958
1141440607
320135263
1131094112
1116354656
333652068
1138290789
416018536
1158285426
1140138100
598202489
1153833083
878876804
1141440652
1116354701
1206788240
291131538
256067731
1129605269
1137561750
330184855
1106403482
413210778
1141979293
1122263197
484403361
1153833125
1138964653
1123989677
25876655
419707056
1093114035
1138290873
1212354748
1116215485
353992895
1087174851
1153861828
1243041993
1116354762
1131188431
688976080
417001681
25876690
1153886418
1194281168
888678613
1122689241
1141067995
259111131
245930212
1141979373
1127123182
1131045103
1116301553
1274614002
716876019
625983732
344484086
980003065
295592187
1135454461
221298948
30306565
1122627846
1128851719
1158334724
1116215561
886716681
1120047374
1135454479
625983760
1145516303
625983762
287383826
625983759
887097621
1194281241
1123862810
1125419292
1130897694
1153761571
946080037
1134516525
1141440814
409749809
1114863922
1172904241
1141510453
470343991
1124149559
1194240317
1135784257
1116301637
1141440846
244070734
1141510481
1141027155
1194240343
1123989848
430262618
1164310875
1194258780
1123989856
1141440865
1194240355
417124712
69450090
1141510507
659577195
1155500398
1128755570
1153833333
1022646645
1135567227
1135833469
1163919743
720689537
1123989889
1135784322
738232705
1131248009
204994961
1141027218
1177747859
262949277
295594398
1194228132
1141510565
1194228134
733182376
1131219369
1194228139
429199787
1151975853
32268726
1338907068
293274045
1141510590
1135784383
207720907
25762254
1128755664
1153573332
720689620
1122343383
970772953
1123863001
1164308956
1164313062
376797681
1122413045
1151975927
847774202
1139524092
256053761
1116389891
1122703878
25082375
1194258954
1135833611
1142229516
1338907149
1118308878
1164368401
689316376
1155500572
530674204
673989151
689519142
1131794992
890450482
850633272
69300794
1116160571
207606341
1162250828
1158246988
1116160594
25414227
1194213973
890450523
1139524193
1138891361
530696802
1122413156
890450533
257292902
1122413168
890450545
1162250864
889475697
675316337
1194222197
890450549
1194250864
1134363257
1135594108
49543805
1164368510
1117958788
1139053194
1119269515
1142229649
890450578
1127082643
1106403989
1194259094
1135833753
1125419675
1162250910
247052962
1124149930
268944046
1194306225
1138256563
1164368564
291136181
1158247095
1163920058
1153573564
1130934975
1164368578
1153573576
1119292105
1126816458
1135833808
1158333139
1239241430
1151896283
1123863259
1158335195
424264414
1132313311
1123863263
1186304736
688974560
382399195
1194222308
1138299625
1153571562
491102956
420365038
1143120626
1142229747
1194222325
1158335221
1158333175
890450682
1134363387
207721211
1123990269
1138256642
424264454
1106336519
1117958920
256490265
1142229787
1153571612
1139053341
1194306334
1162251041
1284045605
1212355367
416835581
890450746
424264507
1330469699
1141025604
1151896387
1132313426
689316692
257665878
1145361245
1116734305
979888994
1117959021
257665901
1131094894
1153571695
1118307186
409744244
354007926
591287159
954989434
203948924
1158247295
203948928
207565701
1122302854
1122646921
1106404235
1118307212
1122302869
1135784856
1134418843
353811359
1131133856
1141025700
850719653
1126783912
1153878954
1134418865
257162168
877214651
688942016
1122550725
1151896525
417037265
207254483
595221461
1163920342
850719705
1145361370
1128831967
701191138
258038754
416084969
1126783980
1141025780
689622016
1164405761
1151974402
1141025794
689138699
1158333453
1128885266
1158247443
890450966
1302791195
1131437086
1132307487
1128885278
1143120932
890450986
416085035
1131095085
1153571889
1135785013
1118889014
1130935350
1177793592
1143120951
1177793595
416085051
1131000892
1124109377
1141027911
1132307532
976157773
409752654
1148781645
1120042067
1302881364
1069947993
689138778
1138859098
583928924
1128787038
1127126111
1127126113
236082281
1121125498
1151896699
1194314881
1109322881
890451078
1122466956
1194314893
1151896719
256328847
1116386449
1128787088
1153571987
1125420184
1158247579
1138244766
1139901599
1117959328
1122600100
1143121060
1116386474
1135498415
1120507057
1122466994
256326834
469812404
256330932
1153762490
1128832186
1122303164
291124416
1130935489
1145361601
1116247236
1121125582
291124435
580263126
1153572054
1116247258
1301476572
1116386528
1142230241
1153406177
1337971940
877214954
1143121131
689390828
333681903
1124041974
389928185
1120507131
333681916
1153760514
1151974659
1169108229
287425798
689390860
1155499277
1134683407
1124007189
1142230297
1215178010
1127052571
1131095323
333681948
1181650207
1137454369
890451235
1131001125
1140925733
1141439792
1106402610
1124109623
1120070967
1135422781
1074226494
25285951
1117959489
429675842
416032068
890451269
1135422790
256582983
877215051
493522252
1152032082
1120507221
247178582
256494935
1194319189
1139901785
33078617
1142230363
333682012
1122430299
1124214107
689462621
1120439648
1141439841
355022182
1128787303
689462633
1120071018
203943277
331230579
1152804214
1141439862
1152804218
1123843451
886977917
1153760642
420353411
877215108
1118889347
1135498630
1215178119
1120507272
416009609
1170408837
890451339
688942477
1215178126
877215121
82779538
688975254
1122467223
1120071064
1151896988
287425950
1170408864
1206842787
1135498665
21433771
1206842805
1127099831
417152442
287397311
1122414021
888677833
1117042122
417152467
1145527766
1118309848
1118850525
69309917
1206842847
1122600418
1122467299
1130878437
1302851049
1302851050
1134376427
877215210
1117959661
1106603501
887299567
886425070
1122414060
259288562
216264192
1120071171
1116184068
333682186
1152804362
1120507411
1164406293
21272086
886425111
1131001370
1130878491
1140059676
1135453739
1119217196
82779693
254940721
851033650
1153572402
1137454644
1164406324
27590195
207273529
1137567293
886425150
1120386622
1152804416
355020353
236082753
1152804421
1120507462
1140926023
1152032330
583941707
701193804
476442189
1152804429
1152804434
1135453779
355024473
82779738
416042589
1118015078
1162372712
1315202664
255737451
1137454700
888677999
333653631
888678018
1140926082
1194329732
1124179589
1130933905
247123607
1194329756
1181245089
1116391073
1118015139
1139936941
291102384
1120362160
258148020
1206843062
247039673
1153760954
1240465081
484402877
1142230719
689462976
1124179647
376805059
1164308164
689622723
1116391110
1151977159
1127818952
256065229
1140186834
1151897301
1144882906
1153760995
886425318
689520364
1124179697
1141440241
1127110385
1158334196
877213431
1120386810
888678138
1139431165
1116391168
205016833
888678147
1131095825
484402963
476417817
1145528093
1145528097
1206787875
416077604
1144882980
196173607
689520426
1116196651
1134677804
1134677805
1117990702
196173613
1206787888
1131437873
1143119665
1134399274
416818988
256063286
416818998
955076407
1121134397
1135454016
1119201090
1116215113
1120386890
777043788
886716237
1117990738
1121134419
426012504
1153761113
256497496
1158285146
1153832796
1151897432
331630430
582518623
1106335586
203964261
689477478
985937765
1131437928
419706737
1153861489
244070259
1158248307
1123989365
689137528
1137561465
1145507709
1141440389
1153761159
659994511
1135454096
1131044756
1131757468
1140076452
1141067691
417023917
293283766
1124149175
1158248378
1116354491
1121134524
888678331
1194293183
888678336
886716352
888678339
257664968
1301579720
269275082
1194293199
242823124
1131044821
1153861590
1131044825
1140187104
1131218914
1144883173
980010983
27490281
1145528298
877213673
1164349417
1144883185
1170423794
1135454199
886716408
417023994
1116377083
257665021
1131188222