4
healthcare=*
746
1199247361
1120026626
1141510145
1140137988
1127780356
1116354569
1153832970
1116301329
1138290708
355000344
1116196892
1130897440
416835617
1130934309
1131218982
430420006
257665064
1141026860
1145528369
1134678069
1119834171
1153833022
1026402368
1122269250
878876740
416018502
1131044934
778098760
257290314
970766413
1153833039
287342676
416018518
1120110678
1141067865
886552666
1122269275
239650905
1131247710
1162319968
255737953
196167779
1116332136
1116301428
1153833076
1131044984
1153833081
245930108
1128888446
1139423359
416018560
1128851583
598202499
1128851588
333652102
1131219078
491133062
1141979273
255740046
1153573008
1106405521
1138290834
257058964
291133588
247038102
1128851608
177205402
1128888474
1153833119
258156704
1135454369
1120110753
269275299
888678564
1131045028
1116354726
1163131046
980002985
1116301484
1116354734
1153573039
1138290867
635111605
1162250422
687362232
1153886392
1122277563
886552772
1122277573
1131247814
1128851656
1127123145
256491726
1116354767
1087174864
259111122
1141510355
1120047321
1177805018
1274613982
1116354785
1153886436
1140017381
877213926
244070633
1131575529
625983728
25413876
1131045112
1141510396
1116301565
1141979389
1131247869
878876928
207581439
1114863876
1116301574
417001737
205322506
1153571083
1153761547
1274614028
1131575561
1128851721
1139523856
1126816017
1139052823
1088925976
1158334748
262369569
1135567140
1116332330
1026408751
1122343216
1142229297
1116301618
1120059700
1120031029
1143120187
1194281276
1131575614
258132289
1087174983
269277511
635126091
878877003
720689485
1153833294
244070735
69450062
1145360717
1114913107
203972949
1155500375
1155500377
1114913117
1123989856
1118308709
1127082367
1139052927
1158334848
1134516610
1162250624
1139523975
1158334868
1131219350
1118308763
1140017569
257163684
544485799
1118308777
1116160429
419686832
1123862962
246763961
1142229436
946000317
1119820223
1135659456
1145360842
293274066
1134363091
1194228182
1134418403
257294821
1177747943
333652459
287343087
1116160496
376797681
1118849523
1163919862
1194250745
257163788
886716946
1163131413
673989141
1134516758
417002008
257665565
1122703902
1131094561
1071821346
1163919906
1124092456
1158335039
1158335052
1117958735
690135636
1143120472
1119820377
1194250843
1142229596
207606367
1162250850
1124149860
1158335087
1117958771
689138292
1124149879
418042487
1135833725
890389117
1123863166
494467713
1132313218
1190099588
33360517
1122343558
1146217094
1141027465
1117958794
970918542
1130934929
33084055
1135784603
1116365469
1122343582
1123863201
259285666
207719078
530674344
1145508523
1116365484
1272064684
1030660782
470485678
1141025459
1142229692
1194306240
1212357320
890450633
429198025
333681355
1158335180
1153762003
1132313302
1164368602
1131133662
626002654
1147232996
689519353
1158333179
207571711
1138932482
1132313348
1131094789
1131248390
1131133705
591287051
1135833868
1194306319
1071821584
247040785
890450706
256066320
1151896349
1163920166
291117864
417037098
1138932523
256490282
1022587693
976157486
470485807
1143120683
418042673
418042680
1139993403
979888959
890450752
1116734273
416047938
1132313411
1122466629
1181156167
689138513
207608658
410207058
1151896406
591287126
1169218393
1118307163
1194222427
1122599773
1135833957
1134363498
1151976304
877214580
890450807
1131133816
776385403
418038655
1131094915
27091845
410207109
256070533
1132313480
1117959047
1158333322
1106336651
890450827
1135612812
244069262
262370184
1122413461
1162251159
1153571741
1164405675
247114667
1135594413
1128831919
1120052145
851010483
1122302900
1135784888
32994251
207254481
1153878994
262370262
1162318810
1130935262
1122302946
1142229986
1131133926
1140052967
1145361387
1116386285
1153879022
1183591407
1139698676
1116386292
1141027830
1183591415
1140052982
1153405943
1124109306
244069371
1126783995
1120439291
205331455
1142230020
701191175
1116386318
1118850065
1194337306
1128885284
1145361446
1120439336
256332842
1126784045
1164405808
277834802
1124109363
1116386361
986731578
1151896634
205110331
1128832061
430425153
1153406017
1122303044
689138761
583928906
1116386379
355017808
1138256977
1118850131
333681748
1132307539
1131134039
247041113
1126763611
1106402396
256066653
1126763618
1164405859
1105122404
1121125474
256971877
1194314855
1069948013
470938738
1122600058
1139901565
1120439432
1127052427
890451084
1152031885
890451086
890451087
1131437199
469812372
1128832149
299457686
1131000983
583928984
540159125
1302844568
540159129
1142230173
27092126
1106336932
1124109476
890451114
1116386476
410690732
1122550960
625669298
689519797
1183593654
1142230203
1120507073
1141025986
1116247234
1141392584
1131001034
1121125588
1135498454
1302844635
1135498464
689622245
1117959402
1141392619
1122551022
416009459
1120507127
1135785208
689136898
1106404612
1181650181
1120507142
1145527558
505765125
494451977
258155780
1131001106
1152804119
1124042010
256490779
1120507164
1135498525
1117959455
446936351
1153572129
1142230306
1164406049
1122413862
1152804135
1130878249
1127716138
416009515
1151974697
1069948205
247123248
1117959478
82779447
291128634
1122600253
1152804160
1158247746
1151896901
29941061
1139901773
1106603342
1124042063
1152804175
291128657
1131812176
1127099733
1120439638
25726293
1124042071
333682006
416032090
1106335066
25877852
545580383
207609184
1122600287
1137454433
588502376
420353385
1176927594
1158333802
1127818605
1153406318
1128787314
1116247412
1106337147
1155499388
1301519740
1135498620
420353403
1117959552
1127818622
890451329
1139901825
25286012
1158247814
1106335111
1135422855
1124042127
1127099791
1118014869
207617430
1139901854
679347619
1151974820
1158247856
1186469297
260300211
1142410676
1134501305
204991930
1118309819
204993983
287397314
886425026
1127052739
1177083339
1153406411
1127767509
419659225
1127099867
415802844
1118889442
1117031908
1151974887
688942569
1134376425
1137567212
1140059628
1137567216
1118889457
1152032242
530679283
1162249721
509408763
1213726207
1131095553
1131001349
1131437577
247178768
1120386577
1137567253
887299608
256347675
256331293
1026393632
1141026338
1139545634
1123890731
1118015020
1135498799
1118015024
1158247988
1120507444
1140186694
1141440074
886425163
1142410830
1194192463
25763412
1144882772
277835355
82779741
1141067357
1164406367
1164310112
1152804450
1130933861
1137567336
207607403
1134376557
443010672
1120507505
1127767666
1127767670
1153760889
676822652
1194327683
1142230667
1119200908
888678030
1137561231
256978581
1213370009
1141440153
886425247
1141440161
1153572514
1181245091
1116391076
416077487
447563448
331632312
1116712632
1134376637
1116391101
416835261
1138859719
888678088
1118015176
416077512
1106405069
330024655
1120386768
254940880
1118850772
1151897301
1155499732
1153406683
1130933988
1139936998
1187958502
1026404074
1116354283
259114738
1158285046
287368951
1116196603
1137561341
1120507646
1116391167
1134677761
1116391169
1130897155
1212694276
1206843141
1164310281
287368972
256063257
1153406749
1302849310
886716190
1120507682
256335652
777043755
1116712749
1124179757
687935281
1140186930
476417843
1130934068
1117990705
257664825
1162250042
1116376891
287369020
1153761082
1141509952
1119201090
1164308290
1116354372
69429063
1148841800
207720265
1158285132
886716239
1153861456
417152853
690880343
247179097
1206843230
269274974
333680482
1131095906
1116180326
1141509991
1153832814
1116301167
877213553
1116376948
1153832828
417023869
886716287
1116376959
877213569
888678275
207720324
1121134469
380995463
256335754
1131044747
1130934159
955076497
1153861524
1131044761
847882146
1117990818
689520549
1131044773
333651877
1117990826
847882155
1127780275
1194293172
1116377013
1158248372
1140076467
1124179897
1153832891
1116377020
1135454146
1142228933
1134677958
1119217606
1120534472
1127780296
1131218890
1301579723
1119201226
1131044813
382410705
1142228948
1116377053
333651936
1153761253
1141440486
980010983
1140017128
1116196842
1131044846
1135566834
1139052542
healthcare:speciality=*
746
1138290701
1138290707
1130897428
1164312597
416018452
1153572887
69431319
1140138013
878876704
443009056
1124149294
1177804848
1131247665
1131044917
1116196925
1153833024
1128755265
1153833036
1337968717
747534418
1116354648
1141979224
1153761375
426059872
434153569
1128888415
1141067872
1158285408
1129605217
1141510241
1145507943
778098792
1272121441
1135454311
416014444
1116713068
1131575407
1129605232
1116196978
1128755316
1124149365
1131575419
1125419133
1135454336
1134678145
1151977604
443011205
1131188356
1153886343
1131188360
1128851592
1141510284
1158285453
1153861774
256491661
1116301456
268439698
1138964628
888678550
268439703
259100824
1142411418
1206788251
256067740
1153886365
1131575452
1139052706
1153833122
257665186
1141979305
1135454384
1131045040
333680816
887097527
207720638
878876867
1135833286
257665228
308009164
1131045071
980003027
877213910
245930201
1116332250
1120047323
1128851680
1116215524
1138964709
980003047
333680879
1194240239
1194240241
1194240246
25876726
277831928
257665275
247113983
256332034
1153833219
1114863876
1172904202
1301598476
1131188494
1141510414
889528592
1139523856
1116301586
1131219219
886552852
469262613
1117958422
1131219224
663894296
256332061
720689438
1114913054
688976167
1187957044
1153833270
1114913082
1130897725
1114913089
416014667
1135567186
1141440854
256495965
1194281311
1139423586
1153833316
1163919721
1118849386
887097710
1135833455
1131094383
1177747826
1153833330
1135784308
256584051
1118308726
1172904310
1116301683
1118308731
1172058500
417001863
1177747850
1163131275
204994961
1153833364
1145510294
1118849433
1177747869
1135593887
1338907040
257163681
1131248034
1122412962
1143120290
262949290
1128755627
246763951
889475506
878877106
986724788
1127082421
1106336183
1134363070
298176960
1134363072
1194228162
1194250689
889475524
1118308806
257163719
1338907087
255017426
1117958611
1134545364
420358613
986730967
1117958622
1055511009
877214180
417001957
1123863020
571595244
1126816237
1194228209
1120180730
293274107
1143120380
1338907131
1114913278
216281599
673989122
1134516742
1131248136
1145508361
1122703882
1131248144
1120317968
1124092434
25082397
1131463199
1131094560
1158335009
469803554
1119820324
1197308453
850633255
258155049
1132313138
1117958707
1129611827
1118849589
1141510710
1117958709
1145508403
583952956
1134647869
1120318013
1142229568
207606338
1124092483
1124092487
1164311114
1134418508
850633296
1124149841
625988177
1158335059
1123863127
533516890
1119820379
579797597
1163131486
1135784543
1313303138
1135594087
1134418536
1129611882
850633324
1124149869
1141027440
1135833714
1141027442
1158335093
207719032
1231706748
1132313212
1153573502
293278336
1071821445
890450577
1131248283
259285661
207719071
989207204
1030660774
420364970
431745712
1118849715
1158247093
291465911
429333176
886977209
1138299582
1132313278
257665728
1129611972
1030660805
1125419719
689138376
1120180939
877214416
1123990228
1122343637
1129611991
204993245
1131094750
287349472
291117794
886977250
591287022
1139479279
291117810
890450677
1212357370
1138256638
1131133696
1123863296
1117958916
299498247
595651337
21433098
1134418700
1132313358
256496398
256490259
1162251030
258159382
1131094811
1123990299
1116381983
1131133730
247124770
1131094837
207270712
1134418746
420369212
416047933
1119292220
1176877884
583879487
1131094850
886977350
1138256715
1071821644
1145361230
1134363474
416047955
1118307156
1131094866
1184981853
1138275166
1134363487
486151009
69415778
1120181092
1151974245
256494437
1122646898
970754935
979889019
1213461372
1151976322
1163920263
1120611214
976157583
666403731
890450840
1119269785
430226329
1177793435
1153878943
1131094949
1212357541
1142229928
1141369769
1138275242
1134363564
1131094956
689138608
247036848
257665974
1142229952
287427521
417037252
1291051972
1128885199
1122429904
1139993554
877214676
1302870999
1153879001
1153405915
1163920347
877214692
1158247398
1138256875
1162251244
945456109
1135784941
1128885233
1116386296
1131095032
1120611323
1135784955
416084988
1131095038
1152031743
1120041981
1135498242
333653002
698719245
1131248654
1176878093
1194337296
82779156
1138256919
416048152
82779163
1116697628
1194314783
1122343968
1141392420
1127767088
1116697653
416085047
256674875
203928637
1128885317
1132307527
1122303052
1138256978
1127052371
1116386391
1126763611
1213123678
886977631
1194314848
1130935398
431907943
1152031846
1194314857
295597159
1134363757
1121125486
1132307566
1122303087
1106404461
1141369970
239729780
1145361527
1158247544
1145361540
1126763653
1118850188
1106336908
256582806
1183593623
1132307610
1183593628
1122600098
1183567011
1183593644
1141392563
1124064438
1183567034
580281530
1124109503
1301636289
1145361604
1155499208
846920906
851336396
1121125589
291124446
1116386527
470537440
1131001057
591287520
69397728
1116386532
1121125608
1120439529
1126763754
1124109548
1120042228
1126763765
1124109558
1142230261
1152804102
1151896846
333681936
1153762577
1164406033
890451223
256582937
1069948190
1140925727
207719713
1158247717
1152804140
1145527598
247123253
1131095353
1121125691
1137454397
291128639
1152032066
287425859
1121125700
1120507205
1142230344
1137585480
1120042312
1135422801
1140925780
890451285
1135422809
1120439642
1134501216
890451296
1118850402
1158247784
1164406124
1152804205
1152804209
1131095412
1158247798
420353402
1135498620
1301519740
545580414
888677769
1135422857
287354251
262342027
1151896975
1215178128
1162319247
1153406354
1087174035
1141439894
1143119257
1118889369
1153406363
1162319260
1152804252
1206842784
262950304
1162249635
1176927652
1137454502
82779559
877215142
1118014892
888677807
689587633
1140059570
1131044279
1153760696
1153572285
1151974847
1197336002
1206842820
1135422919
1186469320
1215178183
583312842
247041483
505810379
1137278413
877215183
1131001295
494407121
1120507346
419691986
689317346
1141439972
1140925925
1141439973
1152032234
1141067243
1137454573
382399992
1152032250
1206842875
1159493120
1130878465
1145527814
1194319369
1137567241
1118889485
1140925968
1141440021
1134376470
1262018071
1119241752
417152537
1120507418
1141509660
888677917
1118015007
1139545633
1137567266
889503267
1155499556
1122467365
1284359718
1140925991
1152804401
207273522
1141509686
1026403895
205020729
1140926012
69320253
1131001408
1152804417
1141026372
1180446284
1135498829
1120476757
277835350
443010647
1120071258
1158248027
1158334044
443010651
476417628
416042589
256497243
207607393
1141026403
1139455587
379573861
1119217260
1122508396
1120507505
1350940275
1194327668
1151977080
1158248061
1302820484
333653638
689587854
291102351
1130933904
1162372756
1127767706
1118850723
1118015142
1153572528
1162372785
1116300980
258148020
1144882870
434153144
886425273
877213371
1152032444
1137561283
1127110341
259284681
259286731
82779852
688975566
1141509840
1141067472
1118015188
1127818964
1144882902
1141440214
730891999
1106405088
1120507618
1181245157
1158285038
1116301039
887299824
1240465137
777043696
1141509873
1118850805
1153406709
1116180215
1141026553
1145528058
1135453953
333680385
1116301064
1131095825
1116215061
333682454
1130897175
1117990680
256063258
490041118
689137438
224945957
689477420
1135453996
761225008
476417843
1127819060
1139937078
1119201080
689477433
877213501
886716236
207720268
1119833936
676519766
598196059
269274975
955076449
233056098
331628387
590806885
1131044710
1182482282
677341035
1140137842
296224626
886425460
333680501
417152886
1144883061
659959671
1153572728
659994484
1194327925
431896446
1116180361
835450761
1116331915
196173711
1162373015
1138939800
1131093915
1140076445
1137561503
676804525
1194293166
1139937199
1134399408
1153832879
419706800
1134677941
886716346
1140076476
1116354493
1120122815
1140076484
1137561543
954777543
877213643
1145507790
1116377039
416835540
1134677978
257664988
1141026781
1144883171
1194293220
989206506
1131044846
293277683
1131575284
754130933
443009015
1162373116
1116354557
1153832958
1137561599
health_facility:type=*
746
1153832968
1137561610
1103263755
1116215308
1135566859
1153832975
1131094033
1153832977
1141067798
1116377110
1153861656
1127780379
443009051
1128755228
1122269214
416018463
291090467
1123989542
1131188266
1140076587
443009067
1153833005
491513899
848517167
416018481
1120122931
1116377145
1140138043
1140076604
1138290749
626014268
1153833024
1177804864
291133507
268439619
1134399563
1153833041
277835864
1122689126
1153833063
1122269288
1131044967
416014443
878876781
1141067886
1155500142
256495727
579768436
1124149365
418349175
1139052669
1206788223
1153886337
1151975554
1124149384
888678540
1116354702
494153870
1128755344
1141979281
1128851598
1122689174
1139523735
688976029
1128888479
1145508001
269275297
1141067938
1134545060
1106335905
878876838
980002982
1141510313
419707056
1128851634
1120030900
1130897590
1153833142
1088925880
1131188412
887097537
1194281156
1158334665
877213902
1120030929
1127123156
1125419220
1194240213
1138290903
889528536
1126815961
1127123163
980003043
1153573092
1145508070
1116354791
1124149478
1140017386
625983724
878876912
1138290929
1141979378
1135818999
894032121
1120047353
1135567113
887097614
1194240273
1139052818
1135567122
1206788371
887097621
1194240277
1106336025
888678683
877213982
1151975710
1141440798
1141027103
889528616
889528619
1187957044
1194338616
878876989
1123989828
887097673
1131188555
1194250573
1194281298
1141440851
1194281301
1194240343
635126106
1158334810
1106336092
387766623
387766626
1164310883
387766628
1135784293
1128851814
1117958504
986724715
287383919
1128755567
1131094383
256584057
980003195
1163131263
1127082374
1123862918
1106336135
430207369
1137463690
1116301709
624273805
1155500431
1131188631
1158246812
1197332906
203946410
658919853
1118308787
1131598271
1139052992
212748736
1125419458
1145360835
258157000
1131219403
1142409680
986730960
1118308818
954628564
1125419483
1164308961
1135593956
1145360870
1153573351
1119820264
254812651
1120020972
1114913261
309821934
1124149741
1143120370
256334322
1131248117
1131094521
583322108
207563273
571595275
1197308427
417001999
212746767
1071821335
1194250779
673989150
203923999
1071821346
1141510695
259267114
287363631
1131794992
1124092466
1162250806
1134647863
689138232
1124149817
1130934840
625988157
1134363199
1123990082
1119820355
890389060
1071821380
1153761868
1122413133
877214285
1116389966
1117958736
1145508434
256334420
1162250836
688009815
1163131481
470485595
1164368475
1122413154
976157286
1158247014
1313303142
1118849638
890450538
1123990122
1124149869
1141027440
1119269489
1069990512
1126816377
1132313223
877214344
689138311
33084044
877214353
1158335123
1135594140
1129611937
247052962
1302807202
33360551
1155500713
1126816427
1130934959
638333624
890450617
291117754
1158333112
1131133636
264059589
1119292102
1129611976
626043594
418042576
333681366
382399190
1131248346
287369955
1132313317
1122466534
1116381928
886977257
429318890
1135784680
25877227
207719156
1119292153
1141025531
1158247173
877214469
33213192
1131094794
1131094798
330183442
25762583
382405401
291117850
1143120667
1142410013
1122343709
595651365
494437165
21433135
25414449
1177793334
1194259259
333681467
430203707
1330469694
416047934
25414461
1194222400
291117890
1158333251
1117958983
1330469705
1139053388
1122599766
1118307159
333681497
1116382044
256498525
583928670
1158247263
430244704
1120090979
417037160
1116382059
1135612780
410207084
430433135
256066417
1162251122
1126783864
1151896446
255740798
970754943
1132313476
540138374
1122466699
890450828
1146217355
338246542
1135594383
1176877968
1138256791
1116246942
258147237
540138406
890450854
1138275241
430226347
1141369775
1194337205
1139993526
877214647
877214651
291118016
1139993540
291118020
1153878990
207256529
1163920344
1145361373
659712996
976157670
1194337255
353811432
25877483
1176878059
945456109
1141025784
1120041981
244069378
1122343939
1135629322
69311499
1120052236
269368334
1123904528
256334865
1132307473
1194314774
1139993622
1106402327
1177793561
1140898849
416048162
1162318886
688942119
688974888
1194314791
886451242
886977577
1117959214
675699759
69479478
69481529
69479483
434357309
676820031
1194314817
1126784066
877214791
1126763594
1131000911
1126784084
1069947995
1128787044
256066661
1116697707
688974956
591287408
1152031857
1153571959
851336312
1158247548
1164405887
1132307590
540159117
475407501
1131248784
1134363799
1116247192
1132307608
27092130
625669283
1135498415
1158247606
1128787127
291124408
1137454272
1069948097
1194230978
1120507078
1135498438
1145361611
1215177934
1124007119
890451154
688942290
1120439508
1131248854
494142693
1124007145
890451178
1140925674
1118889202
1301476594
1131095282
1127767285
1124007162
1121125633
1164406017
1134683396
1164406023
1139549451
256582923
1131437325
1116247311
688942353
1152804116
1117959448
247041308
488783135
207719712
207719713
1124042020
1130878249
333681961
1120507179
877215021
1153406258
1128787251
25285940
1128832307
1141439798
877215031
1194231096
1142230323
82779450
847277371
595221821
890451262
416032065
1135633730
291128643
277835077
1131095367
1139901776
505810257
890451285
1153572183
416032087
988611927
259108184
256335195
1152804183
1120042333
1127052640
1124052323
1141439843
420353382
588502377
1128832361
416032106
1116247409
689462645
1152804214
1124042103
1137454456
419691901
1106337149
1151896957
1194190209
291120517
1134501256
1151974793
966120843
688975244
25286028
1194190224
886424980
1164406167
419691928
1145527707
1127767451
890451357
1152032158
1158333861
69299623
25877927
1117042092
635389358
1206842802
1194319287
1164406200
1164406202
1137454523
1120507323
1151897023
1151897024
419691967
678344130
888677831
1215178191
1142230486
1215178201
277835225
659607004
1158333917
101060063
1164312034
1302851054
1177083377
689462770
1141439987
1130878452
315260404
1350964726
1141509623
419659255
216264184
1152032250
1117959674
1213726211
1158247941
1158247950
1134654991
236082704
1134376466
247123476
1153760793
1118015004
1120071199
1122467359
1122467367
1122467369
1140059689
434351664
1141440049
82779699
1143119413
1164406328
1140059707
256583229
1087174207
1151897152
247051839
1137567297
1118015054
1118850638
1206842963
333653587
688942677
1158334047
1153406561
1158334050
687967844
887113327
443010671
887113329
1152032370
256583281
1120071282
1137454706
1350940272
355024506
236082812
1142408832
1124179594
1137454733
1301503631
1301579412
1302820501
1141440152
887299740
1119200929
484402852
1143119525
1116391077
403148452
256497321
1127110313
1119217321
1118015148
417160879
1137561266
1206843058
1127110326
484402877
1119200967
1131044553
1140186828
1194329809
1118015185
1127110356
1116391124
333680343
1194327773
1162249953
1206843105
1117990630
1117990637
1116196599
1141026553
1116301067
1158248211
1140186902
258160407
540139287
1140926238
1120507680
256063265
1158285090
1165383457
1131044645
258150189
1141440303
1116712755
1140076340
1134399283
1181245238
1135454009
1141440320
1116376899
1301579587
1116180293
1118850891
1131437901
598196049
207720278
1148841816
287369048
689463128
1155499867
299618142
416819039
1116180318
1141440352
888678239
1140076388
333682533
287369062
1106403175
207720293
256497515
1137561452
1116376941
1120507758
417023857
82780017
1140076408
1120329593
333651844
677341060
1122316170
1130934154
1123989388
1141067658
1169094543
1122316178
1116301206
1116196761
1140076442
1116354459
1155499931
233056158
1120026529
256491427
886552486
1145507751
1116376999
1138939815
1145528234
293283756
1135454124
1124179886
1116331958
1153572793
247037881
688943034
416835514
1302773693
1153572798
1120026559
1131095999
431896505
1137561538
389941187
1121134533
1116331974
410697669
389928904
1121134542
242823120
980010961
1131757522
1138939859
1120507862
980010970
1151977436
1120026595
470353893
1169094630
1135454183
1106405349
1120026603
1148841965
1176965103
1134678001
1189148658
1131218930
470353907
1153832955
269275132
healthcare=dentist
746
1131044864
1137561602
1158334475
1140187149
659959825
1126815761
1153861652
1117958166
1131044886
1131575320
256493593
259274789
989206566
1123989543
1087174697
1140138028
1116354605
233111599
27093042
295598135
417112120
1135454265
1135566908
1153572924
287342652
333652031
203978815
1130897468
1153886274
257290308
1130934342
1145507915
1164308555
426059855
1128888399
1116354641
1206788177
245930068
1131096152
287342681
1134399577
1122269278
1153886303
878876768
1141067872
1137561696
256067685
1272121445
417112167
1138290795
416018540
1131044973
1131094127
308004976
269275249
1162319989
1153572982
207597690
269275260
1116301438
989206655
491133056
1131575429
1131188359
1212354695
1141979275
1135818893
1117958289
257665173
1122277527
1153833118
1153861796
1128755371
299452589
1153886383
291131570
1155500210
256135346
1131247797
1140521141
1151975607
1131045048
1131094201
245930173
1138290877
1127123136
1130897603
1141979334
687362250
25764044
1120047309
625983699
1141979348
1153571028
1122689240
1158334681
1126815961
1123989723
1189392605
25876706
985948392
1131094249
1116332272
344484086
1131188473
1131219195
1118308604
1145516284
216269056
216269058
1135784198
256493832
877213960
889528585
470354187
1117958412
205322512
889528593
1128755474
1138290962
205322517
1120059677
1118308640
726796583
1135819049
1131575594
1134545199
1151897024
1134545205
256975161
1134383420
247040318
1116301638
877214024
1145360713
1118308684
1162250573
1123862862
1069990224
986724688
1124149586
417001815
1153761624
1069990233
1123862875
1135593822
980003170
1124149608
25876841
1163919721
1194258796
1118849410
1134363012
1088995717
1141440902
1145360776
1134383497
886976911
1338907023
443013526
1120180631
1145510298
1145508251
1131094429
1194228127
1134545313
1142229413
207264168
1163131310
1158246834
877214133
1124149689
1134516669
291135933
946000320
1119820230
1162250699
571595212
1135784397
1134363091
1124149718
1089343959
1118308828
1135593953
1158334946
257294819
486207972
1127082469
986730980
689519073
1170423803
293274089
1118308840
287343088
1118849520
1177747954
1125419506
1145360893
1116389887
1114913281
1071821314
1118308873
1155500554
986731021
1122343440
247114266
1131248158
1131248160
247114275
1116389924
1122413091
1338907177
259267114
1122343468
25414189
1141027375
1145360943
25414195
1134647860
1338907191
689138239
1139524160
204991040
204991041
1134418499
1134363205
849635921
427686482
1126816341
1135784544
1139524198
33360489
1162250872
1126816380
1106336381
1129611900
1139524223
886977161
1190099596
429333133
1135784589
1122646671
1069990546
1125419677
1158335142
1272064678
1122767527
1131133609
1131248298
626043576
1123863234
1123863237
1151976136
1138299592
1122646733
1147232975
1131094735
857311957
1162250970
287349467
1194250972
1194306268
204993242
1138256610
1194306280
1135784681
595651308
494437103
1116160753
1190099698
1126816499
1120180980
626002676
1125419768
1212357370
470485754
256066300
256334589
1138932481
1116381956
1194306313
1139053321
1301480205
21433108
287349527
1163920151
877214491
1120611100
1022587677
1162251042
1131094821
1132313383
1116734249
1194306347
257665839
1272124208
1022587695
1147233072
890450739
1131094849
1139053388
1071821645
418038608
1131133777
1132313426
257665874
1116382042
420365151
1118307171
295598949
1151974245
1120090983
1132313452
1151896430
591287151
333681520
1330469745
417037168
1162251124
1116382070
212751222
776385400
354007934
1134363519
1126783872
1122550655
205325182
1213293446
1118307206
1131133833
540138377
1138256779
1151896472
354007962
1117959068
1130935197
1153878943
1158247338
1283996588
1158247347
1153878965
1120052150
1122302904
592235448
1164405691
1122302916
1120052172
1162251214
1194259406
1135498192
1120318414
1122302932
1225386965
1126783957
690060247
1126783960
1141027809
1155498978
82779106
1125420004
1164309479
688974824
689138672
1139698676
1151976439
1153405943
1153571834
851010555
1151974396
1117959164
1155499006
1143120897
1153879042
1118888961
689138697
1151896586
1131133961
980003850
980003853
1194314765
960123916
431907856
1120318481
1128832018
1135629333
1122303005
416048160
1116386337
1301617698
1108440096
1135629348
1194314790
1122599975
1164405800
1164405802
1142230059
1213123627
1194337325
688942126
1116247087
1118889008
1137454129
1194337326
1151896618
1137454134
1158247479
1138256955
1140898877
1120439358
1120439359
1069947966
1118889029
1177793605
1116386375
470938698
1145361484
1128885324
1135498316
1120439387
25289819
976157791
1140898913
430423138
1135785059
431907939
1069948005
1151896701
1151976576
851336324
1302844554
689462417
1127052435
1128832159
299457695
1137454243
1302844579
1124109477
1183593645
1119280303
1141028017
1120507059
1314888887
1122600119
1151976648
1152031946
277834961
768961747
1145361638
1131095271
1120042217
1124041962
648205548
1158333683
588502260
1131437300
205014260
256978167
1124007157
877214974
1128832259
430245124
333681924
1069948167
1153760520
689462539
1120507148
1155499277
1106337037
333681937
1118309819
255737112
1069948187
1215178011
1120507168
29941027
1135498532
293553450
1122600239
420353328
416032050
291128639
1139979583
30043459
1120507205
1302814027
1124042059
429311312
877215059
1134683475
1212628311
588502360
1135498585
429675865
1124042077
420353376
1194206560
1145527650
25285990
588502375
505810280
1166663015
1131044203
1151976814
420353391
890451311
256331119
1135498614
333682041
1137454465
1118014861
1139936656
1137454482
890451347
287354268
69404061
291108268
1138830764
1162319277
689462703
1106603440
1123843501
344686004
333682100
1155499445
205329848
417152442
1143119290
204998076
287397309
419691966
21433791
1122414012
277835201
1127052737
207570371
256490940
1142230469
1123890630
1151976902
1177083336
678344133
1164309954
1162249668
1127718349
689317328
1152804308
1158247894
415802842
1026403803
1139901917
1164406239
1122600415
1117031903
849626591
1127818725
315260397
1140059630
287426033
484402674
1127818739
415802867
418080241
1153760758
888677880
1131095547
1134654978
412775941
1164406278
1122467336
1122467337
1130878475
1130878478
888677903
1140186639
1140925967
1162319378
205413909
849626645
1162249751
205413913
759760411
256347681
676519462
1164406312
1137454637
1158247985
887299634
1120071217
1162249780
1074226747
1302785601
582778434
1117032005
1119217224
1295097416
1131437647
1137454676
676822612
1153760855
254940762
355020378
1164406365
1140926047
676822625
207607396
1141509732
1206842982
1120362087
1144882798
1350940270
256583278
970792560
1140926067
1144882810
887113339
1135453823
1155499656
1332614794
1144882829
1135453839
291102351
1137567378
1206843034
333682330
689477276
1141067421
1131095710
1131044514
403148452
1117990566
299452071
298870448
1127818932
1141509822
1135453890
256331459
1130933955
1141440196
1301579462
1131044550
239650509
1158248143
1124179664
1240465105
1122752210
1141440213
1116354262
203921111
626034391
1087174363
221304539
877213406
1158285022
1116301024
1153760991
1116180198
1301579497
1176964852
540139256
1158285050
1131044604
1116301053
1177083645
1117990661
626034442
877213457
1131044627
269276953
256673563
1122752284
1127767837
1127819044
1130897190
1140076328
1116301098
1122752299
247179054
484402999
1162372920
1206843198
1144883007
1116712768
1021548353
1116354388
207720280
207718233
1131437914
598196062
689463138
1152032612
582518632
1143119724
687935340
1152032624
244070258
1153861491
277831544
1144883067
1177804670
233056137
1194293130
1124179850
1181245322
1122316172
1122316175
1116376978
886716307
1301579668
1121134483
1140076440
1120507801
1162319781
1131044774
1131095977
1131218862
1120507828
1141440439
877213624
1116377018
1151975355
1155499964
1158285244
293283770
1131044802
409743299
1127780294
1153861575
420325323
1116712910
1137561552
1158285266
1116301267
299618268
1153832932
1127780327
1116301290
1121134571
1139052524
1116354541
216274926
1140187122
886716403
207718391
877213690
1140076539
1120180220