9
amenity=bank
746
1130897413
1145507846
416018439
293277706
257665034
1148841994
1164308497
1119834129
1140076565
1153572889
203917340
1151975452
1116377116
1116332060
1116354592
1116332064
1131044905
430420010
1153761326
417112121
1135454265
1131188288
333652032
291133509
1134399559
1131575369
1153572939
1131044940
269277261
245930062
1122265166
443009104
1138290769
256583761
1134544979
1131044945
1106403412
1135818838
989206607
1134544984
1153761370
1158285405
1130934367
1141979236
1206788199
593889385
1131044970
256495725
1155500142
878876783
293277693
1142229110
1116354683
1153761404
419707004
1140138111
1128851585
1206788225
1130934404
1129605254
443011206
1141510280
1128888455
1129605263
1125419155
269275283
1129605269
257665174
256497816
258156697
419707035
1153833116
1128888477
1124149406
877213863
419707051
1162320051
1114912948
1145508020
245930165
1153886389
1122689208
1134678206
409747647
1116215486
1131045057
1141440706
1130934465
889528514
1153573056
1141440712
625983690
1116332234
1141979346
1162320090
1142229214
1120030944
1131219168
355025121
1194240230
1301598444
1106335983
1158285552
1120180466
888678644
1087174903
1116354807
1140017401
1125419258
426060025
1118308603
1120047358
1138290944
333652231
256493833
1141979404
331630864
625983762
1141440788
1118308631
1122343194
1120059678
1120031007
1153833248
1106336031
1206788388
1135819048
258165033
25082154
986724661
980003128
1124149561
1131219256
1069990206
256493887
69450056
635126093
1135567181
287383894
1128851799
878877016
416014683
1194258790
25082217
1134362986
504672623
1194240368
1194281329
1141979504
970762612
1155500413
1135784324
1158334853
416014728
1177747850
659577227
1131219339
1155500426
1177747859
1120180628
416014743
1139523992
1118308765
1120317853
1126816164
578460076
688976304
69476787
1153573300
1089343931
1163868609
1122343370
580276682
1194222027
1128755667
1141510613
1145360858
1212357082
484403682
1172904426
1158334954
1177747962
689519100
1158334973
689519107
1138891272
1122413070
1135594003
1187957270
38994459
1131094561
1124092452
203924014
1119820335
1116389936
976157236
287363638
101061176
1158335033
1132313147
1119820348
1131133505
1139524162
1143120452
1127082568
1071821386
1117958730
1194213966
247040591
1197308496
207606355
1124149853
1231706718
1134647915
1122413168
890389104
1123990128
49543797
494467715
890450564
1129611912
1194222216
429333129
1158247054
224950927
470485648
1272056464
1272064658
403100313
33084068
1158247077
247052964
1116160684
675316399
1138299568
1190099644
1116365500
976157373
1116365501
1123990208
1030660802
1162250948
877214407
257059534
1163920082
1151896277
1141027542
1141027543
287349468
1071821536
1162250980
1135784682
330443499
1194306284
494437103
1116734196
1119820533
1116734198
1176877816
890450683
1106602765
333681424
1119820578
1022587683
291117859
1122466597
1131248422
1119292199
1071821606
1117958959
1330469679
1116382006
1122343738
1164311354
1158247228
1135784772
1132313415
420369225
890450761
1122343759
1120090971
256492381
1135594336
1139993440
1162318692
1119292263
1123990376
886977389
256066414
257665903
247051124
1117959028
1118307192
1153762175
1122413441
1330469772
1176877964
877214607
1138256789
1125419926
484248471
1143120795
1074226081
1118307234
1131133857
333652903
256070574
1162318768
688942001
1153878966
1134363576
1122302905
688942011
1134363581
1291051969
333652929
257162180
688022470
689316815
1139993558
1143120856
1131133915
689621980
1153879005
1272026078
1194337247
1120611295
431907806
660470764
1131095021
877214705
1120041970
205331445
333439990
1122429941
1194314750
1118888958
1141025797
1153879049
1122599946
1122599948
1164405773
1128832014
890450961
256332818
1177793556
1141027861
1130935318
1120052247
1155499029
1127126041
1142230043
1153405979
333653019
1164405790
1122429987
1120052259
1122343972
1108440102
877214759
1117959207
256490537
592235563
205110317
1131000880
1132307505
986692658
1194314800
1151974449
877214773
259284027
82779202
1123904579
1302881346
1116386378
403162193
1139993684
1152031829
1138924631
1134363740
1302844509
1312310369
1153571938
1142230116
950512745
1148781673
591287403
1181424748
1132307572
1302844533
877214838
1122600054
716876922
269276284
1130935424
1128787074
1302844553
1122550922
1116697739
1164307596
1106603149
1069948042
1153571986
1131248788
26242197
1145361558
1132307608
1126763676
1124109473
1122303141
355009710
1164405937
877214900
1152804027
1123843260
1152804034
1215177924
1135498436
1158247621
1135498441
1142230224
1151974613
1118889173
1164309719
1151974622
1302844639
1180869856
1153406177
1152804065
1127052515
1122600161
256068831
1116247270
1301636321
1127052520
417178857
25877743
1121125618
1126763763
256978165
205014261
416009463
1130878200
25877751
1142230269
1120507139
333681926
1127052550
1139549453
1120507150
259112206
1128799504
1153406231
1141392665
1139936539
545580315
1140925725
287380766
1212710174
988611872
24960290
886424870
247037225
1135422762
1124109611
1131001132
1139901740
1118889265
30043442
29941043
1153406258
1117959479
1162319159
689462586
1301519677
1137454397
1116247358
1302814014
1128832321
1118889282
1120439619
1123843394
1131437381
1135422799
1155499344
1137585488
1152032079
1215178068
1127052629
1151976794
1117959517
988611934
1153760606
1135422816
420377956
1166663015
1141439851
504671595
1116247411
1153406325
1106603382
890451323
1122467199
291120514
257293700
1124042118
420353417
1164406155
583894415
1152804239
291108242
1119241619
1164406164
890451348
1153406359
82779546
1130878368
256333217
257293730
1134501284
25877927
416009644
1139901872
295599537
1151976882
1158247859
1206842801
258158000
1158247865
1117959610
224953787
1135498684
1135498685
1127052729
689462720
1127052737
1135422914
247037379
1127052739
890451394
545580488
287346122
1137454540
1137278420
1140925908
69309912
287426010
1137567195
854074848
1153760737
886425059
476417511
415802857
545580521
1135422960
1215178227
1130878452
419659255
1137567225
382406139
1177083389
1151897093
382400005
1118014984
1158247945
1151897107
1118309914
1153406491
1120476698
247123485
1118309924
403146276
1116184103
1120476715
1158333996
1118015024
1152032310
236082745
1118015036
1177083453
1087174206
1137567297
1119241794
1142230595
1158248002
1134376517
1141509697
1141067339
277835340
1137567308
1141440078
1138859602
1134376534
583902807
476442201
255737435
255737444
443010661
1152804454
1141509735
256491111
1145527913
1137454698
1120507494
626028155
688975485
1124179602
333653659
1127818907
1301503647
886716067
247113380
1120386728
1144882860
1116712624
1137561265
1116391090
1240465076
1240465082
333682364
689622723
255741637
256331461
1117990602
1106403021
1144882895
1151975119
1162372817
1131095760
1153760980
257058519
221304542
417160930
1134677738
610539244
777043696
1141518065
1158248181
1145507575
1135453944
1158248183
886425340
416077567
1164349184
376805123
1155499785
258162442
1139937034
333651722
1074226957
1116712719
1164349202
1145507606
416077592
256495391
256335648
1206787872
1141440290
540139303
239650599
1151897385
484402983
1142411052
1120022320
1116196658
1144882996
1127819061
416077623
1124179772
687935294
1301579583
689520452
688975688
1119217482
1134399306
1158285132
1141509969
416819028
416835413
416819030
970800983
1206787930
1140186971
1153832798
403150688
1121134436
1071890277
1121134438
1116196712
1153832813
1148841838
1158285172
1131044728
1074227068
1121134462
1153861503
1121134469
1120026501
1141067658
257664906
207265677
1071890318
333680525
1120026512
1141510040
1131218840
1176965018
1153832863
857331616
1153832868
1116376996
1121134501
1194293161
1153761197
1131095983
1131757489
889485234
1127780278
1123989435
1124149180
1121134525
1169094589
1145507775
1301579707
1074227134
293277647
980010960
420325333
420325335
1206788055
416018401
1141067746
434376675
1140137954
1026410469
1116377063
1135454183
1140017133
27490287
1137561586
1116196851
1116377076
333680628
364001274
1142228989
1126815742
barrier=hedge_bank
746
1116377088
416018433
257665036
1131044877
69431315
1116196890
1135788059
1116712988
1138290718
419706912
1116712996
1124149288
1138290729
245930027
1162250286
1116713007
69431344
989206576
430420019
333680692
1122277430
1119834168
257290299
1131575359
1141067841
257290313
1116354635
1153886289
1212356691
1141979220
1116332120
1134544986
333652062
878876766
1116354658
778098787
877213795
1141979237
1274615910
1116354663
1153886307
417024105
1155500139
1116332142
878876783
1141026941
100274304
1131094145
1131247746
878876802
1142229123
886552710
1162250377
1120180362
333680779
1163131020
256491662
1145507988
413210776
268439705
1284227234
1141067938
207720614
980002985
1194934441
1138290860
1123989677
1128888492
886716591
1212356788
1135454389
1116332217
1134545084
484403390
1144604866
1145508034
1127123140
1162250437
258164940
256491726
1116332241
1120180439
1143120088
333652184
1134545113
1141979356
1130934494
287383777
888678627
1194240228
1130897637
1109278948
1109278951
1158285546
1194240235
1128851692
1116301550
889528558
25876720
1135784177
1274614003
25413875
1139052792
889528570
1153833215
1128851711
889528578
1130934531
1301598470
257163526
1163919624
1120059658
417124629
989206805
403144985
886552859
1124149533
1087174945
1158246691
1134545191
417124652
262881585
1141440821
1194250554
1131219259
258132282
1130897725
1140017472
1134383425
1194258760
1141440845
1118308686
244070734
970762580
1120059738
382404954
1118308704
1153833313
247040354
1134545251
1131094372
1143120226
1123862886
1131219309
1139523955
1118308728
1158334848
416014720
287383941
1127082379
221309325
886976911
257163666
886976916
1114913174
1118849433
1183510937
1140017565
1158334879
1134363040
1163868577
255740323
1143120292
262949290
1158246842
207720895
291135935
258156991
595220930
1134545347
403157451
1158246862
1141510607
203946448
1131248081
420358609
1158334933
580276694
1338907098
986730970
1158246878
1122646496
1143120353
1158334948
1158334952
1120180719
1114913281
877214210
986731009
1131248134
382403080
1141027337
1118308880
1131094544
673989142
333652510
1145360928
890389028
1197308460
470485552
29942321
1114913334
355666490
583952956
1124149820
1164309054
1164309059
890450500
207606345
298908241
207606354
1143120477
32172637
1134363235
257059430
1162250857
1123990128
1190099571
1134647924
1131248248
1119820424
1122646668
1158333069
1194179216
1116734098
1117958802
1123990164
989207189
1124149912
1120318106
1135784604
1194250908
1212355230
1122767519
1131094691
1190099621
247114411
1135594160
376042161
571597493
890389176
1145361081
1151976123
1114079931
1158247101
1151974086
207719115
1194306253
1071821519
277836500
1147232980
1158247128
1147232984
1162250970
429318884
1164368615
418042600
1120611056
1127088882
1194222323
595651316
1119292149
1119820531
1153573618
207571699
626002681
1143120626
1127088891
1134418684
1137576700
1151896318
1151974139
257295104
1122413306
1138256645
1106602762
1130935051
21433104
1138256656
1122413334
258159383
25084697
207721246
1132313382
1237566250
1116246839
1302891319
886977336
1135833915
1122646844
1122343742
1134363455
1153573695
207270720
1134363458
1213221701
1118307146
1123863371
970918732
1116382029
1116734287
430203733
1131133789
1116382048
886977389
1130935152
1131133812
33094518
1119269750
1126783864
1120091001
1151976314
1134418812
970754940
1177793407
1134363521
890450820
976157576
1141025674
244069259
1194259344
1135594386
689621909
257665942
1135784859
591287197
1122466719
1158247327
1194337185
1120052133
1118307238
1134363559
1122343848
1131133866
1126783916
1164311471
258159537
688942004
430226360
1155498939
1143120827
424256445
1122302912
257162177
1117959108
256596933
1151896517
1122599884
247114701
1141369819
1155498974
1158333416
25082856
1158333422
1176878065
470608885
1153571832
1131248634
1151974402
1155499016
1194314762
1153762315
1158247436
1158247437
1122302991
1127126038
1106402327
1158247448
1140053017
1116386335
1120439328
1135784993
256582687
469847077
701191208
1131248688
255740977
1131000882
69479476
1137454137
1128885306
1122413626
1155499074
1105122372
1116386374
333681740
409752654
698719311
1116386383
1127052369
1194314835
776385619
1120439381
1134363734
1152031827
1183593561
580281434
403162204
1069947999
69381220
1116697701
1122430056
583928937
689316971
1122600044
1126784108
689462379
1126784110
1135498357
1131437173
1116386423
1122600056
1132307589
247041162
1137454220
1140053133
1158247566
1116386451
877214871
205005979
689317021
431907998
1135834271
1137454243
26242219
333681835
1131095213
1116386478
1119280304
291124404
1131001014
333653175
333681847
333681849
1183593658
469812412
847277249
976157895
431908046
1135498450
1131095250
1116386517
1158247643
1122551004
890451164
470537437
1139549407
1301636319
1116386524
545580261
431908069
69397735
1301636328
1120042217
1120070887
1141392623
333681908
1158333688
1117959418
689462523
287380733
207719679
1153762561
389928194
247039233
1122430213
416009484
207719693
1337971982
1106337043
256519444
291128597
1152804116
255737110
1215178012
1212710173
333681954
1131001125
25285928
1134683432
1158333736
247123246
1139901743
1134501172
1131001142
679347513
689519930
1131095356
293274944
1139979585
1119241542
1151896904
1135633739
1069948237
1137454413
1350950226
591287635
1140925780
1212628309
1152032088
1124042074
420353374
1194319200
333682018
1120507236
1140925799
1335874920
256331115
419691885
1135422830
1194319215
1118889330
1122467191
1194190200
1194319232
1151896961
420353415
433042824
1135422865
291108241
291108247
205329818
1120071067
1122600350
262950304
256333217
205329824
1138830759
1127767467
1117042092
1145527730
1162319286
1152804279
1131437496
416009658
1137454523
417152444
1127767482
688942527
678344130
849626565
1135498698
1151976907
1177083341
1131044302
1152804308
1140059604
1117042133
433042909
1131001317
1158247914
1142230509
887299567
1139936752
1106335218
1158247926
1213726200
311426554
443647483
1135498746
1139545594
1213726214
1106337294
1152804366
287397397
1152804376
257162778
1139936795
1139545631
1131095593
1153572399
1120386613
1140059702
512572986
403152452
484402760
1137567304
1120179788
1120476750
1142410830
417152593
1120179794
1135498837
1142230614
1206842967
256347736
1142230616
1141026393
688942683
701193822
1117042272
1106404961
1143119456
1120507490
1117032036
443010661
206169709
412782191
1116712559
256495215
1141509746
1152804474
1138249341
1177083520
1131044481
1144882818
27590279
1117990535
277835401
1124179591
1127818893
1138249363
1138249364
1118015128
1141524122
886716058
1120507551
1117032096
1177083557
1141026471
689587882
1130933930
1162319532
247123631
1141440180
416077495
689587896
236082873
886425273
256976571
1140186808
1124179644
1143119550
888678079
1137561274
277835458
689587907
255741637
1127818961
1206787794
1131044561
1206843094
1145528023
1116215007
1131437793
416835297
245937891
1144882916
1116712694
1122752247
540139254
1158248186
1131095804
1151975164
416077567
409743104
205016834
245937929
689463058
1134399252
476417813
256063260
1140926241
256673570
777043748
257163045
1116354343
1121134382
689520436
256493367
1206843193
1122316089
1074227002
257664828
1119217471
1144883008
689520452
1151897414
299618121
1153832778
1162319691
1194327891
257664854
1162372951
1116376922
1116331868
1141440353
1138939746
1104467812
1137561445
1141509989
1153761127
1153406825
207720299
1116376941
1164312429
1131044717
1120507763
416835445
877213564
1158248322
1104467845
1131757446
333680519
431896459
955076497
333651858
1155499930
1131437980
1124179870
1116376996
1131757477
1120026539
1120110510
1104467890
1141510067
1194293172
1148841909
1120507831
1153832887
431896504
877213626
1137561534
207562687
1141067710
1121134529
970801088
256065475
580906949
1117958088
257664969
1116377048
1116331996
1120026590
416018400
1141067745
1120180194
1120026593
417023977
1121134570
1141440492
1189148653
1151977455
1121134576
416835580
1131438078
amenity=financial_advice
746
1131044864
1134678017
1135454212
1116377092
1148841990
1135454215
239650829
416835599
1120026642
1131575319
1158285304
1139052570
1153761307
878876699
291133471
1131575328
1131575331
1153832996
1131188261
878876712
1120180269
69431342
1139052592
1116196915
1158334519
1134544954
1131096124
1131575357
1131044925
1131096128
1116196933
1137561670
25831496
533168201
1123989579
1117958222
1145507928
982880345
878876760
1123989597
1272121437
320135264
443011169
1135818853
1128888423
1138290792
416014445
1274615919
1128755314
205324404
1116354679
256069754
886716540
877213822
878876800
1116354691
232978567
255740041
1137561743
257058963
419707028
1141026965
1194281110
1117958296
1153573018
1141440669
1128851617
1134545059
1206788261
204996774
420335787
1284227244
877213873
1141440691
1128851640
1153833153
1134678212
1131045062
1116354759
687362250
886552779
1153573074
1135454419
1194240213
1135454424
1145516249
25876698
1131219160
1212356833
1194240226
1131247842
1131045094
1123989736
1194281192
1194240233
1142409451
1162250478
980003055
754131185
1131188470
1274614007
1138290936
1194240251
257665275
1118308604
1128851708
1155500292
1127123206
889528583
1135819016
1135784205
470354191
1194240279
980003097
1151975715
256334124
1142229294
1153833263
1135819058
889528627
877214004
1120059698
1116301622
877214006
1194240312
1131575610
1026408764
1117958460
1123989828
1142229317
333652299
1116301644
970762575
1128755541
1135593817
1126752602
1131219289
1140017501
1194240354
1131188579
980003178
1117958510
1122343279
1141027182
1120031089
1139523955
1140017527
1145360761
1194258810
403159425
986724738
1172058504
1142409611
1135784332
204994961
1197332883
417001877
1122412952
256674208
1183510947
659577256
1131219371
1118849454
21270959
1120020911
1139524018
877214133
1116160441
946000314
1338907067
1163131322
409752000
1145360834
1131248070
986730951
1134516679
291135950
970772951
1151975897
970772956
1194228196
309821935
1109852656
1134363122
1116389874
25764342
1155500534
583322108
847774208
1163131392
1114913284
673989125
216281606
673989127
1116389896
1134516750
1116389905
1119291929
287363613
315261471
1131463201
688020001
889475620
976157226
484403764
1118849589
1119820342
625988150
1131463224
1141510721
1124092485
890450509
1117958733
1145360973
25414228
1132313177
1071821402
25414239
25414242
25414246
1131463272
1141027437
1116365422
33360505
1164368506
33084032
1139524226
1138299525
1194222217
1190099595
265896596
420364952
1131463322
333681311
257295010
1194250914
247114403
1119269543
1164368552
1272064681
1162250924
886977196
890389164
1131133615
1131133612
1138256565
1164368565
1119292088
1190099640
1069990586
1122343610
1116365506
1131133639
890450632
1158247117
1117958861
1153762003
1138256595
877214431
1071821536
1116381926
1147232999
255740648
1130935018
1139053291
1118849770
1138256624
494437105
1131133682
1138256625
299498229
591287029
299498237
1123863294
333683455
890450695
626002699
1158333196
1106402062
494437138
21433116
1022587677
1162251041
1119269665
418038566
1153571626
489753388
1119820590
1151896368
416047923
1131094836
418038585
950508346
1116246842
1123863359
1147233099
1158247245
1123933005
354018127
430203728
25414483
1120611155
25414485
688974679
1141027675
256498525
1130935135
207608675
417037160
418038637
257665903
418038644
976683895
1177793400
1125419895
689316733
1135594365
1131094910
1116734333
1146217343
1131248511
258147212
877214605
256582543
1126783887
1141027728
1142229909
1164405655
257665955
1141025704
1118307245
417037230
1122599855
1164405681
257665971
1158333366
1145361334
418042811
1122550719
1138256832
1106402239
877214660
353811398
1155498954
1126783946
1116386256
207567826
690060246
1177793498
1116247005
1134363618
593916898
1122302948
418042853
1106336742
1153762277
256492522
1074226158
1194314743
1183591422
1074226177
1142230018
1122429956
205331468
262949902
1153762318
1139993617
1128885266
256582675
1155499028
1118888983
1158247448
1128885273
585206811
1122550814
1127126052
1117959204
469847082
1130935341
1117959214
675699759
1194314803
205110323
1122303030
1116386362
877214780
1128832065
1140898881
1116386372
890451016
1069947977
1135785034
1120042060
333681745
291124313
1134363738
256971872
1158333537
430435426
1194314851
890451042
1134363749
333653094
1162318951
268438635
1126763630
1117959284
1106336892
1126763648
776385665
1194314882
1138859139
1128832132
1142230148
1134363779
1116386441
1130935434
1122344074
540159121
1143121044
1143121046
1152031897
1135498396
1141025952
1120439458
1128787111
689317033
662650026
1131001002
1120439476
1148781749
688975034
1135498434
430224579
1194230980
1194230982
1135498439
1128787142
1158247625
1120507081
1106336971
1117959374
1158247634
648205528
1135498457
1131437274
1301636314
1137454302
1148781791
1145361636
583929062
1120042221
1194231025
1122600180
1141392629
1128832248
1116247289
1124041982
689462528
1118889218
1128832259
434363661
1212710158
689622292
689136917
416009493
291128602
1130878236
1123843358
247039264
988611874
1120042275
1137585448
1139901740
844846380
1181650223
416032048
1152032048
679347509
1124109623
333681976
1124042041
1120042300
1302814015
416032064
291128641
1069948227
1135422788
1127767363
689462603
1120070989
1135422801
256494929
429311316
851305813
420353366
976190807
1122413912
1155499354
1123843419
1239143774
1121125727
1124052321
420353381
1140925799
1122430322
1153760627
1141439865
333682042
1137454459
82779516
416009598
679347586
333682052
1151896966
1124042120
1124042125
259288462
1118014862
890451345
257293717
887299477
25726357
1153406361
1131044253
1152032159
1106337183
1131001249
886424996
1106404773
1127052710
759760297
1120507307
1131044268
886425006
1135422899
1162319284
1135453622
1122600376
1120507321
1197335996
1177083328
1122414023
1177083338
1151974862
1141439952
1130878422
1131437528
888677849
1118889435
1124052445
1127818725
1164307943
355010024
1135422957
886425070
27180525
1139901944
1141509626
415802875
1135453694
417152511
1134654976
1106402819
1141026310
1134654983
887299591
1162319366
417152522
1151897107
1139545619
1164406292
256331290
257060379
1122414107
1162372641
1131044393
1140925995
1116184107
256347693
888677935
1139455549
1123890749
1141440069
476442181
1131044422
1141440075
1137567313
1122508370
1151975001
32996955
1131095649
1106402918
1145527917
82779767
355020412
1158334079
1140926080
256491135
1140926082
333653635
1131437699
1164312195
207718021
27590282
1134376589
1162249869
1120179857
1134376593
1116391059
1120179861
1118015126
1137567383
291102359
69396121
1119200923
1301503644
256063133
888678049
1194327714
1145527976
1151977132
1127818926
886044334
1124179631
1137561265
1240465075
1158248115
1144882869
1117990583
247037626
1139936961
315258573
1127818961
1134376659
310163163
1141026523
287368929
1120179937
1116196585
688942826
1116196587
1135912681
1240465135
1162319600
1141518065
1127767794
1153572595
1164349180
1127819007
877213443
1162372868
1124179717
1206843139
659994384
1155499794
1141440281
1141440285
1158248223
277835552
1301495585
224945955
1181245220
1117990691
1158285091
257664809
1148841771
1144882988
416818989
1250613040
689520439
1155499833
287354681
1144883002
1153761084
1120022332
1119833918
1120022335
888678214
1116196679
489668427
888678232
256972634
1158248284
299618142
1116376928
1137561445
1104467818
1130934123
1206787948
1148841834
1116301167
82780016
419706741
247179126
69367669
1153761144
1124179831
689477496
1106403195
1140137860
416835460
1134677895
1116301198
1181245327
256583568
1307324305
1131044759
1131095960
1116354457
1177804698
1182482333
1121134494
1153572766
1116331936
333651875
1145528228
1153572772
69318568
1131044778
419706796
1182482349
1074227121
955076535
1116196792
1131093943
886552508
1145528257
1162319809
886716356
1106403269
1121134535
1153861575
1120534472
443013067
293277649
417023954
416018406
1158285289
1120026602
1116377067
1131044847
1140076532
1350944760
416018429
1134399487
amenity=atm
746
687935491
1153761286
1124149257
1144883213
443009040
1137561618
1120026643
1119834134
1120026649
416018459
1153832988
1122263069
1122269211
494450718
1119217695
417024033
269277211
1131094045
878876708
27093036
245930029
540139567
416835632
1122265145
1087174714
291133501
1142229055
443009090
1274615878
1155500104
1153761355
287342668
257290320
1131188306
1131219027
1131438172
540139613
443009117
541646941
1124149344
1134678113
1122689121
1130934368
256497764
1131575396
1129605219
256067689
1162319977
1134545002
277835882
1131044969
1158285424
1158285426
1116354675
1140138104
1169160314
1141440637
1153761408
1116196992
989206660
1142229127
255740040
1140138122
245930126
1141067918
419707022
877213841
269275287
239650967
333652121
1131575449
268439711
1139052705
1153833127
1116301481
256581803
333652140
419707051
256673966
1134545070
257665207
239651002
1116301505
1141027009
416014538
25764044
888678604
494153934
333680845
1123862736
259270866
418519250
1117958356
1135593687
980003032
1120047326
1138290911
1114912991
1116301536
1138290915
1131575523
1177805029
889528551
1141979370
1142409451
1135593712
1118308602
1135833340
1301598464
1145516289
1120047362
1163131138
1138290952
470362377
1135784209
1141440786
1118308627
1262102804
1131575576
1153833249
1163919653
1135819045
1158334760
1118308649
1120059691
333652271
258132278
287390007
1125419322
1177747775
1120031041
1177747777
1131575619
1155500353
1114913098
1163131211
1131575630
1120059729
1135833426
470344020
1114913109
1141510486
1135567190
29942104
1123862871
1134516579
1139052903
1155500403
69450100
1114863991
1135784313
659577211
1122412926
256584066
1141979523
256584072
1069990284
1177747853
1134545297
1126816146
1131188631
333681049
1137463709
1139423649
315261347
1141510570
1137463725
1162250676
1127082425
1069990329
1145360829
1123862976
291135937
970762694
1069990342
1194228168
1131096091
1120020940
1153573330
1128755667
986730964
1120020953
1122703836
580276705
1069990370
1141027307
1158334956
287363568
571595252
1131248118
877214210
25082375
1116389895
1119820297
1118849545
1338907150
1125419535
417002006
1155500574
1163131424
1116389921
1145508396
1141510706
689138232
1139053118
1138891330
1134647886
429333072
672404050
1119820374
689519193
277836381
672404063
1071821407
1071821414
25762408
333652590
890389103
1069990519
1119820410
49543811
1162250883
494467716
21424774
1145361031
268944008
1119269515
1194179212
1135784591
418042512
1134418578
1163131540
257665685
1162250910
877214367
1122343582
1155500702
247114403
1176877732
1119820459
1138256559
291136178
429333176
1116365500
1158333118
1145361086
1123990231
1143120601
1239241437
204993248
333681377
1117958881
1030660837
626002667
1138256622
1145361135
689519345
1132313335
1138932472
1145361152
1143120640
33213192
418042632
1071821582
890450703
33213200
1122343699
257164053
1147233046
1176877850
416047901
21433118
256070430
247124768
1138299682
1122413347
689519401
207270702
256334642
1122646837
1116382009
1116382014
1071821631
1116382017
1131133761
689316678
1153573702
1119292232
1225405256
1119269710
1123933006
287359824
776385364
1131133781
1106336601
877214563
1120090984
1151974249
1117959026
1162251124
1122466693
1146217351
418038664
1212357511
1122550666
1122302857
1118307213
1134363536
256582544
1177793429
257665954
1138256810
256326571
540138415
1153762224
27091895
1162251195
1151974333
247110590
1126783933
688022465
25289666
1153762243
1164307394
1116246979
591287239
1117959112
850719691
1153878988
1128885199
1145361361
1162318803
890450900
1153405915
1106602976
1183544299
660470763
1106402286
877214702
1131248624
1118888947
1158247412
476943348
1162318837
851010552
1194337272
247114744
1155499004
1194314753
205331459
1151896580
27638790
689622024
69311501
1123904525
1194314769
592235538
1177793561
1135629340
1153571871
1138256927
1108440097
82779167
1131248680
1194337322
1128885290
1131248686
1158333487
1141392430
205110321
1151976498
416085043
915620919
69481530
1134363708
355017788
1126784066
258163780
1143120965
1194314825
976157773
256971860
1312310357
1141392472
591287391
1118889061
1134363749
1132307562
1180869738
1106336876
1128799341
1151976558
1116697712
1118889075
877214838
776385655
776385662
1145361540
333681802
1128832143
1164307601
1123904659
1134363798
954725528
1183593627
890451100
1138244767
1128832160
1158247584
1183567008
299457700
1138244773
409744557
689317038
1132307630
430212269
1128832178
1302844594
890451125
1140925622
846920890
1152031932
1120439488
847277249
1164405957
847877317
689390791
1128832201
1116386512
1131095250
1127767253
886977749
1148781785
207275225
1131001057
470537442
1120507106
1122600168
1126763753
1153406186
1131095282
1164309747
1138859251
1119241461
244069622
256492792
262950139
1301636351
256582912
1152804100
1139549448
689622280
1152032012
1164406036
1124007190
1120439575
255737112
886424858
877215007
1120507168
1124042016
262370595
1124007205
447565097
24960300
29941038
1118889263
29941041
890451253
291128643
1118889284
890451270
1152032072
1120439624
207562058
1215178058
1124042060
877215054
886424915
1145527635
1122430293
1122600278
1118889303
333682007
847277399
420353372
207609187
1120071013
954819942
689462631
1131437417
25285994
1124042091
1151976817
950549878
1164311931
1127052671
25286020
1138830725
484728205
21433741
1074226576
291108245
688975254
1118014873
1117959587
890451365
1106337193
1127716266
1162319277
1135453613
1158247853
1158247856
484261299
1117959603
888677813
1153572277
1141439926
689587635
1118014905
419691967
1117959618
247037382
545580487
1134654919
417152462
888677838
1206842835
1137454552
1117042136
1152804312
415802849
1137567202
659607010
659607011
1158247911
1074226667
1152032242
1164312050
976190964
1118889464
1140925950
1131001343
849626627
1106404870
1131001353
1350964746
1118309899
1153572367
25083410
1118309910
1152032279
1118309912
1151976985
418080282
1120476698
1158247967
1118309924
1127818791
1142230574
886425138
1145527860
1194327605
484402740
851033652
25081406
1118015038
1117042239
1131001409
256347713
1143119427
1295097410
1151897158
1164406343
443010639
1152804432
1151977042
1206842968
1118015068
355020381
1152032352
1140926061
1120507502
410680944
477853299
1158248052
1140926068
1124179571
443010679
254811767
1141440122
979961468
1141440125
1124179580
1137454723
1131095683
1117042314
1106402959
1127706256
1302820504
1141524120
1127767706
979961499
1122508456
886044334
416077491
245937856
690880193
1141440194
689477319
1135453899
1135453903
416077530
310165215
1155499749
1120507621
296224487
1141440237
416077550
1148841711
1301579504
416077552
1135453934
412251891
1122752244
1158248183
1158285054
412251903
1119217409
412251907
1134677763
1130934022
333680396
1141440276
1116215060
1194327834
1139423005
1116354334
1116215071
256673567
256063267
1153406755
1131437860
1116301097
1116196651
1151975214
1131044656
1130934065
256063281
955100979
1118850869
1127819063
1141440315
888678205
1206843199
886716225
1176964929
1119833928
1148841800
1180403534
1151977296
1106335570
1151897430
1131044696
1158248283
203964252
205326173
416819038
1153861472
416819040
196173668
293283685
1162250086
1134399337
886716267
1164312429
1153832819
955076467
258156406
1118850935
1145507706
1118850942
1153832831
1131093887
1119217534
1071890307
1124179844
1152032643
1087174533
1138939783
1134677896
1143119752
1151977352
1180862347
1182482307
1116180361
689520526
888678286
1153832847
1134399374
1162250133
1123989398
1177804695
269275035
1301579677
1131044765
1162373024
854075296
1121134500
1162373029
1135454121
1120110506
1137561516
1139937200
1127780274
1116331954
1143119796
1141510072
1121134527
416835524
1124179911
1155499980
1131044815
1158248405
1140137942
1116354519
877213656
416835547
1141440505
417023972
1116196837
1116377062
381075432
583331820
886716399
1151975408
1116712946
888678387
1134678004
1153832948
416018418
244070391
1121134580
1116332025
416018426
1153832957
office=tax_advisor
746
416018434
1170423817
1117958154
1122263056
1116332050
1153832978
443009044
1153761301
430419990
1135788052
878876696
1127780379
878876705
416018468
333682725
1141510187
1122277421
688975918
1141067822
245930029
878876723
1131044917
1131218997
1215488058
1134678076
886716478
886716480
1131575367
1122277448
1137561679
1140076626
1274615891
443011159
1141067863
888678489
1274615896
1274615901
1140076638
1131094112
1153886305
1131188322
1120110690
416018535
1116332140
1131044976
1116332146
1114912882
1088925815
1130934396
245930108
1286252673
1120123011
196176004
1129605251
247124111
1116332179
268439700
598202518
1141510295
598202519
980002972
1137561757
1206788255
1135454368
1106335920
1131045041
759797939
1138290875
1153886396
1135818941
1155500226
256331974
1131247814
419707078
687362250
1131219149
1143120083
1141510355
259111125
989206742
1116332246
1153833174
417001692
1128851676
878876893
1141027039
1122627808
1116301532
1087174882
1130897637
1158334697
330369257
1088925932
1026406640
1120047345
25876720
980003062
1134545143
1122736376
1106403579
1138290940
1138290943
1141068032
247113983
1141027074
1138290944
1194240262
1177805062
1128851722
430215436
676620562
1153833236
1131219224
989206810
1120059676
1158334748
1145508125
1139523874
25082148
1262102821
403144999
1131575594
1194250548
69450037
146311477
1131575608
1163919672
1153573177
980003131
1128851781
1131094342
1120031046
1131219272
980003142
1123862862
1122343247
1114863961
1134516570
540137818
878877026
980003174
1137463659
573245807
1124149619
1194240374
980003192
1177747834
1118308733
1131219325
1127082371
1131575687
1131248008
1135567242
1142229390
403159448
1118849435
1134516636
1120317853
1134516639
1197332902
1163131312
1163131314
1194228152
1120180665
21270972
1118308798
1177747906
1134545350
1194222028
1141510608
1131188691
954628564
469805525
259101142
1145360855
1134363099
580276699
1143120349
720689630
1177747940
1212357098
1119820268
256498157
216283632
1124092402
293274105
1131188731
1143120380
256053755
1145360896
38994436
1116389902
267799056
1126816276
1139524120
689316376
268440093
1135833634
427686437
1194179118
1122343471
1131133488
1135594033
484731441
1117958708
1116389951
890450496
1131248198
890450505
382417484
1122343500
847774289
1116734037
25414230
1194213975
849635928
1119820377
1131094618
1131248219
330183253
32172646
854076009
491219563
33360491
25762420
890450549
1122343545
1129611900
1119292032
1158247041
890389123
431745667
688007811
1163920006
890389126
1197324931
1119269513
212748939
1119820428
689138317
224950926
1134418573
1071821458
1194214037
1145361050
1272056475
1119820444
207719072
1129611942
1164309160
1155500713
470485675
1131133614
33082033
27105971
1119269556
1145508531
25877175
207719096
1145508535
1119292093
890450623
1134418634
1134418637
1129611985
1122343636
1071821526
1147232983
1130934998
1158335197
1162250977
287349475
1134363372
1123863277
1116160750
299498225
1117958898
1162250995
702655221
1117958902
287369973
1125419768
877214460
1134418684
1126816510
1147233020
1145508615
1131094800
1134363414
1116381980
291117854
1164311328
1131133730
1117958947
1138256677
1116381990
256490279
689138476
1138299698
1132313402
1147233096
1135594319
420369233
430203731
1162318677
1118307163
207608671
1162251103
256494439
1162251113
1118307178
776385386
1120090986
1119292275
1135594356
1131133814
1131248506
1131094910
1301584777
1120611211
256582540
1118307223
258147226
1118307228
850719645
1153878942
877214624
851010464
1194337184
1141025710
1122302896
239729590
1142229952
1302870977
1135498179
1138924485
484619208
1118849995
1162318797
1134363598
430441421
1116246989
688022478
32994254
689621971
659712979
1313295311
1163920342
490185690
1120052188
1116247009
1153879010
32994277
1117959142
27091942
1122302954
205112301
689138672
1122302962
1162251253
470477814
886977530
1155499006
1120052223
689462271
1138256895
689138697
1108440075
960123915
1131000850
495541266
1128832020
666340374
1122599961
976157722
890450976
416085035
355017771
1158247469
476943403
662678577
1118889009
1116247089
416085041
417137720
1138256953
689138746
689138745
1069947964
701191234
1177793605
247125061
1145361479
1116386379
1141392461
1141392464
1128799312
409752656
688942169
1132307547
1131134044
1135785055
26242144
256066659
1121125477
256066661
505764967
1131000938
1153762410
1155499115
1153762416
1152031860
1145361525
890451064
688974974
1138859135
1141025921
1312310404
236082313
1122550926
1152803992
1138859161
259286172
1118889119
591287455
1141392543
1120042152
1137454248
1140925612
1069948077
890451118
1116386478
277834933
1128787130
1215177924
1117959364
1135834310
847877319
1124109511
82779337
1151896788
333681883
417178848
1128799463
1140925674
1069948139
648205548
689622253
25877743
1152031984
1118889201
1120507122
1120042228
1126763765
886424828
403113212
247039230
689622271
877214976
256582913
1141392647
1135785224
494451978
1337971979
1128799499
1337971982
1128787215
1124042000
877214993
1121125649
1181650202
1153572123
1069948196
1137454373
1123843368
1121125674
1134501165
420353325
1121125679
420353331
1153760565
851305785
1135633722
689462587
1301519677
847277373
1122467136
420353344
1137585474
1215178049
1124042056
255739212
1302814035
1155499348
1128799578
1106337116
1130935646
1131044190
207609184
1137454435
954819942
1131001198
1131001201
256490872
419691901
1158247813
291108236
1124042125
890451343
1158247829
247123349
430429592
1140925849
1120507290
1122600345
1117042088
417152427
890451387
1131044287
877215169
678344131
1118014917
1135453638
287346121
886425034
287346124
1164406223
1152032208
256329168
1153760725
887299544
1135422939
430435804
1152804322
1120507367
415802857
505810412
417152493
687967725
1118889455
1120386545
259284468
888677877
1141067254
1158247931
247123453
1216804350
382400002
1164312066
1127818756
1134376454
886425099
1164406284
1139545612
1141440014
419659279
1152804368
1134501391
257060378
1141440031
1127818784
1194327583
1116184095
1116184101
1140059685
403146280
1152804402
1141509683
207273524
1137567283
1026403895
476442169
417152571
1139455552
1176927809
333653572
1139455558
277835340
688975438
1206842963
418086486
82779738
1137454683
1164308061
1139936864
412782186
1118015083
1151897198
1119200881
1141509746
333653621
443010679
1120386682
1137567354
1134501507
1144882819
1120179850
69396106
1138249357
1137561230
1130933904
1120179857
1141524116
484402841
1120386715
333653671
1177083560
1127767722
1135453874
1153760952
1143119546
207720122
256497341
416077504
688975553
1135453889
256331461
247123655
247178951
1116712651
416077516
1124179661
1145528017
1240465107
1181245141
287368923
1194329825
1116180200
1141518062
1116301039
1152032497
259114738
1141440243
1158248180
1151975164
310165245
1164349182
687935231
416077567
1131095816
1117990669
1158248206
1139937043
1104951063
256673563
1144882973
1206843166
1120507678
269276958
1131044642
1134399267
1194209061
1118850854
1153861413
242820902
1116215083
1206843183
1140076337
689391411
688975669
100280121
1206843202
1153406787
333651780
689391431
1121134408
1130897225
489668427
245937996
687935309
1127702352
1116376913
416819028
1116215125
205326165
985937751
582518618
269274970
331630429
1206787934
1134677854
1131218784
1162372960
1116376935
1134677867
888678255
233056112
1145528175
886425464
333680507
985937787
382408574
277831550
1144883070
886222727
1153832845
1131044751
1120507794
1131044756
1141440407
1116376985
1164308378
1131095962
687935388
1162373024
1127767970
1162250148
847882151
1138939816
1144883115
689137580
1145528236
1121134509
1122316207
333682611
1116301237
1144883126
1144883125
1117990838
1134677941
254941117
26003390
1141510083
980010948
1131044803
1117990852
954777543
1116377033
1119217613
1131575247
1145507792
1153572821
888678357
1141510103
1131575258
1131044827
1131575261
1142228958
1131218911
1120180204
1170423792
1121134579
1140076531
888678389
1140076532
1158248442
government=audit
746
293277699
1130934279
1135566857
1131096076
1135566862
333680654
689137683
1162250264
1116377113
1212354585
494450718
1142229026
1162319906
1141067811
1116301349
355000360
416018472
1153861673
255741995
1131044919
443009085
1131575359
1026402368
1128755272
1153833038
1274615887
1153833040
257290322
310163539
1117958229
1153833051
1131044957
1153861730
1128888419
484696164
1145507940
1131094117
1135454311
1162319976
1120122985
1141440617
443009123
1134545004
1141067886
1141979250
1153833076
416014452
416018552
1153886333
1151977601
877213826
1135818886
443011207
598202504
245930118
1131045003
239650960
1194281106
1131045011
1206788242
257058964
1131219094
1163131033
1116301469
1153573022
1158334623
1142229154
1116354724
1122689189
877213863
1128888488
1122277543
257665197
1141067949
1138290868
1134545077
888678582
1114912951
291131577
1131045050
1131188413
886552770
233085124
1134678213
1124149448
1122689228
257665232
1153886418
259111125
1177805018
1123989723
416014555
1120030943
980003043
1135833316
689137893
1116301541
1131575524
1274613992
625983720
1194240238
1116301552
1131247857
1120030962
1143120115
1130897651
582521078
1128755447
1153861880
1124149500
1138290941
1116332285
268394752
980003074
1131219204
1194240260
470354182
1126816007
1194240265
1128851729
1139523859
1163131162
1153833243
1088925980
1134516509
256332061
416014623
1128755487
1158334751
1135567138
1126816034
333652258
1164312866
1118902564
1153833256
878876970
1120031019
333652271
663265585
1124149561
1122412858
1116301628
582775103
247124290
1135784261
1131188553
1139523914
1128851789
1162250573
1177747791
1162250582
1126752601
1164310875
720689503
887097698
333652323
1142409576
1087175016
720689517
1087175022
886716781
287383919
504672629
1164310902
256584055
1135567227
1114913148
1134545280
1134516611
1134363012
256330116
1127082371
309821828
986724739
1141510537
1120031122
1131219353
1117958553
1119291807
1117958569
1116354556
1194228143
21270962
1141510579
21270965
878877111
295598526
298176961
1131248067
1145508308
1135784405
1131094491
1131188699
1116160477
1131188702
986730981
1194258922
207583724
1194250733
1134516720
1109852659
1153571319
1071821306
1124149761
1134418438
1212357127
1026417160
1117958665
986731022
1119820305
268440082
1124092446
1143120415
494154270
1162250786
1163131427
1131133477
1158335019
1145360940
287363633
1126816307
1194222136
890450488
1129611835
427686464
1130934866
1135784533
1128850006
850633306
1119269468
1129611872
1142229604
1129611878
1127082599
689138279
889475695
1069990512
1135594108
1132313214
268440194
1164368518
1132313225
33084043
203952784
1194214036
1163131544
1135833753
1127082653
1130934944
431745698
1162250918
33360551
1119292073
1158247082
1153571501
890450605
1131248303
291465904
1145508531
258163381
1131133626
287345341
626043587
1071821509
69382861
1116734162
484248290
1131133673
333683436
1116160756
1163920117
1131133689
1153571578
256330493
1194306303
689519359
1131094787
1131094789
583316232
333681416
1116381964
287349519
33213200
1116381968
1071821586
1130935056
291117845
1132313368
1164311321
1122343709
354018078
382405406
1134363424
1118849824
291117872
257295153
595651376
595651377
1139993393
25414448
1122466621
207270719
1122599744
418038592
1138256705
1122413379
1131094850
420369227
1194222413
1122646863
256498524
1135594334
1116382053
1176877934
1131094894
1119292272
877214576
1138275187
1126783861
1138275189
1117959031
776385400
890450806
1162251130
1135612791
1130935158
1181156221
486151039
207565695
689316738
1162251147
258147212
890450833
1122302867
1153878934
1118307226
1119269786
1123933098
1120318379
1151896499
1093088185
1302870972
1162251200
1139993538
1120052163
1128885191
1106336713
1141025738
1118849995
1138275276
1122343887
1126783952
1194337233
1117959121
1158247380
1142229972
299451351
688022487
659712992
32994275
1162318821
689316847
1140052978
701191154
689519605
417037305
1183591418
1194337275
1143120895
1138256896
1128832001
851010560
976157702
1153879049
1135498251
1120318481
1164405778
1194337306
1126784028
1131000860
1148781597
877214758
1128885302
1131095095
1213123641
1131095097
416085051
1106603068
1155499069
976157768
1122430026
1135498316
1213123662
1116386386
1141025876
1069947989
954068054
470938711
1122600025
976157788
1213123679
1126784098
1148781667
1139901540
1194314857
333681772
1141025903
1131095152
1126763639
1194314880
1116386433
1131248770
1183566981
1116386441
1106336908
1132307598
287358098
1124109461
1126763685
1122430119
1116386485
1134363829
1183593660
689519805
1139936454
886977735
82779336
1135498447
1122413776
1194230993
1145361622
1116247259
1118889181
316761315
1142781155
1122600165
1120507109
1120439529
1118889193
1121125612
1127767278
1128799475
1128787189
1138199801
1194231038
1155499265
1155499266
890451207
1152804108
1212710160
1142230289
1213598992
1118889238
1137454359
1137454361
1148781850
1120042266
1131001116
1135422748
24960291
1194231076
420353319
25285927
1131001129
207283496
1135498542
1141439790
1131437360
847074608
988611894
1162319159
1124109627
1118850365
1194231102
1121125697
505810245
1121125705
1302814027
679347533
255739214
591287641
1142230367
1152804193
1177083237
416009574
1140925799
1120071013
1153760617
256335210
33078635
333653349
256331117
851305844
256490869
1166663029
886424950
1124042105
1152804218
976119162
1141439868
1145527678
1134501252
1158333828
505810310
1143119238
1138830725
1135422859
1151976845
1116247437
1127818643
355022230
688942491
1127099805
1118014886
1127052711
1122600359
1120507307
886425006
1152804272
1118889393
1215178161
1118014899
291108280
494407101
1151974847
1123890623
689317315
1152804292
1194270153
886425033
1135422925
1135498703
1138859472
287426001
1143119321
1117042139
1152804316
1164309980
1124052445
416009695
277835231
1152804322
1127718371
689462762
505810412
1135498735
533168227
976190964
1153760755
1118014970
1141439996
1118889472
1139545600
1134376453
1206842889
1145527820
1131437581
1177083406
1106337293
1152804371
1137567252
427087382
1139545624
1117959715
1158333991
1127767593
1118889514
1120476715
1116184108
443010601
247123509
1143119415
1152804410
1118015036
1131095622
1141067335
1137454664
701193808
1295097427
1074226771
1141509716
1143119447
100277856
277833322
443010667
1137454703
1162319472
1286006388
1206843002
403342972
1144882814
207718017
1140926082
27590274
1127110277
1301579398
1118850694
333653641
1162372746
27590290
207718034
1118850710
1087174294
877213336
1131044505
27590297
1177083547
1130933916
1144882848
1151975075
1122508451
1145527976
1137561261
1206787769
1127767740
1134376639
1206843073
1141509826
1140926147
1301489350
1142408902
1213370056
1158248140
887299790
1206843086
1145528017
1141509851
1116301024
1139936995
245937891
1116391147
416077547
610539244
1194329835
1155499762
1127110387
1140926196
1141440246
1116180215
333680374
1141026551
1177083638
1240465147
1122752246
103051006
1194327808
1141026564
82779910
1134677773
970800913
1127702295
1106403098
1152032543
1151977249
1158248225
256063267
688975650
416077605
1158248229
1116301097
1197377323
416077612
590806829
1143119663
287369012
256063286
1127819063
1162250042
1137561403
1153761082
1127819075
1153861456
1152032593
1117990738
1141440343
688942937
854077275
247179100
1116376926
1153832803
1144883043
256972644
985937765
1124179811
886425450
203964266
1124179819
1153406830
1153761140
590806903
1301579639
1118850948
293283717
1145507718
1124179847
888678278
1122316167
1141026705
1123989398
1141067673
1301579674
886716316
1121134493
1153832862
1143119772
1116301217
1138939811
1148841896
417111978
1131044778
1199247276
1131218859
431896495
1120122802
1124149177
1121134525
687935422
1135454146
980010949
410697669
1141510085
1137561544
1116377033
1148841927
418349005
315252687
1145507792
416835537
1131093968
1158285271
1140076504
1106335705
1120026584
1138903003
1026410456
242823133
1087174626
1158248428
1139052526
1127780334
886716399
255739891
389957621
1131188214
1162373116
1137561599
shop=money_lender
746
1116301312
1140017152
1144883200
293277699
659959811
1135566860
1138290704
1141026832
1120180246
416835606
1131094045
443009054
878876708
333682725
416014376
1116377128
1135788074
1116377135
1215086639
1153761333
1122265148
1131575358
1116301375
1138290750
1199247426
1140017219
1131044932
1337968708
1122265161
1126815818
1141440587
1131044938
1131044939
878876750
1153833039
1087174737
1176965204
1131096150
982880342
886716504
1138290777
1122265178
886716502
1128888412
277835868
1131044959
25831522
1158285411
1141510247
416018535
1131044971
1116354668
878876780
888678510
1163130990
443009138
1116301429
1122277493
269275254
1153886330
1134545021
1123862658
1153886338
256067718
100280456
887097487
1141026961
443011219
1131575443
269275284
259276951
548675737
1128888473
1106403482
1158334621
1158334623
269275296
1131094178
333682854
1128851622
1151977640
1138290858
1128888492
1151975606
1088925880
1116354746
1138964675
625983685
1153886405
1153571015
1106335944
1135454409
1189392589
1114863822
877213902
239651024
1122277586
1116354770
1120047316
417001692
245930205
1158285535
1131247842
1153886436
416014565
1131247846
1141068012
1138290935
256493817
1116332282
333652221
1140017409
416014593
1155500291
1122736390
470362377
720689421
1131188494
676620559
886552855
1206788378
1118308635
1118308636
1122627867
1135784222
889528602
1162250535
1135567146
1131188524
625983789
1122343218
1135454518
1153573177
1131247929
1153573179
1194338617
1139523904
1194240321
1069990210
1116301635
1194240326
1163131208
1135833418
1137463629
1131575631
295592271
1135833429
1116301655
1116301656
1120180567
1141979491
1143120229
1194240360
1125419369
1145360749
416014705
1135593846
1118308731
256330113
1124149637
277834120
1116301709
1089343889
1135784341
247036310
1140017557
1143120283
1158246812
1123989919
315261348
1338907045
886716838
1194281381
1131219371
207264173
1163868590
1120020911
1194228144
544485810
1145360825
254812605
1120020925
1145360834
1139052997
1131219399
196159948
1117958606
1114913235
420358613
205334997
1145508313
203971035
1212357088
1153761761
1118849511
255738356
1134363132
1071821310
970772995
1071821316
986731011
877214214
1106403846
257163785
733182475
688019984
877214227
1071821343
1135594017
1116389923
688020003
1124092454
376797738
1135784492
1116160558
1124149807
1135784495
1135784497
1228055090
1127082547
1129611832
890450493
1132313149
1132313151
1122343492
1124149830
1313303113
1164311114
1138174545
25414228
1106602581
1134647900
1142229599
1119292001
1163919969
850633315
1135784548
431745636
1106602598
257059431
207606378
1134363244
1130934892
1162250864
207719028
1118849657
675316349
1131463298
1131094661
890389132
1124092559
33360540
1151976093
33360543
1126816419
33360548
1134418598
689138343
1132313257
970918570
1118849706
1116734124
1272064688
330183344
1071821490
1145361075
25877175
470485690
1176877755
989207230
1134418630
1119820494
1145508564
890389210
1129611995
287349468
1122646762
420365038
205325041
1117958898
299498230
595651318
256330493
689621759
1212355331
1117958918
21433099
1164309266
416047902
424264484
1116381989
1116734246
1177793324
1120181046
877214518
1120090937
1194259262
1022587715
1151896391
1153571655
310164304
1131133777
1119269714
1116246866
1116246868
1131094869
1116246878
1131094879
1120090974
1135594337
1116382053
598197097
776385386
1118307179
970754921
1164309358
591287153
1116382066
1131094899
688941938
1126783861
1119292284
689316733
418038653
583928703
1158247295
890450823
1194259336
1120611210
1126783884
1135594397
1120052129
1117959075
257289128
1164405675
1151896499
353811379
1139481525
592235446
254753716
1162251197
776385472
258038722
1138256841
1153762253
1138256845
207567823
701191121
1106602964
1120052182
1131248604
1194314717
1116386272
1122599904
1158333410
1138256871
353811435
1134363628
247114738
1162251251
1118888947
1153879034
1120052225
1194314753
1116386308
1194259462
877214729
1194337294
259281934
1120041999
1153571858
205331475
1122303000
1194337312
701191204
886977577
1130935339
1131248686
1128832052
1135498294
416085048
1120439353
890451002
247041083
205110330
1132307517
1128885310
1194314816
1128885313
1302881346
1069947971
986731584
1162318917
277834821
1183593541
1194314833
1120042067
256971861
1194314838
205331542
1229010008
26242144
986731618
1139901540
256494692
257164388
1151976549
256330856
1132307561
1153762410
69381230
1122600047
1126784110
1106402417
877214832
689622132
1122600053
1132307576
1183566969
890451068
434363519
726754432
1194314885
1132307589
1117959307
316765326
452981903
1134363796
1132307609
1137454233
299457692
1153406115
259286180
1143121062
1145361583
890451120
298871984
583929013
1116247223
1118889143
1153572024
1153762490
1140925630
1137454270
469812416
1215177921
1124109511
1131095242
1026415819
403115212
256490701
1116247243
1137454287
1138859215
1143121099
82779339
1128832215
689622233
1127052510
545580256
890451170
1215177957
470537446
1130935528
1123843314
950549754
1155499265
1164307715
1124109571
1153406215
505812233
988611852
886424854
1124214039
1153406231
256582934
1141026071
679347488
1137585441
1124109602
1158247728
844846386
689622322
333681973
82779446
1106402618
1122413884
433042750
30043455
591287619
416032067
355022155
403144023
333682008
545580379
1120439651
333682019
950396261
1127716197
954819944
333682036
1116247415
1122413946
1152804221
890451325
1194319229
890451330
382414212
1164406149
355009925
1151896968
1120507274
1123890570
1124042128
1122413976
1153406361
287354268
545580444
545580446
1118850464
1135422880
494407077
877215146
277835179
257293742
505810351
1140080052
1153760693
1206842806
1124052406
1134654911
476417476
1122414021
505812422
1117031876
1118309832
849626573
689317325
21433807
1164406234
355010012
415802848
476417505
659607011
1117959654
355024359
1162319340
687967725
1118889456
1152032249
1118850558
427679231
1206842880
1087174146
1106402819
1139936771
1122467335
1155499528
1137567243
1106603546
1117031963
1118015004
1139545629
1139545630
257162778
1137274401
1116184101
1134501416
1137274413
582778413
1206842927
100277813
1120507450
1141026365
1120476733
1145527870
1158248000
1122467394
476417608
1302785612
333653584
1152032338
701193815
886425184
1141440096
1164312164
379573861
687967849
1162249839
1164310136
1152804473
1142230650
1116712573
1141440128
583902850
1124179589
233197195
1141440140
1131437716
277835416
233197210
1074226843
886425247
1164308141
1137561262
416077488
1144882868
1301579449
416835261
689622721
1181245124
1240465092
1127110341
1144882887
1127767752
1141509835
1141440205
1116354254
1151975119
1131044563
1119200982
218023640
1119200985
1135453914
1087174363
1127818969
887299804
658190048
1131044585
1122752234
1240465131
412251884
495521515
1139431159
245937919
416077568
1301495552
1141067524
333651719
1117990666
1131044622
1301481232
412251920
1140926229
1140186902
1121134360
247037724
658618143
224945955
1151977254
886716199
777043755
1131044653
1141440305
1131095861
1181245238
254940984
1194209080
1131044671
1116354368
1116180293
638334801
676519763
1124179796
245938003
1119201107
239650647
1139937112
1120507738
689477467
1134677851
416819038
1148841825
1164349283
1121134440
1134677865
1122316136
1140186987
1116376937
1164312425
886425450
417023857
244070259
1116376947
1137561459
1158248310
1139937142
1158248313
1155499897
1116354429
1151977341
1071890310
1116180359
293283719
380995463
1120507787
1119217548
1162373004
888678289
1153861527
1140076442
1145528226
392304547
333651877
1140187046
1119834025
293283755
1169094574
1141440437
470353846
1117990839
333680568
1153832887
980010938
1116331964
389941185
1131044801
293277637
295591879
886716365
416835536
1158285264
1194293202
1145507795
1145528275
299618266
420325341
1145507807
848517089
1206788068
1116377062
1116377063
1116354537
1155500010
1116354541
1148841966
1134677999
1116332016
1117958129
1155500018
1137561582
1131218930
1119834099
1194293240
416835579
1153761279
amenity=money_transfer
746
291133441
1130934273
1130911751
257665034
293277708
1121134609
256067602
419706899
1131218935
333682708
1135454232
1141440536
1141440546
989206566
259274792
1162373161
1116377129
1120110637
1120026671
878876721
1131044915
1131247671
333652027
1135454268
1158285373
1117958209
1116301377
1130934337
417024068
333652037
1141067850
1128755275
1153886287
1145507920
1153886291
1116354643
1337968723
333652055
878876764
1122269276
1142229087
1135818851
255737956
1141979235
426059879
1122689127
1116196971
878876782
1153833073
308007027
1123989619
1131188342
1135818871
1120123003
333680768
1140017280
1284227200
579768452
1135818894
1158285458
877213843
417001620
1153833115
1206788252
1153833117
69306523
1128851615
687362216
269275304
417001646
1114912948
1145508020
1131045047
233085112
889528503
759797943
1131188412
1117958335
1151975615
245930179
1116354756
889528529
1135818962
1128755409
1134545107
1131045078
1135818969
1145516252
245930204
1114912988
1142229212
1131188450
1138290920
1155500265
1120047338
1114913002
878876910
1131219184
980003062
1194281206
1131188474
1131188476
1120030978
688976131
1145516292
1114913031
1128851719
1262102791
205322508
205322512
1153833236
1262102804
1118308629
1131575575
470362392
1131247905
333652258
1116301602
1194250534
1131575591
1135567143
1194240299
889528621
1131219247
1135593784
1134383426
1153833282
1155500363
1139523918
1126816079
1145360720
1135567187
1153833308
1141440861
256332130
1131575651
1139423586
1153833318
1131247981
1135833466
1139423610
1141510524
720689537
1130934659
1141510535
544485768
595220873
1145360779
1127082379
1123989901
1142229389
221309327
1145508235
1118308754
1126816155
1131188637
1131094432
1119291809
1114913186
1131219366
1197332904
1142229420
1194258861
1134545326
878877103
1131188658
293274035
1123989942
203946422
1120180665
1124149691
1118308798
1131188673
1120180676
1134363079
986730952
1131248078
205334993
1135784402
1194250708
256063956
333652442
1212357098
1118308843
571595244
1131188717
571595247
1162250738
1119291892
1122646517
1127082485
69306872
1145360889
1145508347
256053756
287363581
69409279
1145360897
970772995
1131248137
1153761803
1139524120
1163131417
890389016
689316383
484403743
1124092449
333652515
262369830
850633254
890450477
25414189
1131794994
1123863092
25764407
1158335031
417002041
1143120442
1134647872
1131133508
25414212
583928394
1122343500
890450508
1117958736
890389072
1158335063
989207131
376775263
1138917985
1134363235
257292901
33360494
1135784560
890450546
886977139
418042489
207719034
1120180862
1143120511
1131133569
1158247041
1163920005
1163131526
1164368522
33360531
33360532
1190099606
906379927
418042521
1131248283
1272056476
1155500702
1122767519
1190099619
1272064677
262949545
1129611948
1194222256
1122343603
1272064694
626043576
1106602681
429333178
1134363333
1155500748
571597520
1143120594
495540947
1131133650
1114079954
1164307172
1135594212
1138299621
1142229732
1116381925
1134418670
989207278
291117810
1106336501
689519350
207721209
877214462
256066312
256496398
257291024
256066322
1138299666
333681428
424264477
1194251038
310164259
333683492
1158333493
494437165
970918704
1151974193
1122646837
1138897718
1116382010
1131248446
1131094848
1135784769
1116382018
1106404169
1145361225
658938701
1330469709
1134363472
1116734291
418042707
689138517
1135784790
1142229845
1118307164
1119292260
207608681
410207082
1151976304
1118849906
1181156212
890450804
257665909
1126783877
1123990407
1118849928
1122646921
244069257
540138378
1117959053
1176877970
33094551
1116246942
1117959070
1117959074
257665955
1126783911
1125419944
291118001
1151896499
1163920309
890450873
1158247355
1162251197
1153762243
1212357576
484619211
1138275279
890450897
207256531
1116247003
593916895
1194337254
1140052968
660470773
205331446
1153571837
1123904510
1301617662
1212357631
430244861
1158333444
847277066
1120052235
1122466830
1131000846
1132307472
333440018
1135629333
726778905
726778908
1147223070
1124109343
1139993633
1116386337
1137454114
1151896609
1197354024
1148781609
689138730
1194314795
469847084
1194259497
1126784047
1141392434
1132307507
886451253
1194314805
1139936311
1126784055
1137454136
886451258
205110331
256674873
277834813
495520829
1122430014
1141369919
256492610
1124109380
1128885319
1134363722
689462348
1106402382
1126784087
470477913
69301340
1302844509
1302881372
25289824
1194314849
430423136
1302881379
333653092
1145361513
1132307562
1128787054
1069948020
688942197
257164405
1126763639
1135498363
580281470
1132307587
247041155
1069948042
540159117
1122466960
1135785105
1116386451
207281299
1120042136
1137454234
1183593627
689519772
1164405917
1141025952
689317025
1128787107
1134363812
1139901604
1122600104
1153572011
1164405932
877214893
890451118
689462443
1116386482
287384767
1158333634
1153760460
291124431
688942290
1120507091
1120439508
430431448
1140925657
1131095261
1122467037
1140925664
1164311777
1139549423
1301476591
287425779
1145527542
1069948154
1301636350
1152804095
1118889216
1120507141
1127052550
583310599
1124041995
247381261
1135785233
1142410514
583929105
1120070932
988611862
256335128
1137454361
1120439579
247041308
333653277
247039260
1120507166
207719713
1131001121
976684323
689622309
1152804134
1137454377
1124109611
1152032044
1134683436
1116247341
1158247728
689622320
1151896882
291128626
1139979571
1152804152
1135422784
1137585473
1181650243
416032068
256582981
1127052617
420353354
1124042062
1069948242
1152804187
1122600290
1106404707
416009577
419691881
1141026155
847277420
1127052653
1158247785
890451311
1187958128
256331119
1131001202
954819946
1152032117
1194319226
1120507259
247041404
1135498620
1194270078
1194319232
420353409
1213529474
25726339
420353414
1155499398
25286024
505810325
888677783
1162319258
1186469275
1140059551
1117959585
1138830754
571092387
1127767459
1127052706
1215178150
759760294
887299499
1131044271
1124052401
205329842
1164406198
1127818679
277835193
1118850493
1135498687
1127052737
344686020
1194319303
847277512
1158247885
1137567184
299470289
433042897
417152465
1134501329
1117031893
1137454550
1153572304
1206842837
1134501337
1141026266
1117031897
1118014947
1120386532
1106603491
1127767526
659607015
1117959657
1134501371
1143119359
1139545599
1140186635
403146257
82779665
1262018070
1158333975
269276699
1141440033
1284359717
1137567270
333682219
218027566
1139545646
582778414
1131437619
582778421
1117042231
205323832
1134376506
1137567297
355024453
886715974
1122467399
1162372687
1120179792
416042577
1153760850
886425175
1199246942
676822623
970792542
1116712545
1141440101
287360613
1206842985
888677997
1350940271
979961455
443010671
1162319474
979961472
1119200898
1124179594
658189971
1144882836
254940821
1138249366
1194329758
1087174303
1074226851
1142230692
1158334121
1127767722
411915946
1158248109
1137561282
484402882
416835270
1135453895
1137561290
1116712653
1124179661
1153406671
1117990611
1118850774
1127110361
333682394
1074226913
416077538
689463012
1127818987
1087174385
1164349176
1212694266
1206843131
1139422986
1144882959
689463061
257664797
1131044637
476417826
1120507685
416835367
1164349226
1116354350
1162319662
761225008
1135454003
1164310323
1181245238
1206843190
1121134392
1119201086
1120507712
877213504
1153861458
1134399315
676519764
103051093
1141440347
1153761116
1120507742
1138939744
1131218784
1116196704
689477478
1140076390
1134677869
1153861485
417023857
256497525
659994488
1141067647
1137561474
1145528197
1119201160
257664905
1144883082
257664912
1177804691
1116354455
1164308375
688943006
1131757477
1141440422
1116331944
1141067689
1131218859
1151977396
1122316215
1120026559
1131044800
1153572804
1194293189
1120026564
1124179911
1116196807
1153761226
1127780299
1121134546
1131044821
1140076502
476336088
1120026586
1124179931
1141026781
1206788063
82780131
1121134563
1130934245
333651944
1119217640
1148841962
1144883180
1116377071
1140076530
1158285302
1131044855
886552568
1141067766
1131575291
256493566
shop=moneylender
746
687935491
310163459
1141440517
1130911753
1122263050
1119217679
1131044882
333682706
1124149268
1116332053
1162250266
1116332064
430420000
205121570
1117958176
419706916
355000358
1177804845
333652018
1138290745
416835641
1116196925
1130934334
1117958208
1337968704
310163535
1139052624
1128888400
982880336
1153761359
310163542
417024089
1153886298
1134399580
1134544990
1106335839
1134399589
1138290791
1128888425
1153886314
1153833068
1163130990
256495727
1141979249
730787956
989206644
1134678137
1117958272
1151975554
1141510276
256583814
778098828
255740046
1137561750
419707031
291131543
259276955
245930142
1130934433
1131575457
1163131041
1116713124
878876837
269275303
1116354728
1123989674
1128851626
1119217836
1116354733
1128851636
1140017335
1140521145
69386426
889528505
353992895
1153833152
1153886406
1135567047
1120030921
1120030923
308009164
1127123153
1116301530
1163131104
333680867
247040229
1158285546
1122343147
1141979372
1194240238
1274613999
889528559
1153573106
1135593715
1127123189
1164312825
716876025
256493817
625983741
1153833214
1151975677
1274614018
1274614021
1153761547
1274614030
389929232
203950352
1125419286
1315492120
1139052825
1153833241
1135784223
1131188515
258165028
1206788389
1153833252
1120110887
1130934563
980003113
1158334765
1194338606
1162250541
989206833
887097652
625983797
878876984
886716729
1117958458
1194281285
1194240338
989206869
417124694
1155500375
1155500376
540137817
1163131238
1131575655
416014694
1128755571
1137463678
1155500415
1127082372
1127082374
877214086
1131188620
1141027216
1142229393
1131219352
1177747865
1194228125
1140017565
970762662
877214118
203946413
1120020911
1153573300
1131188661
1135659457
877214146
403157443
675987907
954628546
1153761747
1120020949
1140935126
1338907098
1118308828
484403682
986730981
673989096
403161577
1145360876
1194222063
287343092
470651381
1124092404
1134516730
1120180730
877214214
1141027334
1163131398
1145360903
207563272
1124149770
1122413069
989207057
1119291922
1134363154
1164368406
1126816283
1151975967
688020000
1124149793
583952936
1141510697
850633261
976157230
1123863090
1119820353
1122646593
1071821380
1116389960
25760329
1122413133
1164368463
1164368464
1131133520
1138174548
330183253
1123990102
377051736
1142229596
1118849634
1153571427
850633323
1134647916
890389102
890389103
890389104
1158335089
1158247026
1071821427
1212357234
877214327
1119820411
1158335101
1124092543
890450561
1131463331
1190099620
1116160677
985940647
1213563559
1155500718
1122646703
291465903
1138256563
27105971
1302807219
287345334
310164151
1158247098
1119820477
291117758
1194222271
1123863234
1194222275
264059588
890450630
1163920084
1141025494
1071821529
1164368602
1122466532
494437096
1309960937
1125419753
1071821549
256066287
1147233008
1030660848
1134363381
1118849782
1158333175
1108396793
1139053306
1176877819
1123990269
890450695
1122646794
1145361165
403112719
1143120657
1119820562
890450707
1131133721
1138299681
424264484
882576165
1119820586
416047920
1194306357
1132313398
1194306360
1118307131
1119820604
25414461
1134363455
1135833919
1116734276
1153573702
1147233095
1176877897
1132313419
1116734283
1116734284
1022587726
1176877901
1139053392
1153573715
1138897748
420369237
1138256731
1141027681
1151976297
1141027693
207719284
299289462
1181156221
1158247309
1330469775
1162251164
1131094942
1135594408
1135834024
257162161
1158333362
1194337204
540138421
662678454
1177793463
851010486
1143120830
291118016
1145361346
1135784899
1153762245
1194337226
484619211
32994252
1153878988
1122413520
945456089
1145361371
1131248607
1145361380
1128885221
1194337256
1118888943
1145361393
1194337275
205331453
1116386302
1176878077
1139993601
1130935298
1124109317
1116247051
1128885263
877214740
1122302996
1122343962
1128885280
1141027879
205110316
676820015
1141027890
1132307507
950506548
886977589
416085046
1131134009
676820026
1140898875
701191229
1140898885
1122600005
1142230087
1194314824
1138256969
1162318917
333681748
205331544
1164405849
431907931
1127767131
1126763613
1153406045
1122344031
1118889057
257164390
1126763626
69381227
1106336879
1116386415
1131248754
1135834226
1126763634
1132307571
256582775
1151974535
1183593607
221297802
1142230157
1118850189
1122430095
1132307598
1144618133
259286168
259286171
1131000990
259286175
256496799
1122600099
1116386471
1116247221
1302844604
1124109502
976157888
1215177921
1120439489
430224579
1140925639
1124109512
1130935504
1131437265
1143121105
1162319062
1116386519
262370520
207275225
1124109528
689622237
1141392607
1301476576
1180869856
1074226402
1164309736
32177386
1116247275
82779371
469812461
1279657199
1118889202
1120439542
1301636344
389928187
588502270
333681919
389928194
1128787203
1124041993
417178889
1123843339
1130878220
886424845
1135498509
595221775
1120439567
1153762577
1121125647
545580302
689317140
1301476629
1128787222
256490778
1140925731
30043429
679347494
1128787253
545580344
1141439801
1131095353
847277376
1141439809
1124042051
258155845
1194231110
1032484169
1131095370
1124042063
255739215
1127052631
1124109657
1124109660
1120507228
1140925791
1124214112
1158333795
1127099764
890451317
419691894
1127818615
433042807
247041403
976119164
382414204
1127818623
890451329
1074226563
888677764
382414215
1116247435
287425934
1152032147
433042838
1143119257
1120507290
257162651
207719836
1117959580
688975262
877215135
1170408864
847277473
1194319267
419659173
1117959590
1139936688
890451377
1118014896
333682099
419659189
417152438
417152441
333682106
1127818683
1151897023
1087174082
1117959620
330184134
33213896
1127099850
505810381
689520080
849626577
1152804308
1142230484
877215193
1120507355
1117959644
976190939
287397341
1135422943
886425061
476417511
1159493100
689462765
1153572334
1141439988
382399992
1152032249
1215178233
1118850559
1117031941
687967753
1139545614
1152804368
1151897107
1142230547
1116184086
1120386584
1155499545
1087174169
701193754
676519460
1153572391
1155499566
886425136
1137454644
583929397
582778422
1139545658
851033660
1137454655
1134376511
1120386626
1139545666
1119241798
1206842951
1116712522
1131044426
476417615
409749074
1135498835
1140059731
1074226774
1119241815
1141067352
355020376
1120386654
887299678
434153057
82779749
701193831
412782187
1137454704
1153406576
1074226802
1119241844
1206843013
1194329741
1131044494
1141509776
1131044497
27590297
1206843035
1206843036
1135453853
1141067424
1158248098
986695332
1141440166
689477287
1155499692
1155499694
417160879
258148020
1177083572
1135453877
877213365
1116300982
331632309
1153760955
1152032445
689622717
1124179647
256331456
1138249416
1152032457
1181245129
1140186828
1142230733
416077516
1118850767
1153760974
416077526
1145528029
1116301026
1158248164
1116196583
1153406696
1240465131
1131044588
1143119600
1127767794
1124179698
1141518069
1140186871
207562488
1127702269
1164349183
1117990658
1206787843
310163207
886716172
1158334225
254940946
1162372881
416077588
1153861393
1116301078
1194184471
245937937
1141509914
277835546
1074226972
1148841757
1139937057
245937955
256335652
1118850856
888678184
1153572662
1127819064
1116301116
1140926269
1130897220
888678213
69429062
1140137800
1143119692
1145528144
1106403155
1141067605
986689366
1121134425
1155499866
1148841819
1134677850
1137561437
1116331872
590806882
888678242
203964260
886716266
985937776
293283699
1116301173
1158248313
419661690
1140137850
1138939770
1144883071
1117990783
1104467841
1121134466
1162319747
659994500
69367680
1307324295
886716297
888678287
1153761171
1131044756
1120026526
1116376991
1141440417
1134399393
1140187041
1120110501
256583590
1155499947
1153832875
1206788011
1194293169
1117990836
1120026548
1206788024
1155499966
955076548
1116196805
1116377030
1142228933
1135566792
1130934223
886552529
1116712914
1116196820
247179227
1120122844
1120329692
1124149214
1153832924
1123989473
299618275
687935465
1144883178
1194293231
1116332016
1137561587
1143119860
293277685
1131188214
886716408
256493566