6
vending=parcel_mail_in
746
1116377089
25831429
1131044871
416018443
1140076556
1116377103
1135454227
1162373140
1134678039
1141067800
1122263071
1137561631
1144815649
1137561634
1116196898
257665062
1141510183
1116354598
416018472
333680683
886716461
381102129
1116354610
333652022
1139052600
1158285373
1122269249
417112130
1123989570
1140138049
1274615881
1116354636
1141440589
1162319949
419706959
1116354640
1139523667
1116196952
1141440601
1158334553
1131247707
1158285406
1122265183
1130897507
1206788198
1153833064
1153833065
1294694511
1122689137
730787954
1128888436
1206788218
239650939
1131044998
1153833094
1153886344
1134545031
256491659
1145507982
1141979279
1134545038
426059919
1135818900
419649687
1128888474
1116301469
886552734
1139392676
1176965284
1131438246
886716583
268439719
1162320041
1106405548
1128888492
1114912946
1131575475
1116301493
1116332215
1126815929
1116332220
1127123132
484403390
1151977663
980003018
333680844
1158334670
659577039
1153571026
1145516248
850979033
1141027035
1163131101
1139052769
1140017381
1135818981
1126815978
1135454444
1135454446
1153833201
344484086
1128755447
333680890
688976131
591298819
470354183
1118308616
454660362
1138290954
470362379
1142229261
1139052814
980003091
1122412821
1131188501
1142229271
1114863895
1128755485
1134545186
1120059684
889528619
25082156
1153833263
1262102833
1122343218
1142229299
1120059702
1135567159
1131219256
1128851766
1128755514
417124666
1162250556
1140017469
69450047
1139523904
1135593793
1141440834
430262602
1139523914
1194240335
1163919697
1141510481
1139052887
1153833304
1153833308
387766623
1164308833
1118849381
1022646645
333681016
416014715
1194258816
1131248001
1118849417
1123989898
417001872
1124149652
1114913173
1126816149
1126816152
1135784344
1153833368
255740315
1138917789
100274589
544485800
1164313005
254812591
1123989936
1118849457
1158246834
429199795
986724787
1131188661
1114913200
1145360823
1118308793
291135930
698735036
258156994
877214146
1120020932
1069990345
1128755659
1106403792
259101137
1170423799
1135593940
1139524056
196159961
1194228184
1122703835
1139524065
256492002
1131094497
257294818
417001957
1135784425
1158246891
571595247
255740400
293274099
293274101
847774202
1163868669
256053760
1131248132
1116389899
1117958672
890389010
1134516759
1124149784
1131094553
1338907161
889475611
1158335005
1119820322
1153571366
850633255
1163919910
287363624
1114913322
890389038
291465777
1142229553
1130934835
689138229
417002038
1163919931
287363643
25414208
1134363200
1163131458
25414214
1164368462
1163131477
1131463253
1313303130
1126816352
1153761893
579797607
1134363244
890389103
1132313202
1135784563
1212357237
1163919990
1142229622
1124092538
890389118
1122343553
890389129
1116365452
583953037
1194179213
33084047
1164309136
626043541
256582295
1131463324
429333152
1272064674
1120180898
1164309164
1119820466
1131094707
689138369
1131133635
1138299590
264059592
1116160725
1155500760
1239241437
1119820515
1164368612
1212357349
429318890
25877227
287349492
1135784694
1131133692
207721215
291117826
1123990274
1164368642
626002694
33213191
256066318
424264463
1116381970
1147233052
976157477
1106336552
1116734250
257665837
1151974193
1134418738
418349879
1116246842
430244667
333681467
1132313410
1122343754
1071821647
890450770
591287128
1158247258
25414493
1181156194
1119292260
257665893
1135833957
1123990373
1153762156
207608685
1142229874
1122646899
1116734323
688941941
1153762174
1131094910
890450816
1120091008
970754949
1116246919
1194259336
1117959055
1120091024
1126783889
256070544
1139901332
207719316
1176877976
1126783899
877214622
1143120805
1117959082
540138414
890450866
1158333362
1153571763
417037246
1162251198
1153762249
1151976398
1153878991
1162251217
1106336723
1151974356
1183544277
688022484
484619224
1128885213
1134363620
1295084517
1162318824
1117959144
660470764
1164405743
1163920373
417037307
1194314761
1122302986
1132307475
1301617684
1128799261
1164307487
1128832034
1134363682
1131248676
1137454118
886451240
1131437099
1074226222
1142230063
1126784048
676813877
1183593530
1131248703
1116247105
1106402370
1126784066
291124292
1141392450
1127767107
1128885322
299289674
1145361490
1152031828
1128885333
291124315
1131000926
1122344035
470938724
257164391
1141027945
256330858
1122550890
1132307568
1124109426
1132307571
1116697723
1141025918
1116386431
689462406
877214856
1162318993
1125420178
1183566995
1141392529
299457686
1135834262
469812376
1128787107
1158247587
299457699
1116247206
1122430119
890451113
431908011
1127052465
886977714
291124403
1118889139
1128787126
1302844611
1194230980
1152804038
1069948102
333681866
1153406155
1131001037
1142230221
1301636301
877214936
1158247641
1124109530
1120507099
1140925658
1131095261
1137454307
1128787172
1139549418
1128787181
1135834352
1120042226
1122600180
256978164
1122600182
1021369588
1162319097
262950138
1145527546
1120507134
890451200
1152032002
333681924
1106337032
1122467081
1069948173
416009485
1164406038
1128787222
1194231062
1141439773
262253861
1135422760
890451240
1151976745
333681964
25285932
203943219
1151974708
1074226485
1135422776
1124042041
1122600251
946187581
591287615
1124042050
256582982
30043466
847074636
256582990
591287631
30043471
1145527633
1131437394
1124042067
1106337110
1127716184
1164309851
1120439644
1140925787
1131044189
505810272
877215074
1128832354
287425893
33078635
1134521714
1128799603
877215091
1116247413
1176927604
1140925815
1120439667
416009594
1151976827
1124042110
21433727
420353408
545580420
512572805
1118014852
25286020
291108232
679347595
25877904
1151896979
877215125
1153406358
1158247834
269276579
1138830756
1158247843
1118014887
419691954
333682103
1304790458
494407101
1135498686
291108287
1153572287
890451391
1137454530
1124052417
1151897028
364000708
509408713
287346126
1106337232
287426001
1206842837
1194319318
1135498709
1141509598
25286112
1215178213
1152804329
1074226667
1152032237
1206842861
1135498735
1139545584
1134376436
1152804344
1134654973
1152032255
1159493120
1135498751
387792386
1120071171
1152032259
1141509641
1194327565
849647117
427087375
1118889487
355024401
1141509653
418080280
1162319386
1122467355
1206842910
247123486
1139545630
1140925985
1118850594
1158247973
1153572391
333682219
1120507439
1284359730
1141509683
1295097395
1139936826
1162249788
236082753
1131044417
1206842951
205338183
1117042258
1152032338
1131437657
403342937
1141026397
1131044448
701193828
1153406565
207607398
484691560
701193833
254940776
27180654
689587828
427679351
1106404985
1141440122
1130933881
427679364
1124179593
1137561228
1302820493
1120507537
1116391061
1130933913
1137561242
687967899
1137561245
1127818913
1135453861
1137561254
247113384
986695337
333682346
254940842
1131437739
1118015145
1153760937
411915945
430212792
1158248121
245937852
315258575
1118850772
1137561302
1116391126
1148841688
470478554
1137561314
730892007
1116391150
1206787823
1158285039
540139251
333680374
1162249976
494151416
416835324
1194327805
1301579518
1141440254
1134677756
1130897155
626034435
1144882950
1124179721
1145528074
687935243
1164310287
1194327829
674715413
1141440277
1145528088
1140926230
1124179736
1164349213
412251933
1116180253
1121134368
1165383457
590806817
1155499816
377177902
689477422
1134677808
689520435
1145528122
1153861437
1135454021
638334800
1106403152
1124179796
1116354390
1121134426
1131218779
1144883036
1117990755
1134677859
256331628
888678257
1116376947
1194327927
1131044738
1144883075
1116712837
1134677894
333680520
1153572746
431896459
311424910
1122316175
308119440
1116301201
1138939795
1141510036
1148841875
269277083
1131757468
1121134493
1164308384
233056164
1141067692
1158248366
1120534449
1153832885
877213622
1141026742
1116377016
1120507831
470353850
1134677947
247037883
1148841924
1117990852
207261639
1120110537
1127780301
1145507795
1134399447
1138903000
1137561559
777043934
886716390
1121134568
1116377067
212744172
1124149237
293277687
1116301306
255741948
1155500029
244070398
1131575295
amenity=post_box
746
1122263048
1116354571
1169094670
1153861646
1131044881
389928988
1206788125
877213725
32266268
1142229026
1153832996
1117958187
416014391
1123989560
1138290745
257290295
1116377147
886716476
1145507895
1122277432
419706943
1162250303
1119834176
1274615873
1141440581
287342663
416018505
1131575375
1141026902
982880345
1151975514
1155500123
1131094110
1141979231
1274615903
1124149344
1128888418
1212356707
1122269278
1153833058
1141510247
1116713064
1138290802
1126815858
1141067892
1158285442
1137561730
333652101
1131188357
1212354693
255740041
247124114
1123989652
1134678166
1124149404
268439711
1122277536
1120110760
1128755368
1143120043
268439724
256673965
1141979313
69386420
1145508020
1116332215
738236600
1120030904
1153833143
1135593659
1116354749
1140017342
1139052742
625983693
494153934
889528527
25764048
980003027
1141510356
1123862739
1131045078
1134545108
1153573078
1120047321
100274397
1120180445
980003041
1116215521
1128755426
1151977705
1194240235
470362350
333680879
1153861870
216269045
1138964727
1138290938
1135567098
1026406652
1122736382
1131219200
980003074
1134545162
887097611
1128851724
1141440782
1122412816
1139523859
1120110871
1122343203
416014628
1118308644
1194338601
720689469
1131575613
1134545215
1135593793
417001805
1134362974
1139702112
980003168
878877026
1137463654
417001833
720689517
1131219322
256596347
1163131258
1134516603
754131329
256584069
1106336138
1197332875
1118849418
1140017558
1194240407
889475486
1122705826
255740322
1117958564
1194228135
254812587
1131248047
1194228147
1120031159
1194228152
580276664
264059324
32268733
1194250686
1143120319
1125419458
1139524038
1194228167
1118849481
1122343370
1194222026
877214156
1158334924
989206992
1131598290
205334995
580276691
333652437
1194228181
1119820249
1194228186
986730971
1162250718
205335007
1135784421
1131188709
196159976
1122343407
293284340
1124092404
256053754
1153761790
1122703870
642476544
1194179080
268440076
1118849552
1143120401
269275666
1158246933
1117958679
247114266
1162250779
1131094557
1119820320
1131248167
1116389930
25762348
1131094575
256490032
1153571386
1141510715
486568507
1158335037
1158246977
1213082185
1127082570
1124092498
1163919957
689138265
1197308507
1134363228
257292896
688009826
1122343525
1124149864
850633322
1158335085
207260271
1124092528
689138289
1190099567
207719027
1138174580
484731509
25414262
1120318072
1129611897
1134647929
1131463288
1143120508
1163131521
890389126
418042503
1145361034
1130934923
429333134
1162250897
1272056465
877214358
256494230
1135594136
1138299546
1194250912
890389154
1069990562
1187957418
688974509
291465903
310164144
287345327
1272064696
1132313274
1123863234
1190099651
269275844
1151974090
1129611987
277836502
1151896282
291117787
247114461
1134418656
1123990243
420365033
970918634
333652714
1142229738
1122343662
296227569
1151976178
1126816499
1116734196
1135784694
1151896311
470485754
1194251004
1116381948
626002685
256066303
1131133692
1194306312
1212357386
489763598
1119292177
1162251025
890450705
416047907
1116381992
890450729
1130935083
1145361200
1151974193
291117876
1116246837
626002747
1212357441
1131094853
1132313422
1106402127
1143120723
1138897748
410207062
1143120727
1122599770
1119820634
583928670
1143120735
287359840
979888994
1138275173
247051111
1138256744
1145361255
1118307181
689621870
33213296
203948921
1142229892
1130935172
1122343816
1162251146
1162318731
1131133837
1158333326
1131094932
1122599835
1142229924
1134363562
298867627
540138414
1180443567
1135784881
688942001
256070577
1158247347
976157621
1164311478
424256461
1135594447
1120318415
1131133910
1142229979
689316828
1194337243
1128885215
1130935266
1194314728
361001963
333439986
1122343923
1139901428
1117959159
689316856
1124109306
1117959162
1131095037
1131248646
1145361415
1131133964
980003855
1135784976
1120439312
1135784978
207718391
1135629332
1118888980
1155500023
1122303003
1137454111
82779167
1137454113
1130935330
1122343972
1122599978
1122550828
1116697645
1131000881
1116697650
689462325
1120042038
689138743
1119269944
430199864
890451002
1145361463
1177793595
1131095101
1131000895
1105122368
1116386367
1153406017
688974916
258163782
1118850119
1122600014
418042959
333653077
1106402390
610554965
1122344025
1116386399
430423138
1194314850
689316964
1158333543
1143121002
1135834232
1116697721
333681795
1118850181
1119813048
1180869768
1135498380
1116697747
1138859157
886043797
1121125527
1153762454
1117959326
1131248799
1144618145
259097764
1131095210
1116386477
1118889135
877214901
469812417
1134363842
1122600132
689390789
1153762501
1141392584
1152804041
1135785162
610516171
890451149
1301636304
1069948113
1194230993
1116386518
886977752
1116386523
583929062
1117959403
1130878191
82779376
1194231025
1138859251
1301636342
689622262
256492791
950549754
1127052544
256582913
1141392641
25877766
1162319113
1025271058
207719701
1116247319
1142230297
207719705
1137454361
256073001
1128787242
1121125674
1142230317
1124042036
1139979572
1350950198
844846391
1141439799
247123257
29941053
1120507207
1137454408
30043463
1135498571
1124214092
493522252
1302814030
255739215
256582992
1124052305
1127052629
429675864
1124214106
25285979
1302814042
1122600285
333653342
890451295
25877850
1135422812
1127052643
420353383
256335211
1127818605
1138859376
877215095
1128832376
1194319224
976190843
1135422844
1170408827
1135422846
416032129
1194319233
1131044229
1130878341
416009609
1170408846
1127818641
886977937
1135422867
1122467220
847277470
196165025
505810342
1152804264
1120507307
1135422891
1135453616
1106603441
1123843504
1141026227
1151897013
417152437
484728248
505810361
1118014905
1162319291
1145527740
1142230461
1206842813
505810367
1122467257
1120507329
1127767489
476417476
330184134
1158247882
416009675
1169059283
1135498710
1106337238
1131044311
1131001302
1206842844
1127818718
1127099871
1137567201
1206842849
1143119331
1127099879
1141067243
1134376427
1164312045
849626606
779159023
1350964720
1140059628
259288562
1134376434
1153572338
216264179
1118014966
427679219
1139901946
976190970
1164406268
382399997
1176927740
976190972
82779646
966120961
1187958274
412775941
1206842887
1122600459
1140059659
1164307981
1302785554
1127767575
403146270
443647519
886425121
491204130
1164308006
1118309932
82779693
247123504
591287859
1151974969
1140059716
256335432
601040457
1153760845
1139545678
1141440083
254940756
1164406357
489782870
1135498841
277835353
427679326
1164310112
1135601249
1141440096
688975463
1120507502
443010670
30078576
1162319474
257058422
1118850681
1134501500
1127767676
1140926078
1137561222
236082825
1137561228
658189971
256978581
1301503647
262950566
1206843052
592217780
1116391094
1074226876
1131095531
1162372808
1120386762
1117042378
1158248140
491482845
333680349
1145528037
1141067495
1164349162
1140926196
963229429
1158285047
333680375
1162372857
1119201018
1124179707
1130934012
888678147
1139937027
1104951047
355022600
416077578
287368972
1206843149
1127819021
1074226962
687935256
1130897177
1141026587
1206843168
1135453984
1153861411
1158248228
1144882980
1162319657
245937962
416818990
1116196661
1141440312
1137561401
1140926264
1153761083
1140076344
1137561405
1131095869
1134677820
1131044673
207720261
1116376912
426012496
416819028
416819029
205326167
985937752
1141440344
196173655
1135454044
1162319709
1116215133
1141509983
1206787936
1116196710
239650663
207720296
1301579627
258148208
1138939762
1141510004
1206787956
1116196727
1301481336
1119833982
333651839
69416833
293283713
1137561476
1087174536
1124179849
1131757454
417152911
1116180374
1131044764
1153861533
1122316198
1131044776
1153761192
1155499946
688975786
1206788008
1137561514
1142228913
333680565
1074227129
1116354491
1120026562
389959619
1153861575
409743304
443013067
1138939856
1116301264
1301579730
1141026774
1138939863
299618263
1153861598
888678367
259114981
980010983
255739880
216274923
1116377070
1131096048
1119834097
255739891
255741942
1170423799
1124149240
amenity=post_office
746
1116332033
212750338
291110913
1153761284
1135566859
1116377104
257665044
277835796
256067606
1131044887
1131218970
1206788122
333680668
1131218973
291133470
69431325
1131044891
416014369
416835617
1134399524
1119834150
27490346
1139052587
1337968683
1126815787
1124149292
1131044911
1138290737
1134678068
1119834167
877213754
1116332092
1130934336
1153861696
1158334530
417112129
1131188288
579768390
1142229064
778098765
1153833039
1212356689
484403283
1128888410
1122263131
540139613
1141979233
1135818851
1130897507
1155500135
593889383
888678508
1116713070
1124149358
1153886320
1087174769
1155500146
205324404
1122277498
1128851578
255737979
1141026941
887097469
1141979266
1138290820
426059916
255740044
1128755344
1302888593
268439696
888678551
1163919513
259276955
1206788252
1141440672
1122277544
1135818920
268439722
1116215470
1153886383
1122277554
257058997
1153886390
1116301495
403165368
1130934456
1126815925
416014523
333652156
1142229189
1194281158
1138290887
1116354760
1122689223
1122689228
416014541
1128755426
1131045094
980003050
1127123178
878876910
1274613999
1145516272
889528563
1128755443
1162250487
1145516284
877213953
216269058
1138290948
1120030981
1172904202
886716683
1141068043
454660367
1151977747
1262102806
1194281241
256332061
889528611
1120059687
625983784
980003112
1135567146
593795370
1153761588
1126816052
625983799
1128755514
1135819067
1131575614
256975166
417124670
1135784257
1163919683
1120031049
1141510479
1126816080
1128851793
1118308691
602282327
1141027160
1128755547
1155500381
1126752607
29942111
1194240354
1141510502
247040359
1141510507
1087175022
1153833328
1137463665
1141979513
1069990273
1135784321
688976258
1118849412
1158246790
1139523976
1118308745
1135833495
1145510303
1137463712
256053669
1131598247
1142229417
419686827
1145360811
246763957
291135929
1138917819
1118308796
1118308797
1135784382
1123862976
409752002
1137463749
1145360847
420358610
1145360854
1194228185
970772956
689519073
1134516715
985938412
1162250733
1134545391
673989103
1120020986
954808826
1158246910
1135593991
1120180753
257163795
258155043
1127082533
256582185
1139524139
1116389933
583952941
1117958707
1116389941
890389046
1116389943
1114913338
1122343483
1194222141
1132313151
625988160
1131133505
1122646596
1124149830
1131133517
672404046
672404057
1134363225
533516890
1131094620
470485595
1119291998
850633315
847774309
1106602598
877214311
1134418536
25414247
1134647913
890389101
33360495
1129611893
890389114
1124092540
1126816380
1164368510
1145508479
1123863166
21424778
293278350
1116734102
207719062
1124149912
890450585
890450584
1163920027
315261598
976157342
1151896225
1131463329
33084066
1213563557
33084072
985940650
1155500717
207719086
1131094704
291465909
1118849718
1194306233
207719098
1142229692
1106602687
1308371653
1120180936
1135594189
257059533
1145361108
1122343646
418085600
1212355299
1153762022
1134363368
591287017
1117958894
1153571571
1132313348
257164038
1135594262
1116381977
1237566234
890450715
247124767
1122466591
595651359
970918692
1145361188
689519396
1116734247
1139479337
1116381998
1134418738
1147233074
1134418746
1153573693
1132313410
1106336579
25414467
1181156170
1135594315
1116246862
1131094864
25414480
689138516
287359831
1163920216
1120090968
890450780
69415773
1158247266
689621861
1116382060
1134418800
247051120
1138275186
409752435
258079604
299289462
1118307192
256492417
418038658
256490374
1116246923
207721357
1131248526
257295246
1122413454
1117959074
1106336674
1151974311
1194337194
247114666
1118307244
1153878957
1139993519
256070577
1117959091
257162164
207721400
689138616
591287227
1130935228
1302870977
207256521
1164307403
1162251214
890450895
1128885203
1164307417
1128885214
1139993568
1122343908
659712997
659712996
1118888935
1126783980
1122599917
1142229998
256330743
1153405943
1131095033
1138256891
1143120895
1118888959
689519618
1120052227
701191172
1123904517
1141027851
27638796
689519629
890450958
82779150
1141027854
1164405782
1122303000
1183591450
82779163
726778907
1139936292
1142230054
890450983
1151896618
1139993650
1135629366
417137720
1128885305
434357309
1122430014
1158247491
1135498307
689138761
1127126095
1131248724
431907925
1164405850
1138924637
1119269983
1131134048
1126784096
1141369956
1122430052
1138256997
1117959273
1116386426
1135785089
475407501
1106336910
1118850191
1152031888
540159121
1144618130
1122600083
299457685
469812375
1183593628
1126763678
1120439456
1124109475
1132307625
291124396
1128787117
1180869805
409744560
27092152
1140925627
355009726
1130935488
1134363843
1302844612
1069948102
1116247249
291124434
768961747
207275225
1153760487
1123843306
1116247275
1153760496
1135785201
1215177968
890451187
595221748
1138859251
333653235
1118850295
1124007158
1194231028
1074226431
30043398
1120070919
1134501127
470478088
1134683402
1164406025
247381261
583310605
1153406223
1141392655
1123843345
1215178002
1212710160
890451220
1130878230
877215007
1128787232
1124042021
1124214060
1122600237
1140925745
1215178035
1164406067
1158247734
1152804155
212745532
420353341
890451269
30043463
429675853
1120042317
30043471
1137454413
429311315
416032083
1120439636
1117959516
1121125727
1122413919
1106335076
419659109
1153760616
355022185
1127052650
1131044203
1127099760
877215093
247041404
1140925823
1117959552
1140925824
1162319234
420353416
1135422861
25286032
291120529
470478225
430429590
1140059545
1151974811
759760286
484728225
1164307878
1127052711
505810342
1135498671
1106603440
1124052401
1206842802
32996786
1186469302
1194270138
417152442
256490940
1134654910
1143119295
1151897024
1124052417
1138859458
207570372
1120507333
287346121
1122414025
1118889418
287346124
1186469323
331630035
1117031893
659607004
1145527776
1169059301
1123890661
1127818726
1131001320
1158333928
419659241
1120361963
1140925932
1153760757
1153406456
1118309887
1140925952
737754627
886425092
1118014981
1122414086
1118309893
1122600452
1118889482
1333597714
1120071187
256329236
419659285
1152032281
1134376473
1158333981
1164406310
443647530
1118015018
1284359728
376804915
1141067315
1137567283
1135498807
1141067320
1141440057
1118889532
1162372673
1106335301
205338183
1206842953
1117032018
417152597
1141067355
100277853
1164406369
1127818850
333682283
1162319467
412782187
484691566
1350940270
979961453
403342964
1117042292
1153406581
886425217
1137454722
1134501505
986695300
847769223
1117990536
1141509768
333682314
1117042316
1153406608
1138249364
979961495
1117042328
1139936921
1120507543
1137567390
1301503647
1119217310
1118015142
1116391083
1120179886
1141067441
247123634
382412467
1152032438
1116391095
416077496
1135453880
689587902
1143119554
1131044550
1141026506
1141440205
1130897103
1240465110
1162319574
1181245144
1240465117
315260639
417152736
689463009
1116354277
1116196585
1131095787
1021548269
1158285038
1131095790
1135453938
1141509881
689463033
1131095804
1117042429
1127819007
409743104
1116301058
1124179717
1116391173
1118850823
1127110411
254940943
1164308242
245937939
1127767829
1120386840
1140926233
1120386845
256329501
484402976
1135453989
1158285093
1130897190
877213486
1131044657
1135454001
1140076340
1117990709
1145528118
100280118
1194327867
1206843197
1134677824
877213509
1206787912
1104467785
1122316104
207720268
1134399311
598196050
1121134419
103051093
256972633
1121134426
1180403546
1119217503
333682533
676521833
258156396
1162319726
1121134448
1116180337
333651831
293283705
1124179852
1141440400
1137561493
1162373015
1117990808
1153832857
1119834010
1131757467
688943006
1162250142
888678306
1120110499
1116354470
847882151
1162250152
1116196777
382408617
1120026537
1131044782
1153832880
1120507824
687935410
1130934194
1158285240
687935417
1134677947
1121134525
1120180163
1153832899
1116331974
207261640
980010952
1155499978
1162319821
1116377039
1141440503
239650772
1116712918
1194293208
1026410458
299618276
1135566824
980010990
1106403311
1151977457
1131096051
1117958135
255741944
1140076540
29941758
post_box:type=*
746
416835591
1131044873
1117958154
886552587
1120026640
1162373138
355000339
333651989
878876694
256067607
69431327
291133472
205121571
1120026660
443009062
1155500076
1122277424
1134544955
1130934334
1153833025
1337968718
1145507920
1122263124
419706965
878876759
675696728
1129605210
443009121
1130897507
1116301414
1122277479
1124149360
100274290
247040115
1135818871
207597690
419707004
1116332163
1116301444
256583814
419649673
1141979273
1134545035
1131094158
417001614
489762963
1151975572
1116301461
257665177
1137561753
1138290843
1153886364
1131575455
877213855
1141510312
1153761449
239650993
1140521137
1141440691
1194281141
1141510325
738236602
1138290879
1116332223
1122277570
258164932
1141027013
1141979333
1131045063
889528519
333680840
257665226
1120047309
419707086
1153573071
1164308689
256491735
625983719
1116301544
1134545135
1124149493
980003061
1194240249
1151975675
1153761532
1134383358
1118308607
1142229246
30306566
216269062
416014601
454660363
889528587
716876043
658188559
676620559
1123989787
980003101
580276511
625983775
1153761568
430262560
1135454499
1120059684
1118308648
878876969
1194281260
878876973
980003125
1128851770
417001789
1138964800
247124290
1116332357
1120059717
1162250570
1163131211
1145360720
1153833299
1117958484
1120059732
1177749846
1122412889
1120180570
1131219291
659577179
1158334818
1134516579
287383909
1141979496
25082218
1194281326
256584049
1145360762
1118308740
1125419396
1141979527
1130934663
1162250634
257665425
1155500434
1141510548
417001880
1177747864
1127082394
1120317853
878877090
878877092
262949284
1131248043
1163131308
246763949
203946416
1118308786
1122343351
1135659454
1338907070
1139524038
1151975883
1194222028
333652433
207583700
1123989973
1120020949
1177747926
1122413015
212750809
970772955
878877148
255738340
1122343404
1127082477
1158334956
1194228207
1116160496
1131188723
1142229493
1122646520
25764352
268440071
1118849545
1127082505
890389015
1114913307
530674204
1116389919
1141027361
1117958691
27105837
625988147
1153571381
1116389942
1153571384
1145360955
889475646
689138239
1139524162
1158246978
1122646596
625988163
1164368457
850633290
1124149833
849635921
1163131473
1163919953
257292885
689138265
533516890
1124092510
672404068
333652581
1122413156
890389098
1131463275
1071821421
25762427
1122343554
33084037
1151896198
1117958791
890450568
970918539
689138317
1190099598
1158247056
1190099601
1164368530
1135784601
847600285
626043551
1131463329
1131248291
985940644
1125419685
1132313252
33360551
1302807208
985940652
418042543
1119820473
207719103
890450633
1135784651
291117773
1151974094
1114079954
626002643
1147232981
1164368598
626002648
1030660831
333681385
205017835
1145508590
207721199
675316462
1116734193
431745781
1145508598
1164309238
890450679
1139479291
689519361
1147233029
1116381958
26108681
1212357386
1145361162
1142229781
1138256662
979888922
1176877860
1184981799
1130935079
256490282
591287083
1237566251
1181156147
1176877877
416047929
418038585
257295163
1140935485
1135833925
25414477
418042712
1145361242
689621853
256498525
1176877918
1074226016
1118307172
430244711
1176877929
1142229866
1164313452
418038637
1123990381
203948913
1131248501
430433145
1135784835
1106602885
1162318727
877214599
890450827
410207115
410207118
1074226062
1135784848
1153571729
1126783895
890450850
1117959075
850719658
1117959084
256330671
850719669
854074293
1131094967
417037240
1126783931
976157630
1278018498
1159465932
1122429903
1122429904
1134363606
1126783960
688022490
850719707
1212357596
1155498974
659712992
25877476
689462244
1153762281
1194314731
1127767020
1194204141
1122302956
1155498988
1135784942
1158247410
1134363634
1122550772
689622003
1140052982
1122466806
1116386296
1152031743
877214725
1138256904
1212357640
1194337293
1155499022
69311505
1124109330
1120439314
1135784985
1151976474
1106404380
1131133981
1127126050
1125420070
676813864
1122303018
1118850091
688974892
986692658
1131134004
1212357686
1131248698
1138256955
1137454140
1177793594
1155499074
1213123652
1131134021
1122550852
1120439368
877214793
1122600014
1158247505
25289810
1141025873
1128885332
1145361491
1106603094
1135498326
1139936340
1124109408
1131248737
1128787042
1151974500
1183593577
1180869738
1141392493
293280878
1153762414
1158247536
1117959280
1194314862
591287411
716876919
1131000951
1128832130
1194314888
1139936394
1130935434
1134363787
1142230159
1124064399
1122550930
207281299
1131437210
1131095196
689317022
1151896736
1122303141
469812391
1151976617
1124064427
434365612
1140925612
1116386481
1134363827
277834933
1120439483
1122303166
333653184
1135785154
976157895
1135498440
1124213973
580263126
846920922
886977757
255741154
1141392614
1116247273
1116247275
588502252
470537453
1164309742
1118889201
256978162
1069948145
1164406004
1143121141
1069948150
1158247671
1120507126
1138859253
1140925695
1106404611
207719683
1122413829
1162319110
890451208
1121125643
890451219
1124042007
1140925720
82779417
25877789
30043422
1135422755
1155499301
256072999
1135498538
1302863147
1116247340
1128832305
420353330
1106603317
1120507193
1139979577
1106337089
355011906
333681989
1301519688
1135422793
1142230344
25285967
429675859
1140925780
30043477
1194319190
1131001176
1074226523
1301519708
1158247772
1164406118
950396263
1141439846
1120071018
1159492971
1127716203
1142230378
1159492976
1128832370
291108210
416009586
1155499381
236082553
887299451
420353407
1153760647
1120507274
25286028
259288460
1152804240
688975249
416009620
1158247829
1186469279
1152804260
291108263
417152427
888677805
847277487
1151976882
256583091
1139901875
247125433
1026403770
886425029
583312838
82779590
1117042122
1140925910
415802842
287426010
333682140
277835228
1118014946
1186469347
1127099877
1194319333
545580519
1127767529
1134654954
415802871
888677880
257093111
1213726202
256495102
1139545605
1134376454
1141509641
1138859529
1158247950
1116184081
1118309907
82779668
1152804371
1152804373
1127818775
1162319386
1130878492
1117042204
1158247972
1152804388
1162319400
887299627
1120507441
1131001395
417152566
298907191
476442171
1295097403
1131001406
1130933825
333653580
1131095632
1151977048
476442201
1117042272
1127818849
1116712548
412782190
1119241838
1124179566
1134376560
418080370
886425204
1116180085
626028150
1194327668
1130933881
688975485
1158334082
1120386691
1120362122
207718028
1118015120
1127818898
888678035
333653654
1140926103
1141509786
1118015132
1141440158
886425248
254940841
1141509802
1087174315
1301579445
1087174326
1116300982
1240465080
236082873
887299767
484402870
1127818942
1138859717
1194329800
1152032457
1141067467
1176964814
310165203
416077526
1194329823
1155499743
1116391138
1124179684
1240465129
688975601
287368947
236101364
1148841716
476417783
1117042424
1130934012
1137561340
689520382
1145507582
1130897152
205016834
1206843141
1141509894
416077575
1144882952
1206787845
1124179729
1140926229
484402967
476417817
269276955
1158248220
1141440285
1301579551
1155499809
1121134375
1122752296
1162372905
1141509930
1162319661
1121134386
1145528117
1131044664
689477433
1206787898
1117990717
1120507709
1148841793
1131044677
431896391
196173639
598196040
1148841803
1152032589
1124179795
1151977300
1144883030
1153761116
598196060
403150685
205326174
203964255
416819045
417023846
1116215147
1116196716
1134677872
1140137842
1141440372
1117990772
69367675
1158248316
877213569
1116196741
1153761157
1122316166
1117990793
886222730
1155499917
1134399374
1153572751
1140076431
1141026702
1164310418
1145528216
1131218841
688975772
1162373021
1164349344
980010914
1127767974
886552491
1116196781
1122316207
1140076467
1122316213
470353845
689137590
1131757495
1120026549
1141067703
1117990838
1134399423
970801092
955076548
1130934212
1131044807
1117990856
333682636
1137561550
1116301262
1158285264
1138939860
1153832924
1141067741
687935452
1116377056
1135566817
690880487
1141440491
970801132
1137561584
244070391
1131044857
239650811
1140076540
post_office=*
746
212750337
1176965123
1145528329
1155500044
443009039
331630608
1116332050
382410770
1131044885
1162250263
25831449
1131575322
419706909
1128755231
416835617
1153832998
1130897449
1131044908
1140138028
315260974
626014255
1131218990
1116354610
1122269240
1124149307
1122265149
877213758
1153861697
1140076611
1131094085
417112138
1122269261
212789329
1116354641
417024085
1177804894
1153833059
1129605220
1122277484
1117958253
1122277487
1158285427
1295104116
1124149365
430420087
333652088
1141067895
1088925822
878876799
269277311
255742081
598202502
1153833099
1134545038
245930127
1131219089
1158285457
1141026963
1134678164
598202515
489762963
1131188377
291133594
258156700
1116354719
1122689189
1137561765
1131219115
1127123120
1141979314
878876853
1124149430
1128755386
1153573052
1117958332
889528508
1120030908
1212356799
1122689212
980003005
1153833155
1139052739
1116301503
887097533
625983687
1163919560
247124167
1134678215
625983690
258164941
1120110811
1153861853
1120030943
1274613987
1194240229
1131575526
877213928
1163919593
1153886443
1158285548
1142229229
1145508078
1122689262
1134678253
1116301553
1135784178
1120030962
1026406646
1116354808
1128851705
216269056
1141068033
1122343174
1138290953
1138290954
1116215561
1116301580
233085201
1194240275
1117958421
1139052821
1151975703
257163543
1106336025
946080033
946080036
1163919655
256332072
1128851753
1131094314
1158334762
1131094316
417124653
1116301614
69450034
1118308658
1206788408
1194240318
1145360708
1134516554
1138917708
387766612
1122343257
1131188570
203972955
1125419356
1163919710
1114863969
1128851809
387766626
986724708
417124714
1158246766
1135833455
1139523952
1116301680
1134516592
1126816115
504672623
1128755577
1151975816
688976264
1118308744
1145360786
1141510549
1131248022
1135784343
1122343317
1118308761
1131219360
1140017569
258159013
1131094438
429199784
877214124
1131219373
1153573295
257163695
1177747887
293274035
1131598268
1120031167
1122343359
946000320
257163717
1139052997
1125419465
1122413005
1194222030
1135784399
583885268
1120020949
878877140
420358612
1114913241
1141510619
1139524060
595220957
970772957
1127082472
1138917865
1212357098
417001963
1212357099
1116389868
259105262
877214189
1122343411
847774202
1069990395
1131094527
389822976
1116389893
1122343429
673989128
1194258957
688019985
287363601
257665562
1338907164
1134516770
688020004
1158246954
291465774
25414195
890450486
1141510711
877214265
1194222138
1134647868
25414208
1163919936
877214276
1153761863
1069990471
1116734024
1145508427
1158335052
1145508429
1116389966
1123863126
1158335063
1162250845
672404061
267274847
1162250851
218034791
1145361002
448928365
1134363246
268943985
1158247026
418042489
1131248257
1194222217
1190099594
33084042
1194214029
1071821458
1127082645
1143120535
1164368551
1164368552
1071821483
1117958830
1162250927
429333168
1122343602
470485683
1117958837
1129611957
25877175
626043578
277834431
1190099657
429318858
1119820489
1117958860
1153571533
689138384
571597520
1141027538
484248274
1131044855
1176877785
204993242
484248283
1194222298
1186304735
1122413283
1125419750
494437096
591287019
689519343
1119292149
1116381942
1134363386
1151896316
1164368638
1158333183
1122646788
1158247173
25877254
1135594247
257164036
1134363404
1163920141
890450707
1237566239
494437152
1122343724
494437165
430203695
1071821618
1176877877
424264505
950508346
1169218361
1212357437
1118307133
430244671
890450754
1138897734
1181156169
247040842
890450761
333681487
1116382033
1151974228
1141027675
1120090983
1164313452
1138256755
954989433
1118849913
1119269753
1130935169
259275656
418038670
1181156241
486151066
207612826
1122550685
257665950
417037219
1116246949
689138605
1122343855
247114672
257162168
1128831935
239729599
32994250
1122413515
1151896523
32994261
877214678
688022487
688974808
1116386263
592235485
1118888936
1153762283
1151896559
1176878064
1117959159
583928829
1120052222
1162318848
1118850051
1162318857
689138700
1116386321
1153762324
1116386325
1142230039
1177793560
1119269914
1132307483
1158247456
1116386338
82779172
469847084
1177793590
1143120951
1134363706
1128885312
1127767107
1120042052
1122600012
1132307536
430423122
1153762387
1153406036
1123904596
1122466903
1135834200
1213123675
1126784094
1151896673
886977635
1137464419
1138256997
26242153
1122344042
1141392508
1141027965
583928960
1122600064
1134363787
239729807
1124064401
1155499153
1128799377
1120042129
1122600081
1126763666
1137454231
583928984
890451093
1141027990
1183593627
1122600098
1116247202
1153572008
689462443
635387052
1158247598
1122550960
1074226356
1120507060
1153760438
1122430135
1124064440
1124109496
1128799432
1143121099
1127052493
1116386510
1069948114
890451158
1152804055
648205528
1131248857
207275225
1164309719
431908061
847277277
648205536
1151974629
1120507111
1155499246
389928177
1141026035
583929081
1164406010
1135785211
886424828
1117959422
1106404612
30043397
1153760518
1139549447
1151896854
256519450
1120042268
1135422753
1141439780
847074600
25285931
851305772
1155499308
30043438
1137585454
1121125677
1135422769
689622320
82779446
1124109644
1069948237
1166662990
851305807
1164309841
950549843
1194270036
1124042069
1106337109
1134501216
207609184
1137454433
1090129252
890451305
333682029
1074226543
1122600307
1124042100
1164406133
1090129267
1215178103
1131044216
1152032124
1155499388
21433730
21433741
1124042126
976190867
1119241619
1127052696
416009624
890451352
1194270108
25286046
207719842
484402595
1170408867
1139901861
759760297
1151897002
1106337193
679347628
205329837
689462701
1106603440
887299508
1141439926
505812407
877215161
1197335995
21433790
1158247871
1118014911
1106335168
1152804290
1119241666
1074226630
1122414029
1139901903
287346127
1118014929
430435795
1117959636
1127099861
1135453657
1301478876
1124052445
1146224094
1118889440
416009697
1141026274
1135498723
1118309860
1135498725
287426024
1142230509
1137567214
689462769
1131001331
1134654968
849626624
1162372612
1302785554
1162249747
1152032279
1118309913
1139901977
1131044380
582778399
888677919
1137274401
1151897131
1142230573
1026416175
1206842927
687967797
247123509
1116712504
1074226747
1141067325
888677952
1206842950
1153760839
207582790
1118015047
1137454676
256347733
379573846
1127818839
583902809
1120476762
1164310112
403342944
1152804452
1131044454
1117990509
410680944
207611514
1138249347
1194329733
1120507534
1162372751
1302820497
1138249362
1182445205
1213370006
1127110293
1116180120
256583325
1301579424
333653666
256491171
376805039
1087174322
1141440179
1137561268
689622711
1137561273
1141440186
888678075
1116196541
1301489345
1138249418
1141509840
1127767766
416835286
1124179672
1117042403
1144882916
1021548263
416818921
1122752234
416077552
277833462
1139422969
1119201018
476417788
1194327808
333680385
1141440257
1131044611
254940932
1301495554
333680391
1117990667
1158334219
287368974
1206787857
1151897363
689477395
1131044631
1194327832
1141509914
983797533
1135453982
1134399267
416818985
245937961
777043759
256063279
1106335537
1116301106
1117990707
1120507699
1131095869
1140076352
1153406785
416819013
1155499846
1144883019
476417872
1140137809
1153832784
1141440341
1145507671
970800983
247179098
1121134427
1141509983
1106403168
1153861473
1152032610
886716259
1131044710
1116376936
689463146
1116354411
1145507692
1153832815
1120507763
1145528179
1026393977
333651836
1131044732
1131044740
1301579653
416835463
1153761162
419706763
488765325
886222734
1137561485
1119201168
1071890326
1116376982
1131218840
1153572761
1131218841
1153832860
333651871
1140076450
333680552
1153861545
382408617
1158248363
1130934189
970801071
1120507824
1106403252
431896505
1153832890
1116712889
954777533
1116301253
1141440453
1140076485
1116354501
418349004
1131044815
1135566799
1121134546
1130897363
430424020
1106403284
434376667
1120122844
1116377056
1158285288
1162319848
69482474
980010986
1141510124
212746224
1144883185
1143119860
777043957
1155500023
877213692
amenity=post_depot
746
1130897413
1135454213
1127780358
331630609
1116354578
1162373138
1145507857
848517144
1151975450
489779228
877213726
1140138015
1131096095
1116354590
1135454251
1138290732
1140138028
1153833006
1126815789
1177804848
1176965169
1145528368
416835632
1141440564
1131575352
239753277
1137561662
1274615871
1140138049
1130934338
419706950
1138290758
1140076620
1162319949
1142229073
1116196954
256065636
255737957
277835883
1116354670
1128755313
1135818865
1128888438
1131044984
1126815864
1131438204
1116354689
888678531
1116301444
269275270
1134545031
417001611
1302888593
1158285459
1134678163
1158334614
1163919513
413210778
1122263197
595230879
583327904
583880864
1162250402
269275299
1122277540
1088925859
256067750
688976038
1131045031
980002985
256581795
1093114027
245930152
1169160367
1106335920
1122277554
886552755
1120030899
1162250427
1120030908
1153886397
625983682
1142229189
1206788293
1141440712
419707082
1158285515
1153861834
1153886415
888678613
1155500247
1135593688
1131188443
625983708
1142229212
1139398875
1116301535
1141068000
1131219164
69478628
495517929
1145516265
1127123179
355025135
1128851696
1206788336
1116354802
25764083
1135784180
1122736376
985948409
1131219196
1127123197
878876924
1120047357
1141440782
1131247892
1155500308
1116215579
207257886
887097631
1118308639
1153761573
1116332330
1153833265
878876984
1131575609
1153833277
1131188545
1124149569
1153833288
1194240331
1120180562
1131247956
256979284
1120180569
1155500378
382404954
1131247973
1131094374
1153833321
1118849386
1122343281
256584054
878877049
1172058490
1131219323
1177747838
484403586
1155500419
256596358
1153833360
221309330
544485778
1118308762
1158334879
1177747873
1183510947
1153833384
1106336173
1123862962
1118308788
1122343351
1124092345
1119291838
1134363071
207720897
1153571266
1118308803
1137463746
1145360837
1134363081
1124149706
1123862986
1162250702
1120317904
1135593941
1139524056
673989090
1118849516
877214192
954808820
1120020980
1116389880
293274105
1163131385
1194222076
1118308863
1145360900
25764358
1155500551
1116389896
1153573384
673989128
287363596
1194213906
469803546
1143120415
1122413091
1131133485
689519150
1071821371
1164311101
1122343489
1135784513
1158246983
1138174535
1131133514
1197308494
1158333013
625988183
207606360
672404055
1119820376
1116734043
1131463265
267274849
1138174563
889475683
1158247011
1135784548
256332391
1134647914
530696811
1116160619
1134647917
330177133
1122343542
293278328
1131094657
890389132
1122646669
1069990544
1138299538
1153573523
247114387
1272056466
1294576274
1272056468
293278358
1212355226
1163920030
33084069
1116734118
877214379
1122646703
1194214066
886977202
1194250939
268944060
1132313275
1118849727
1071821511
1302807239
1123863243
1145508568
1147232995
1142229742
890450670
299498224
1141027569
1194306289
1190099699
1119820532
418042614
1123863291
1131094781
494437121
1153762058
403112716
403112719
424264465
254810897
258159382
418038553
1141025563
1162251039
1116381985
1131248420
688974629
890450726
416047912
1134418729
1116246827
1131133751
1212357433
1131133753
1142229823
470477638
1153571655
1116246856
418042699
1106402124
1153762123
1131094864
1151976273
1122646866
1131133779
1071821652
1163920213
1177793362
1022587734
1181156184
1131248474
256498523
1120090974
1125419874
1176877926
1118307177
1142229866
1135594350
688941936
890450803
247051124
256330611
333652864
1177793410
1131094916
1138256773
1116246916
595010444
666403731
268439711
1116246947
1093088167
877214641
417037244
877214653
1122343872
1130935234
1176878019
1158247365
1194337226
1326377931
1135594444
1141027789
1194259410
1130935252
1122302934
689316828
1143120862
1145361378
239729634
1194337254
418042859
1130935280
1122413552
1177793526
1151974390
1145361398
1146217469
1131133962
1301617675
1131000844
1181424654
1135498259
1153571863
1158333464
1148781593
1155499035
1108440096
1122413601
1131248676
25289764
403108903
416085035
1122303022
1213123632
1141392433
1153762353
1128885300
1117959222
1158247479
776385594
1134363706
1194314813
1131000897
1123904579
277834819
1122550855
409752649
1137454154
1164405837
257164366
701191251
1128885334
239729752
1153406040
1127126109
256971869
1069948006
257164392
1116386410
1158247534
1132307567
888678562
1138859127
1302844540
1141025918
1153762433
1126784129
1158247554
1140053127
1116386439
1138859146
1151976588
1158247566
877214866
1183593627
26242203
1152803998
1119280288
1140925601
1143121058
1106336932
27092133
1141392549
1116247208
469812392
1131248811
1138244780
1158247601
484727988
1127767222
689462455
1122303166
1152031934
1106402496
1128787142
1131001033
1116386510
1128787156
1120439516
1126763747
1145361636
1126763749
268393706
890451179
1155499244
1138859244
1069948143
1164406000
1135498486
1301636344
1127767289
890451200
588502273
1120042242
505812227
247039234
1143121156
1124109575
30043400
333681932
434363661
255737104
207719705
1074226461
1116247325
1140925727
1120439591
1194231081
291128626
1138859315
333681973
1120507193
988611898
1123843388
1074226494
1141439807
1069948224
1153572161
1120439617
1301519683
287425859
1141439814
255739209
988611914
591287627
1166662988
1118850381
1152804175
689462610
1122467157
1124042070
1120507225
1128787296
545580386
1170429283
1141439843
595221858
1215178084
203943266
890451301
1131044201
1158247786
1135422828
1152032109
420353390
1122600305
1130878324
1131044214
1120507256
1158247801
1138859391
291108226
291108228
420353412
1140925833
25286026
1106337161
847277451
1131001233
1194319251
207564180
277835157
890451357
1124042143
433042848
484728225
1158247841
1194319267
689587615
1118014888
1206842797
1074226608
25286067
1142230452
1118014904
505812411
1087174076
1153406397
224953787
1127716287
204993983
1164309954
678344133
1120507335
247041482
1194270155
1153406421
509408740
877215209
1151974889
1139545580
689520109
1140059630
779159023
1140059634
1151897075
1164312050
1134376438
1119241721
417152506
256495105
1350964739
1117959689
1284359692
1151974924
1206842892
427087375
247123473
25083410
1120476696
1135498778
1120507420
236082717
1123890718
1141067292
1140059680
489793054
1152804386
1152032295
1130933800
1116184106
582778410
886715958
1139545656
1118889532
582778430
417152575
1118015038
1135498819
409749060
1141067333
1177083461
1135498820
418080329
1118015050
1116180048
27590230
1164406359
1158248025
1152032347
1141067361
688942702
626028146
1116712563
1164312178
886425214
1141067402
1144882826
1140926092
1206843022
1118015121
1144882833
1158334099
1141440148
376030867
1120071318
689477271
1116180134
1144882863
1116391088
1116391091
416077492
1117042361
1153760954
402593471
1142230719
259284681
1118850762
1130933962
1153760972
1127702217
1240465105
1145528018
1131437780
257058520
69330649
1141509850
1117032160
1145528036
1151897317
1153861356
1158285036
1116301045
1116180220
689520382
888678145
689463045
1127819014
333651719
1135453969
256497426
256069396
1158285076
1164349208
1119201053
1169094430
1141067551
1141026592
689463074
236082978
277835554
256063278
1121134384
1131044659
1127702325
689477430
886425401
1176964929
1122316098
1119217475
689477444
82779978
1151977292
1117990734
1134399313
986689363
1151977300
1158248276
1137561434
877213530
207720291
1116180326
1153761127
1134399337
1141509995
1116712812
677341035
1131218798
888678255
296224624
1116376940
1164312435
659994484
417152886
382408566
1120180093
1153406847
1164310405
1137561478
1134677895
380995463
1131044746
495519629
1104467853
293283728
1131093911
1158285209
1153406873
1140076442
857331612
1194293147
1116712864
256329634
1116180387
1141510052
689520549
1116354470
419706791
1131044774
1138939814
1119834027
1120534443
1140076459
1144883118
1131095983
1158248368
1153832883
1141510069
1116196790
1131095994
207562685
293283774
431896509
1116712893
1116301254
980010955
1116377044
1117958108
1120026593
1162250209
690880481
1116301285
1026410470
1131044841
476336106
1140137962
1140076521
1139052524
1141067753
27490281
417023977
257665020