12
building=construction
746
1158248452
1131247625
1116712972
419706894
848517135
1131044880
1116301329
1134399508
1131575317
1140017174
32266264
1131094042
1119217690
1291048991
257665058
1131044900
416014374
1122263079
1120026666
1176965163
416018485
1116332085
257290294
1131096124
417112129
1122277445
1138290761
1274615886
1134544975
256583760
878876755
1153886296
417112153
1128755295
1274615904
970766433
1130934370
888678504
1134678120
1135566954
1169160299
256493676
25763948
100274287
1153886320
443009140
1126815862
269275256
1131247742
1088925826
1153833091
255742083
1140138115
1158285453
1135818895
1123989648
413210775
1212356760
1128851609
1143120023
1135818907
1153573022
177205407
489762977
1142229156
1164310694
1122277543
419707046
1135567018
309821611
256673965
1153833135
1116713140
1122689205
257058997
1131094199
258164919
417001666
1138290885
1135833286
1162320078
333652175
1163131089
25876695
1145516247
1114912985
1135833306
850979032
416014558
980003041
1116301537
1114863846
1274613993
1116215529
1026406640
1131219185
1128851698
1123862772
1127123189
1114913014
887097591
1151975668
625983735
1138964725
1145516283
1145516278
877213949
1117958397
1153833217
1142229254
1139523846
1118308616
1153833228
1141027091
1135593749
688976150
1153833244
1155500319
1118308641
259098914
1141440804
946080039
1026408744
878876971
1194240300
1135819053
1126816045
1131575603
1163131191
1206788408
1141979447
1194338617
417124666
1116332353
1141440835
1116301638
269277511
720689480
1123989835
1153571147
720689485
1153833294
1131094350
1026416985
1131575643
1140017499
1141510493
1117958501
1163131243
1153761646
1069990254
1194258799
888498546
1138917755
1145360763
333681022
1194240383
1162250624
1131188610
1118308740
1194281352
256584073
443013517
1131188629
1177747866
1118308762
954628507
1131248034
1131219366
417001897
1131219371
409743787
1338907056
1131219379
877214131
544485815
886716859
1137463741
258156991
1139524038
1124149704
420358602
1118308810
203940303
1141510607
1194250710
1117958614
1134545368
1162250720
1163868641
1069990371
1155500516
1163131367
847774183
1138891241
417001963
1194222060
1139423723
1131188716
878877167
583322100
1122413047
103051768
1131248127
1145508356
1212357127
1119820298
1338907152
1158246930
1134418451
688019992
1153571363
1127082533
1118849576
689519145
1117958701
27105841
1142229554
256490033
1116160561
850633271
850633272
877214265
1119820348
25414206
1131248198
1122413126
256332363
1116389964
890389070
1134363222
672404061
1130934879
1155500639
672404066
207606378
1122343531
25414255
1119292027
890389124
890450565
1153573509
293278342
1164368520
1119820428
1142229649
689138321
1116734104
906379929
1163131553
1122767525
1164309160
1145508520
1129611950
1131248303
1194222256
470485678
25877170
1151974067
262343348
1164313269
258163385
1134363322
638333629
1135594179
1155500742
1134418634
256330443
1302807246
1194306258
1122343636
1122343637
277836500
1190099671
890450648
1194306270
1194250976
1134418656
484248290
1147232995
287369960
291117805
1139053294
1135784688
279296761
877214459
1151896316
256066304
1145361152
1131094789
256494343
1212357383
1116381963
424264460
1194259215
1138299666
418038549
890450715
1145361182
287349534
1119820578
1117958948
1153571620
1122646823
1162251052
257295149
1119292205
1134363436
890450737
890450738
1164311346
1132313397
1132313401
1122599740
1122599741
1212355390
1141025602
1139993415
287359829
1158247257
1141027675
1122413403
1119292257
1135594337
688941924
1162251109
1116246886
1134418790
1116382059
877214572
1122466688
216275842
970754950
1106336647
244069257
1139901326
1138275216
776385431
1118307227
353811356
1183544220
1118849965
207246255
1138275252
1138256823
1118307258
583928763
1291510716
1194337212
257162171
484619195
1162251200
353811393
1291051968
424256451
1158247355
207567820
1146217421
1122599887
1163920336
257666000
689621978
1131095003
1116386272
1135784929
1153879013
1194337255
1176878056
1126783980
1142230006
403164156
1139936255
1128885251
1135629317
1141392395
1118850060
1301617676
1122550795
1125420043
259281934
877214736
69311513
1155499033
1145361436
1131437089
1116247075
302742563
1105122342
1132307494
1131437096
1131248683
1177793579
1118850093
1148781612
1197354032
1119269943
1127052344
25289785
890451002
1138859067
1135785019
1123904573
676820023
1158247487
1128832065
1139993678
1131248726
1117959262
1131248735
25289823
25289825
1194286176
1152031842
1164405859
256494694
716876903
1121125486
333681777
82779253
1122550904
1122600056
1141027968
1194314880
1145361539
1152031876
591287427
877214854
1158333576
1125420178
469812370
689462420
580281493
256490643
886043801
877214878
1128799392
1117959331
1118889126
1152031914
1122303149
1121125553
1128787123
1117959349
1126763704
256496833
1158333634
1127052488
1122600138
1069948113
1120507091
886977747
1135498454
759469271
469812440
1116247257
1301636314
1124213984
1139936482
1126763747
1152031973
1301636329
847277289
1139549418
431908075
1118889197
1124109545
1141392623
1120507119
1164406000
1124041968
1138199796
256978170
1155499261
1151976701
689622271
1122430208
207719683
1130878212
1128787210
1337971978
1152804109
1164406036
1137454357
1127767317
1118889236
1152804121
1120070941
847074590
30043422
30043428
1135422761
1127716138
689622313
1124042026
256073007
420353327
847074611
1127716147
689390902
1141439800
1155499320
1176927549
1123843397
1151976774
988611914
207246667
1124042059
1140925780
1194206556
1151896925
1158247777
1153572196
257060197
1152032102
1135422828
1120071021
734057839
1239143798
1116247416
355009915
1152804220
886424955
25763198
355009921
888677762
1124042115
545580418
1158333825
1151974790
1158333828
355022219
25286029
1158333839
21433745
1124042130
291108243
69404052
1187958166
1153572248
1143119257
25286043
205329821
207615390
1119241631
205329824
877215135
1164406180
1176927652
1141439910
1140080038
1152804261
689587625
1139901869
291108272
1162249651
1135453623
1131044281
1153760699
1158247870
1134654915
678344131
1134654917
1164309961
82779596
1158247885
344686031
1137454547
1140080085
287354326
1137454550
1118309848
1127767509
1162319331
355010020
659607012
1134501349
1140059629
1134654958
1117031923
1122600437
258160118
1177083381
1216804345
1158247929
1120071171
1176927748
1120507403
1284359692
1194327565
1140186639
255741456
247123472
247123475
417152533
1116184092
1284359709
1158247969
886425125
277835301
1116184104
759760425
1152032296
1131044398
1145527856
207273522
1135498807
1152804409
1134376508
1295097408
1345322561
1141440075
333653580
1141509712
287360594
1131044436
427679321
1118015068
583941730
1117990503
1206842989
1206842994
689587834
403342972
1152804477
1141440137
1106405005
877213326
687967896
447563438
1140926136
310165176
1137561276
1152032445
1144882879
1240465090
1301489350
1164308168
82779849
1116354254
315258574
1144882896
382412498
1137561300
1240465113
333680346
1134677721
1148841692
689520364
1120507628
1106403058
1106403060
548738808
1162249976
689520382
1127819007
333680385
1158248194
1137561346
1134677761
1124179713
1141440270
1116215058
1131044631
1158248215
877213468
1106335518
277835553
1145528103
761225000
689520426
1120507690
1145507627
1140926263
1141067583
1116376899
1206843206
1116196681
1162319691
299618126
489668431
888678226
1141067602
1162250070
426012504
205326169
1140076380
877213532
598196063
1131218787
1071890277
1158285158
1206787948
416835439
1026393977
1135454074
1116376959
1131044737
207720323
196173705
1194209163
1141067661
1121134483
1131757467
1120507807
688975777
1194209189
1137561513
1117990825
1116377007
1121134511
1137561520
1131044786
1131044789
1117990839
1140137912
416835516
207562689
1131044807
1116331976
1116215239
1158248394
1127780300
431896525
1153832910
1158248399
980010960
382410705
1158334418
1134677966
1206788053
298870742
1140076503
1177804759
1148841943
1140017117
1141026790
1144883177
1177804779
1153861612
1189148655
333651955
1206788086
1153832953
389957626
1116301308
886716413
construction=*
746
1131096076
1142409229
1138290700
1140187149
878876685
1116301329
1128755217
1141440531
291133460
291133461
1140017174
257665041
1131044888
1116354584
430419994
1139052570
1140076573
1153761312
1153832996
1122263079
1139052587
886716460
1131575345
1140076601
1131188283
888678467
1141026885
1138290758
1134399559
747534410
1130897483
1135454287
1134544975
1116196948
1131044949
1122277460
1153886293
1153861723
1122265180
878876764
579768412
1140017248
416014433
878876772
417112164
255737960
1106403433
255737962
1142229101
1153833070
1162319986
1139523699
887097469
1128888447
878876807
1124149384
1122263180
1116332174
333680786
1284227219
1194281110
257665175
1117958298
1129605274
256067747
1138290855
1116301480
1139523753
1153761459
1140521141
1128851645
1134678212
1120030919
1116301511
1116332232
1128851664
877213906
1153833171
1139523797
1122689240
889528537
1194240218
333652184
1116215514
850979035
1141027038
1135833311
1274613982
1116301537
333680865
985948387
1134678242
1153886436
1131247847
1134678257
889528564
1140902132
689137910
1131094263
1139523832
689623293
1189392638
1145516288
1141979393
256332034
470354182
1131219206
256332039
381116679
1120047370
877213965
1126816017
1141440788
417124629
207257880
469262617
1153761564
484460832
716876066
1143120165
1140017447
1262102825
1194240299
1123989804
1139052846
1134545209
887097658
1026408761
1145360708
247124295
1116301639
256332105
417124680
1131247948
1120031060
256979285
1116301655
887097697
1194240355
257665382
986724711
980003182
1116301683
1138917749
1153833337
595220864
1124149633
1153571203
1131094404
1131575693
256067990
1117958553
1141510555
1141510558
1155500447
1134516640
262949286
409752000
1155500481
986730948
878877125
1153571281
1131188689
878877139
1145508308
1194258899
403161559
1145360861
1116389870
255738352
1118308859
256053756
1116389888
259103234
1164368394
1153573387
25760274
1116389909
1123990045
688019998
25082397
1119820318
1071821346
1127082533
1158246950
207563303
688020005
258159147
1106336303
1158246964
1134647862
1139524152
1129611832
1119820346
1155500604
1164368447
1135833667
1213082180
1194222159
1164368466
1122343509
277836375
277836381
672404063
1134647914
1141027435
890389099
431745652
1127082616
1120180862
49543811
1134363269
886977157
1158247054
1069990546
1116160663
985940635
1069990557
890389149
1129611935
1155500713
1106602669
1162250928
1127082672
287345330
626043578
1190099649
269275841
257295043
1142229712
277836498
1162250964
1130935001
877214431
1212355299
1151976164
1158247142
1194222312
1309960936
1116381932
1158247153
1162250996
1302807285
595651322
877214459
1145508602
1194306304
333681409
424264455
268944136
1153762055
591287050
287349522
1142229780
1130935068
382405405
1330469663
1071821603
886977327
1119269680
1123990323
1151896378
1147233086
416047936
1122413379
1139993417
1214608202
1135594319
1131094865
1151896402
591287123
1131094882
1139993445
979888998
970754921
1143120753
1142229878
1176877943
1138256760
1118307192
1126783868
1131094911
256492417
207565701
1162251147
688941963
410207118
1151974287
1139901332
1153762210
1118849956
1106336688
1159465908
1177793461
434353078
1135784889
417037242
1164311482
1117959100
1130935229
1163920317
1134363579
1278018498
25289670
1120052169
1131094986
470477782
1126783958
1128885210
1155498975
1120041958
1118888936
1117959144
890450929
1118850034
361001970
850719733
1183591422
1131000833
1120439297
976157699
1194314757
1194314760
1135629322
418042893
877214734
1126784014
1116386320
1128885272
1141392414
1131248673
1125420070
1194259497
1125420075
1132307501
1124109357
1132307503
698719280
1132307510
1128885303
1137454136
1116697658
1138256955
1153760322
1138859079
1116386378
1151896650
1158247505
1137454162
1138256978
1152031829
1158247511
1302881369
1127126109
1213123679
1151974496
1122430050
1148781666
430423139
986692706
1128787046
1128787060
1302844549
1132307594
1144618130
1152803988
1155499158
1131000984
1124109465
540159130
1132307613
1302844574
1132307614
333653152
387777697
1162319006
1141392546
1122303147
1152031917
1120439478
689622200
245929983
689622207
1120439492
950506693
1180869828
69469383
1139901640
1164405964
1118889166
1134363856
1118889169
262370518
1152804064
1145361632
1122430179
1164311782
1128799463
333653223
1124007146
431908075
69397740
1141026032
1124041970
1126763764
689622262
1128787192
890451198
1135785214
1158333696
1021369601
1153572096
1158247681
890451212
890451213
1074226446
688942353
1124042002
877214998
1124007191
1139936539
299498780
207719712
247039266
1137454371
890451236
1142230308
1135785253
1130878252
1120042286
689622320
1145527602
1128787253
890451256
1131001147
291128637
287425854
429675839
1122600261
1121125707
1350950221
1152804175
1131812176
890451281
255739218
1124042067
1122600276
333682005
1118889301
30043479
1120439640
950549847
1120439642
1116247381
1164406108
877215061
689462622
470478175
1124042077
1124042082
1152804198
1090129255
1130878312
505810281
1164307817
1120507244
1152804209
1127099764
1120507253
377054585
256494972
1124042109
420353404
1151976831
1131437436
291108228
1158247823
1194319261
262950305
1118014883
277835174
1117042092
635389357
419659182
25286064
1158247858
1158247859
1152804276
1120507314
247125430
1152804279
1122467257
204991930
1117959611
689587641
204991933
1134654909
1123890623
1151974847
416009665
1137454530
1137454526
277835199
344483269
1120507337
886425033
1135422925
505810381
344686031
1139901903
1146224081
417152465
1153572304
1153406421
1122600408
1137567192
1146224090
1155499482
1153406431
659607008
1134376419
675640804
886425061
1134376420
1215178214
1194319336
1158333923
1164312040
1186469360
1177083381
976190970
1130878465
247123459
333682182
1117959687
1087174151
1139545610
1141440011
1130878475
1116184080
699549203
1135498772
1142230550
701193754
1164406299
1117959707
1141440032
889503265
1176927780
256347685
1118015015
1118015017
1206842922
1158247981
1119217205
1295097401
1140926011
1176927804
1131044417
1302785603
1151897160
25726537
1158334034
100277847
1118015063
887299673
25763415
886715995
1158334043
1151975005
1158248027
1137567329
1152804450
403342947
1177083492
258152038
1134376554
1122508396
1152804463
1141440112
888678001
1137567347
1124179571
1124179574
1151977083
1141026434
1137567366
30078599
1117032073
376805002
27590285
1162319502
1142230672
1127706256
333653650
1119217299
247123607
1117042336
27590306
1206843052
333682349
1127818930
1137561267
1135453877
886425270
417152695
416077497
1142230714
256976572
688975550
1141067992
1153406658
1151975107
1141509826
1118850760
430212810
1206843083
315258570
1153572562
310165203
1118850771
1137561302
287368919
370599642
1158248156
100280028
221304542
1155499740
1194327776
626034401
1127818985
1117990634
333680367
1141440239
333680371
1144882934
1117042425
1127702266
416835326
1212694271
1134677760
1122752257
1148841732
416835335
877213449
476417802
1127819021
1141509902
1153761044
1120507669
1127767829
295593755
1131044637
1141440286
1164310303
1120507678
245937955
1181245220
256063267
1153572644
1140926250
1116196651
1153572651
1120507690
1257168686
1153572656
416818997
1153406774
256493369
1152032569
416819001
1141440318
598196030
430419774
1176964929
985937729
1116376897
1119217475
1141440324
69429062
1145507655
1144883016
1158248267
1153832781
1158248276
1155499861
221312862
1116196706
1141026660
1130897252
1155499879
886716264
1141067626
1130897260
293283698
1152032632
886716285
247179134
1116196738
1116376965
1116180359
1169094543
1142228881
1140187025
256583572
1206787989
1151977372
1206787997
1087174563
1116215205
1116196773
1144883115
688943022
1131093937
484403121
1116712884
1153832890
1106405306
1134399418
954777533
1131044803
886552516
1131218890
980010957
1116712910
1158248404
382410709
1138902999
333680602
1117958112
247179233
1141440483
416835557
980010983
1145528295
1162319848
416018410
1116354535
1116196851
416018421
1162373110
1131218934
1141510139
269275132
1144883197
1162250239
landuse=construction
746
659959811
1134678020
1116354570
1123989514
1145528332
1116354578
1138290707
1116377110
1162250263
32266263
1131094042
1120026650
291133473
1131247653
1123989542
1122277423
430420016
888678451
1116332084
1131219000
1131575352
1142229050
877213756
1122269247
1131188288
1153886272
1122265153
1131044932
1120180294
1116215367
1128888396
287342668
489762896
287342672
1274615895
333680728
1131575389
1116332126
877213792
1130934370
256065637
1274615909
1272121445
1162319977
333652074
878876785
1155500145
1129605237
419707000
1140076666
1135454331
245930108
1153886331
1134545021
443011199
1141979263
1131094149
1135818885
1284227206
1131045000
878876815
1131575440
1120110737
269275282
886552722
877213843
258156695
268439703
291133593
1131575452
878876829
291133600
1194281120
256067744
1135567010
1131247776
1131188391
1153886375
1122277545
268439726
1140521134
877213874
1131188408
1122689209
1158334650
1116354746
426059975
1124149448
1153886412
878876878
1116354766
1163919567
418519248
1131045074
419707090
1194240213
889528535
1114912988
205332704
1116215521
1134678242
1163131108
886716645
625983721
1134678252
689137901
1145508077
1158334701
1142229229
1140902129
417001715
689137907
1128755446
591298807
1139523832
1135819002
1138290938
625983742
591298819
1162250501
470362374
1163919624
1153833226
1138290955
1153571086
1131094288
1135784208
1087174938
1262102810
980003109
980003110
1141440814
1130934577
980003124
1116301623
1118308664
1145360714
878877003
1162250575
970762580
887097685
1153833302
1162250583
659577178
434366812
1138917731
1135784292
1118308709
1158246760
1194240374
1135784311
484403586
1131094407
1142229383
544485782
1143120280
221309341
1131248030
1194228126
1134516640
416014749
1069990309
1124149672
1127082410
409743787
886976943
32266672
39584180
1124092346
1122343356
1164308928
1114913217
877214146
1123989964
1117958604
1128755665
1135833554
205334999
1134418399
1177747940
889475558
847774187
985938412
1123989995
1109852659
889475583
954808838
1124092424
1122413065
1118308877
1122343441
1143120404
1069990420
1197308440
890389021
268440094
1135594017
1153761829
1164309036
203924014
33212974
417002032
1130934835
1116389946
1139053118
1134647871
1163131461
1131248202
1131133514
1132313164
1135784525
850633294
1141027407
989207119
25414229
207606361
890389084
1143120477
1120180828
429333093
1151976038
25762405
1124149864
530696810
1190099564
1116734061
1194250866
207719026
470485620
1120318072
293278330
293278331
403151489
1164368516
1153571464
429333129
1194179212
1119269518
1129611922
1138299538
224950933
1131463318
429333141
1272056472
1116160663
420364952
1190099616
1194214049
1131248296
247114410
1116365483
675316394
1106602669
204999345
287345347
1122646724
593576649
207719114
69382861
1119269583
265292497
1122343634
1194250970
256334560
712051425
1147232995
877214435
1194306278
1131438075
1116381927
1138256622
494437105
1162250996
595651318
1127088889
1194306301
1176877821
1071821568
1116381957
1135594247
1194187532
424264462
1022587669
583928598
1106336535
1151896344
1123990296
1164311321
21433119
1116381987
1116734249
1176877868
257295153
1116382002
315259698
1117958967
257295159
890450754
1120090955
1119292235
1151974225
1145361234
976157521
1120318292
333681493
256492376
877214553
1212357470
1117959007
1181156192
688974689
890450786
418042724
486151019
877214576
1120090994
256330611
418038644
1162251122
486151033
1164309372
1126783869
269693822
1117959041
1116734340
486151048
486151051
1141025676
1151976336
1122413458
1138897821
1153878942
1141027747
1153878947
688022453
27091895
890450871
257665983
25877443
1145361347
424256452
1291510726
1120052168
1135784905
1135498189
890450897
417037266
1131133909
1120052184
1131248604
404032478
1145361380
1301617637
1153879021
1122599918
1176878063
1194337264
1131133943
1194337271
1116386301
1120041986
1155499012
1135834123
1152031757
698719245
333653007
1116386320
1194314768
1122302994
1135784981
1140053017
1151976474
1131133981
1122343968
469847077
1122303014
1151976486
1330222118
1131000893
688942147
26242118
418042951
1135498316
470938700
1151974478
1118850125
986727505
1138256979
1131095124
1138256981
877214803
26242135
1194314843
1302881374
1135785055
1127767136
1126763619
1194314854
257164392
796572777
1180869738
890451055
1131095152
886977647
1069948026
1164405886
1125420163
1158247556
1153760390
1180869768
1138859145
1135498378
890451084
1132307599
1122303125
1121125527
1118889115
1302844572
1126763676
1117959324
299457697
1143121058
1158247586
1120042151
635387051
291124396
1122430125
353811641
1123843262
689519807
1106336966
890451143
291124424
1127052493
1152804049
1134363860
1145361621
25877718
1120439512
1131001052
1118850269
255741155
1124007143
1152804071
1164405993
1122413803
1117959404
1126763765
262950134
1152031994
886424828
1212710141
1153760514
890451202
247039234
1153760517
1164311816
1152804104
1118889232
988611857
689519896
247039258
1120070940
1120070941
247041311
1153572129
1124109604
447565095
877215017
333653292
1124042031
256073009
333681971
291128628
847074611
1131437366
1141026102
1124042040
545580346
1120070973
1135498561
1116247362
1155499336
420353356
1130878288
1152032082
1122600277
291120470
259108187
1122600285
1122467166
1141439839
1124042078
1118850402
966120802
877215079
476417383
1141026155
1153760624
420353396
25286006
888677751
25286011
887299451
890451329
287425922
333682052
1127767441
1122467223
389823895
69404056
82779544
688975262
1151974814
207719842
333682083
1118014885
494407077
1139901861
1140925866
887299499
1123890608
376804785
1127716272
32996787
355009971
689587635
888677815
1145527735
1135498683
1122414013
218039742
1131044287
1215178177
1197336002
484261316
1186469317
1141439942
1134654921
1122600395
689462731
1177083341
877215183
1153572306
1151976919
689520087
1122600409
101060058
333682140
1118309853
1118014942
1215178209
1141026274
415802855
1118014954
1120361963
256497130
689520109
1153406453
256495097
1118309881
1143119355
886425087
1162319361
1119241730
1122600459
257058319
1138216466
1026416147
1350964754
1155499541
888677917
1140925982
1158247969
1284359715
1141067302
1141067325
1134501439
443010625
1118889539
1127818820
376804933
1122467399
1153406537
355024463
1131095632
1153760850
689137234
1141067350
1117990490
1152032350
1117032032
1134376550
333682279
1158248039
1140926059
1140186731
687967855
254940787
1127818870
887113334
1124179577
1141440123
1301579396
1155499654
1162372756
1120507541
256583325
1127818911
1124179615
1155499681
1135453858
1119217315
1181245092
1131437730
1127818918
233197224
1141440170
888678060
1130933932
103050926
1116391086
1117990577
1141440178
1194329779
1116300982
730891962
255741626
1131437756
1135453882
1153760958
1116300991
287354558
1301579462
1169094349
1120507598
287368913
488765138
1120507603
1116391124
1240465109
1240465108
1158248145
1119200985
416077532
1135912669
1134677726
1116354270
1120179937
1240465121
245937891
308006629
1117990630
688975593
100280044
416818925
1158285039
1145528048
1131437814
295603959
1135453944
333680385
310165250
1177083654
1206843143
416077576
1116712724
1162372885
416077589
1124179738
658618139
1127819038
224945950
1116301094
1134677815
333651769
416819001
1116215099
416819006
1121134402
1206843204
1141440330
1162372940
1131044684
598196046
1151977292
1181245266
1153572691
1116354388
293283666
1181245270
1158248283
582518620
244070251
416819054
258156400
1116376950
659994488
888678265
1116301178
1137561467
1116301180
989206397
1116196732
1140076408
1116712834
1141440391
1153572746
1164308362
1123989390
207255440
886716316
1116712861
1116376990
1120026524
1116712864
295595941
888678310
443013036
1124179886
1153832879
1144883120
431896502
1138939830
1141440439
970801084
1116377021
1124149180
254941123
1116331972
1116301252
382410696
1120180171
291110864
1194293204
1158248404
1140076507
1158285280
1140076518
82780135
1140076521
1140017133
1116215279
1158248431
1135566838
29941755
highway=construction
746
212750337
776542211
1141026826
1121134603
1153832971
1117958154
1141067792
1131575313
333651989
331630614
1135454230
1126815774
1131096095
1116377120
877213728
1130897442
877213727
1130934310
1140017195
1131044908
1145507888
877213745
1137561651
1116215348
1206788147
1131247670
877213751
417112120
1177804864
877213761
1116301383
877213770
333652044
1142229071
1134544979
1138290773
878876758
1131044951
1116196952
1138290775
1088925786
1142229083
1153886307
1274615908
1140138085
1140076645
1140017251
1131044969
1128888427
1122263148
308007022
1158285428
1116354679
1134545015
269275257
1135454331
255742079
887097473
1139523713
1134678147
1114912900
1129605255
1131045000
1153861771
1131094160
1131247761
1162320021
1128851610
1206788251
1153861788
1163131039
1135454369
239650988
663980206
1131045039
1155500207
1141026991
1153886386
1116354743
1158334648
1138290877
1153761470
1155500226
1122689219
1134545091
256331973
1135784134
1122689223
1127123148
1141067981
1122277582
1127123150
419707088
625983695
1114863822
1116301523
333680855
1138290909
1145516255
1141440735
244070625
1131188452
1120030948
1116354792
1134678253
1134545136
1131575536
1194240243
1123989751
1118308602
381116668
1163131132
1131094270
247113983
1162250495
1114913025
470362379
1145508108
1141068043
716876049
417001751
1141510425
980003113
1135784237
1124149552
1135454514
69450037
1139052862
1116332353
956449090
1135784259
416014662
69450056
256975177
1177749834
878877004
1131094348
1145360717
887097681
1022646611
295598422
1128851802
1117958492
1128755550
1131219295
287383903
29942111
1140017503
1128851809
1162250596
1128851813
1141979494
1134516583
1116301672
1131575662
1114913134
1194250609
1153573235
417001843
1194240374
688976246
376797562
878877051
1194258812
443013502
877214081
333681025
659577227
1145508236
221309330
1114913172
1114913175
544485785
579770781
1163868580
877214124
258132398
1118308790
1158246839
1124149689
1120020928
1139423681
291135938
1163868609
1134363079
1118308808
1118308816
1119820241
970772956
1114913258
298873326
255738359
954808824
1116389889
689519109
970772999
1135833609
1122413067
688019982
1135833625
315261472
1071821345
38994465
259267115
203924011
1151975979
1116160560
1131794992
25414198
1155500602
890389050
1153571388
1071821372
1122343491
850633286
1134418503
25760326
1153761868
1134418508
625988181
256334421
1162250845
1138891360
890450528
1162250851
672404068
1118849638
1123990125
293278321
890389113
1164368508
890389129
429333132
1212355222
1132313240
890389147
33360540
1151896222
247052963
1131463331
259285669
1158335148
1131133615
1131133619
1122413235
1162250932
1131094711
1071821509
1116365512
1153571529
890450642
1147232979
1194250964
1158335186
1116734167
1155500760
1131094745
1131248349
1135833827
429318884
1122343659
1194222321
333683442
1135594231
626002680
207721209
1127088891
256330493
470485762
25877254
1212355336
1153762060
1119820557
1071821584
1141025554
1153762066
1122466581
1138256663
1119820568
1116734233
382405405
403165982
626002719
1117958947
890450726
595651367
1119820584
1106336553
1118849834
1194259243
418038572
1176877870
1131094831
1181156147
1118307137
886977350
1116382023
1225405256
1132313427
1120090966
1177793370
1116382043
1143120732
69415776
1164313448
1141025641
1135612779
1106602865
1142229874
1118307187
258079606
1116734327
257665912
976157561
269693819
418038657
1131248515
1126783881
291117963
886977422
1131133849
1117959065
1116246938
1117959068
976675746
1126783917
1122302894
486151088
247114673
1118307248
688022452
27638709
1128831928
1138256832
1139993538
82779086
1118849998
1123904467
1119269846
1194314717
1153879010
1130935267
1158333416
333652971
1183544299
1164405747
1194337271
666340350
1131133954
1151896578
1122466825
1131248649
259267595
1151976461
960123919
689462295
1148781596
416048160
1116247073
1116247074
1139936292
890450983
1151896617
256332842
1131134002
417137722
27092029
1164405823
1128832066
1122550851
277834819
1155499078
1158247495
1197354058
1131437131
1120042060
1138924618
1153762379
1126763601
689462354
1152031827
890451031
1131248733
1141392478
1119269983
205335646
1155499102
1122430050
431907939
688942180
1138256999
1106336872
1140053096
333681770
1141392493
1164405871
877214831
1145361525
1122600056
583928954
1135785084
583343232
583928960
1135785091
1126763651
1194314888
1145361546
221297802
540159121
1153406098
26242195
1128799381
1131437208
1183593626
1138244767
1153762464
1138244773
469812396
1132307631
1134363827
277834933
1130935480
333681849
1148781755
1131248828
1124007114
333653196
1116247245
291124439
1121125596
1141392605
1302844644
1122551015
417178856
1116247273
1152804074
1128799467
1153762539
1122551024
1164406001
877214961
583929081
416009467
689519868
1145527547
287425790
1120070911
1169108227
1140925699
494451977
333681936
25877777
1141392658
689622289
430245145
1124042012
1153760540
381127969
1145527587
1152804134
1123843368
287425833
291128616
1194269993
1128832305
1302863156
207283508
1117959477
1128832312
1122413883
505810235
1141439809
545580355
988611908
1130935619
1302814021
256582983
255739208
1124042058
25285962
69383508
857335124
1164307796
247178580
1153760599
1152032090
1131044188
287425888
1124042081
1131044201
1153760617
888677742
504671605
1127818615
1128832376
1128799611
1124042108
1213529469
1213529470
416032129
256583041
1151974786
1239143813
1130878341
25286025
257293705
1138830730
1141439884
1131001229
1152032140
1140059533
1158247825
25286037
1119241624
689587613
1127099805
877215140
1127767461
1194319272
256333226
333682091
1137454507
847277483
470478253
1152032180
1118889399
291108280
419691961
1206842814
1206842829
1140080079
433042897
1158333917
1134654942
1137567200
659607012
419659241
1118309866
1164406255
257058287
1151897071
1177083379
1134376436
1141026297
1206842880
1139936769
1206842884
1131001351
1120386574
1118889489
1137567250
1152804371
1158247954
1134376469
1152804374
849647123
1134376474
257060380
1153760798
889503265
1206842916
1134501417
25081386
779159084
1137274413
1122467375
889503280
1152032307
1153406518
1131001399
1141509689
1143119420
1122414145
1138216515
1302785604
403152452
1106404935
701193800
1295097420
27590224
1120507473
1153572432
1117032018
1134376531
25763414
1131044440
1151975005
207580772
888677990
1152804458
255737451
1152804469
1155499648
82779780
1137561229
1117032077
1141524111
1194329742
1206843025
1122508432
1302820502
1134376602
262950556
1120386721
1301503652
1162249894
82779814
1134376615
1116180138
1144882860
1301503661
888678063
1151897263
247123635
1118850742
1142230710
1116712632
1153760954
1137561274
1124179644
1140926143
1120507587
389957315
1117990599
1141509840
1135453914
1206787803
315260639
1141440227
416077540
1116712683
886425324
416818925
245937901
1137561326
1134677743
1135453934
1021548269
1127110388
1141440244
333680374
689463037
1134677758
1162372863
1120179965
1116391171
1206843140
1120386831
1127819025
1301579538
1194327826
1137561365
1116301081
1158334234
1106335517
1131095840
256063264
1144882978
256063267
1153572644
1120507680
69480230
886425385
886716202
1137561399
1116331839
1151977280
1153406787
1155499848
1145528136
1153832781
484403022
1120507725
207720275
1137561427
1116376941
1141509998
1141509999
955076464
1138939760
1137561459
1153572726
1116376952
1120329594
1117990783
583942016
1137561473
1135454084
203919237
38987654
1153832839
293283716
877213581
955076494
333680525
1141440398
426059666
1137561492
470536087
1121134491
1158248349
1120026526
1137561502
1153572767
1124179871
1117990813
1153832866
1141510054
1141440422
847882154
1145507755
1120507822
1120507824
1074227121
333680562
293283766
1131044791
1119834040
877213627
1120110524
1131095999
417023939
1140137924
257664970
1131044811
980010959
1141067728
1141440463
1141440466
1138939858
1119834063
1116377040
242823124
1134399450
1162373084
1120110562
659959779
420325349
886716393
1116196842
1140076523
1116196841
1170423789
1116377074
29941757
1153832959
amenity=restaurant
746
25831424
1153572864
1134399496
1148841992
1151977483
1142409229
100280334
417112082
659959831
1116301335
269277210
291133467
25831451
1120026660
888678439
430420009
1139523630
1120122929
1164312626
177205297
1145507895
1141440568
776542267
1131044926
417024068
970766407
1141067848
1122277453
1145507918
1176965201
1153861717
1141026902
1274615896
489762905
1116332123
1162250334
417024095
1153833058
1144604772
1142229093
430420076
1087174764
1142229102
1141510256
1122277488
1135454322
1153761397
1122277494
1116301431
1145507957
1137561722
1128851582
878876801
1139423361
1128888451
1106405511
1153886349
1122689170
1128888468
268439700
1116354712
1194281120
878876833
1116215458
1122689189
1158334630
1212356773
1116354728
1295104170
1093114026
1176965292
1141067949
1153833134
291131563
1116354761
256581834
1127123145
1139523786
1120047312
886716626
625983701
259111126
1141510358
1131045084
1142409438
1206788319
1194240225
1155500260
1130897637
1116301541
1163919589
1135818984
287383786
1116301548
1124149485
1120030958
688976111
1177805038
720689393
980003061
1141027064
1153833211
470362366
1189392639
1138290948
625983749
593795343
625983760
1138290960
470362392
1114863897
1162250520
1088925983
1141510431
1194240289
416014623
256495907
1155500325
1134516519
1194240295
338247977
1120110889
1134545191
1142229293
1141979437
1117958448
610511161
1158246713
146311483
1155500351
1128851781
1134516555
417001805
1124149583
1153833297
470344018
540137811
1124149588
1106336085
1141510486
1194281303
1163919704
1141440864
1131188579
417001827
387766629
1124149621
1140017527
878877049
1153833346
1116301705
1131219337
1162250636
204994957
443013522
1127082392
1130934683
1139052960
1069990309
1131219365
257163695
69476787
886976949
886716859
1131188668
1134363071
1141027268
989206981
1131219397
1177747921
1151975894
1158334941
1089343972
985938404
1118308841
1139423723
1177747948
403161583
1163868661
484731390
1143120383
25764352
1127082500
954061317
25764358
1194258949
287363589
1145360911
1212357136
1338907152
205003286
1123990042
673989148
1123990049
1153573415
886977068
1134647853
1135833644
1114913328
890450480
1131133503
1127082559
890450497
1143120452
1194250824
1119820365
1131133517
1134418515
1122343511
1138174554
890450524
205337182
431745630
1164311134
1158333027
25414244
1131248229
688009831
688009833
1164368494
1106602613
1069990519
1158335102
1071821440
1127082626
1120180869
33360518
293278347
33082005
1135784598
1129611929
1194214046
1143120543
1135594142
847600289
1164309154
1138299554
1138299553
1122646694
424264363
291465903
1131133615
1130934961
1132313265
1127082679
1138299578
1151896251
1163920060
1158335164
1069990590
638333631
1212357314
626043592
638333640
1151896268
877214414
1190099665
291117778
1123990231
1123990238
287349472
1119292130
333652714
1139053291
1158333167
1151976175
1164311283
1164368628
1141025531
626002684
1135594237
1123990271
1138256639
1145508612
256494340
970918664
1131133707
1145508621
287349522
1164368658
591287060
256490260
255738647
1119820568
1116381978
890450717
247124769
354018083
1212355367
417037095
1147233066
1022587691
416047915
1116734254
1135784752
1302891313
1120090938
877214523
886977344
1022587713
1194259266
1118307141
418042695
1122343754
1330469707
1132313422
1119292241
418519889
355001170
1163920218
1135594335
1125419877
1118307179
591287156
1117959031
299289468
1330469759
257665919
1138256772
890450821
1138897803
886977422
1117959067
1131248540
1130935200
1158247334
1142229929
1194337194
583928750
1212357552
854074293
1122429882
1162251195
1122429885
1122550719
1291051968
32994239
1139936196
1135594442
1159465932
1153878989
207567824
1194337244
1153879007
490185695
1134363620
1131095017
1134363626
877214700
1131133934
1139936239
1116247031
1127052284
1117959165
1128831999
470608895
82779135
1151976451
1194337289
877214730
417137676
1117959182
1116386318
1119269905
1120052241
69311505
1155499026
585206811
1120318491
1153762333
1137454111
1131133984
469847074
1197354019
1301617700
1122303018
676813866
689138730
1194314794
1140053038
886451244
1138256945
417137713
1069947957
205110328
1127767100
1152031806
1128885315
495518797
1119269967
1128885327
954068050
610554965
403160152
689316956
26242140
403160156
1151974496
1131095140
333653092
1122413671
256066663
689136749
256582775
1197354104
877214842
1153762429
583928960
1135785097
1194314891
1106336910
688942224
540159121
1128787089
1158333587
1158247575
1142230169
689462426
1158247579
1132307615
1302844580
1141392550
387777703
580281514
635387054
847277235
291124404
1152031923
1120507066
1155499204
1131248836
847877320
1135498441
1130935501
1116386511
1131095252
1137454292
1126763733
1122550999
247123159
247123161
1153572059
1301476576
316761315
1124109548
1148781808
1130878193
1181650162
595221748
1153572086
1131001081
1118889209
1145527546
1127052540
1301476609
1215177986
1069948163
890451204
1124041989
258155782
588502280
1124041995
1124042000
1151896849
1212710162
1164406040
207719705
1130878236
595221793
382403877
1135422759
30043438
256073009
1139979571
1350950198
1194231100
890451261
420353345
1124042053
988611911
1141439817
1152804172
256582989
420353362
1145527637
1121125718
30043477
30043480
1158333782
1123843418
1131437409
505810280
1141026155
1170408824
259100025
888677753
1128787325
1151896964
512572806
1153760647
257092999
976119177
1142230410
1124052365
420353421
291108241
1176927638
1153406358
1135422876
1140059550
1122467233
1117042082
1131001251
291108258
205329829
333653411
1135422897
1164307892
1131044280
1135453635
256497093
1120507340
1151974860
1169059278
737754575
1124052428
1152032209
1131044311
1122600408
689520089
877215193
355024345
1206842844
1134654942
1302851043
415802852
1206842853
1169059305
1151897066
1087174124
1122414063
779159023
1131437552
1120361975
1143119355
387792380
1135498755
1116184068
414979589
33078790
418080264
1141440011
1153572367
1026416147
1158333978
1131044383
888677925
1151897131
779159084
1140925995
254940718
1176927791
1118015028
1143119413
1120507446
887299640
484402745
1141509688
1141440057
1118889534
1152032319
355020355
355020360
1141509706
701193806
333653587
1164406355
1137567318
1134376549
1122508390
1120071282
1350940275
1194327668
688975479
333653625
1301579388
1158248060
207718014
1144882814
1117990530
1134376579
355024516
1134501510
1118015113
1162319502
1106402968
277835417
1127110296
1153406621
1151977117
1135453858
1151975075
299452070
1138249385
888678058
1124179628
1130933937
689477298
1120507570
1127818932
887299765
1162249914
1206843068
1199247038
256331462
689622727
416077514
1116301003
1140926158
1122752208
1144882897
1118015190
1141440214
1141440215
1158248153
877213403
254940894
203921120
1140926177
1130933987
1162372835
1074226918
1117990630
1177804795
1131044585
1141067500
548738801
416077554
1120386805
1153406714
1137561340
1194327805
287368958
1158285054
888678145
1141440260
333651719
476417802
258162445
1206843153
196173595
1141440285
1206843166
1118850850
888678180
256335652
257664809
416818988
1140186924
1206787886
310163247
1122555692
1120507699
1140926260
257664825
1158285118
598196032
985937729
1116215113
1141067594
1116301132
1158248270
1127767888
1106335570
233056084
1143119705
1139937114
1162319709
1119201117
1116376927
888678240
1131218781
1301579619
1164349288
582518632
244070251
1138939755
1124179824
1158285184
1120026497
1153572738
1158334338
1144883075
1206787973
1145507718
1153572741
196173698
1162372999
1131093889
1134399370
1155499914
1131757455
1116331919
1141510036
1158285207
877213601
1169094571
1116377009
1116354484
259278775
1122316219
1162373052
1116196795
954777534
1144883140
1121134533
239650758
1120534472
269275087
688975825
293277650
1206788051
298870740
293277652
1137561557
1116354519
1158285271
1131575260
257664990
877213666
1141440482
416018409
1130911722
1116377066
1116215276
1116377072
1131218929
269342706
1137561586
970801143
1134399480
1153832953
443009018
1140076539
1153832957
1139052542
amenity=cafe
746
1116301320
1116377103
1120122898
419706899
1087174681
1116196890
1158334491
443009061
387760171
1140017198
1138290735
1206788144
1141440558
416018485
1153761336
417024059
778098747
1127780411
257290304
877213761
239753282
1153886274
257290309
1131044936
416014409
778098765
1119217742
878876751
308013134
212789329
1119217746
1134544979
1135454292
310163540
747534419
1155500123
1131247708
1123989596
1130934365
1088925791
417112156
1122269289
1128888427
1131096174
1153572975
1124149362
1158285427
1123989619
1116332155
1153761404
416018557
1131094142
1131575426
1030662278
1123862666
256491659
268439693
1141440653
417001614
1302888592
1137561749
1116301462
1122277531
1142229151
980002978
1158334630
1128851625
1116354730
1141067951
1131219120
69427378
256135347
1141510327
1125419193
257059001
258164922
419707076
245930182
1135567047
1158334665
687362250
257665227
1153861836
1134678221
1145508050
1153886418
207579348
889528536
1116301533
1117958366
1116332255
720689375
1116332254
1274613986
720689378
256053478
1124149482
1128851696
716876017
1106403570
1135818994
1138290932
1294637301
1131188471
1153833213
1141979390
1141027072
257163520
889528579
1141440771
1128851717
417124614
1116332305
1122343188
1135567124
1158334746
1142229275
1151975713
1130897701
25082154
247114033
1163919665
1131094326
1123862841
1131219261
416014653
1116301633
1118308687
1158334801
382404948
1140017496
886716760
1141510501
1134516581
887097701
1135567205
417124715
69450095
1120180592
1131219319
986724730
659577211
1153833338
878877061
1145360784
544485780
1122412949
1118849435
688976284
100274588
1177747870
1123989919
1143120290
1118308774
1142229419
1338907057
986724787
1106336183
580276664
986724793
1131219386
291135931
1089343931
1194228158
1163131328
298176963
1194228167
1139524039
1120020938
1117958604
1163919821
1142229454
1141027278
259101137
1123989970
256494037
1163131351
293274071
1164308956
986730974
1135784417
256492002
1138917860
293274086
1194228199
673989100
1155500526
382403055
1116389876
954808824
1158246907
308013564
1141027326
287363584
1194258949
571595270
268440075
1122413071
1123990033
1164368404
1122703894
886716951
268440090
1142409754
688019999
1141027360
1194213924
1124092456
1142229546
291465772
689138222
1163131443
1141510711
1163131452
277836354
625988163
1116389956
1313303113
1155500618
1122343502
889475663
690135636
1131463260
1135784543
1158333023
530696802
1131248229
1122646630
1128850023
256332392
1106602598
1194213998
1132313202
877214326
1231706743
1119292024
1164368503
1194250884
688007814
1116160648
1194179217
1119292051
1134418580
1164309140
1132313241
1139053212
847600284
1123863197
1194250911
1194222242
1106336423
1302807209
33084073
1158333100
985940652
259277486
1130934959
1122767536
1123990195
1143120573
255740608
1190099648
1120180933
877214412
1119269581
1131248332
1151974094
1158247121
1134363347
1129611991
287349464
1186304735
625670883
420365028
1194222307
1106402019
1134363374
1158335215
25877237
1119820534
1119820538
1127088891
583928576
1194306304
886977286
1071821575
1117958920
33213193
595225355
1127088909
1116381965
1120611089
470485779
21433108
1135594259
287349525
1181156135
1162251052
354018094
689138485
1181156152
25414456
1130935098
207270719
1118307137
1177793349
1151896389
1116246857
891095882
239729485
1118307149
1162318672
1151974225
287359830
1116382039
486151001
1122599770
1162251100
1122599773
1163920226
247051106
257665893
890450794
1138275182
1138275189
203948924
1135612797
1135594365
1145361279
486151043
1131133829
1131248520
353811337
1117959051
1158247309
1120091028
850719638
1153878935
1122302872
1145361305
1162251160
430226329
850719644
1283996574
1126783902
1153571761
258159537
1116246966
1118307256
1120052153
257162173
591287230
1128831946
1164307405
1122599887
1164405716
688022484
1225386965
1122599898
701191133
1122302944
1130935265
1194337250
662678501
1176878057
1155498992
689462257
1180883954
1139993587
660470773
688942072
416084988
1122599934
1301617665
1117959179
27638796
1122466830
1122302991
256597009
1122302994
585206805
1139993622
1177793557
1132307484
1131133981
1116386336
1116386337
1194314787
431907879
676813866
1155499051
689316912
1120042033
689316914
1128885307
688974909
203928638
1164405833
1302881356
1151896653
409754703
409754706
1139993684
1131095125
259288151
1130935384
1106404445
1118850152
1135498352
470938742
1151896695
890451070
1116247167
1183593604
1116386437
1128832134
1126763658
221297802
1123904651
1118889098
1145361551
1117959315
1122600085
580281495
1158247582
689317026
1120439462
410690732
409744558
1122600118
1131001021
1126763709
1151974591
851336386
689622216
355009738
1123843281
1139936466
846920915
1164309719
890451161
1140925662
1128799454
291124447
1153406177
470537443
1120042212
333681892
1131095271
1337971947
1120439533
256978164
1141392630
1139901689
1106402554
1164406019
505812233
1120439562
416009485
1134501134
1128799504
886424849
1139549459
1124214036
1153406231
877214999
256490779
1121125660
30043424
1194231076
1215178022
1155499304
1134501162
1162319148
1181650223
1137585458
1164406069
679347513
1194231098
1181650238
1130878271
1141026113
588502343
1152804167
1158247754
30043468
505810257
1137585490
476417365
1116247381
69383511
1135422814
890451294
207609184
291120482
689519971
689462628
1124042084
207252838
1135498599
1117958139
416032106
25285995
886977900
203943279
1128799600
1140925812
1152804213
1135422842
1170408833
416032132
1130878341
1164406156
1152804240
1155499408
1124042133
1119241622
333682071
25286043
1135498654
1117959584
1131001249
1135498663
976190892
291108270
205329841
256335284
1155499447
1131044279
1197335997
21433791
1138859458
1142230467
1215178183
888677833
470478282
689317324
505810384
1119241681
1140925907
287397336
1118850525
415802851
1137454565
1127818728
1159493100
259284466
1074226676
1141439998
484402690
1145527814
21272071
1155499528
1194327560
1152804362
1106337294
1117031951
1137567249
1134654994
1158333973
257060382
1162319391
1118015014
1142230569
1131001385
1158247987
1295097395
1152804405
582778422
100277813
1152804408
851033664
1137567304
82779728
417152597
443010647
1158248025
1155499611
1120507485
1141440096
1137454691
1206842982
1140059751
1134376550
676822635
887113329
30078577
1164406386
887299702
1117032055
1117032059
583941756
1135453823
1137454722
1206843018
333653642
1127767696
1137567378
416077460
69396117
1116391064
1118850732
69316276
1158248116
331632311
476417726
1162319555
1153572548
291102405
430212805
1141026501
1122752198
1141026505
877213386
1131437771
1120507597
1120507598
1116354255
1116180180
417160916
1116391130
1155499740
25765601
1158248171
1144882926
887299824
1145528049
207562480
1127818997
333680374
1139431159
1135453945
1144882938
245937917
1122508541
1164349183
416077569
688942852
1141509895
1127702281
1176964873
476417802
1194327817
1131044622
1206843156
1145507607
224945947
1122752284
1164308252
1116215071
886716193
1116301089
1131095843
1117990692
1134399270
239650599
416077607
1141440297
1116301098
1021548329
1127702318
1116301102
983797559
1140076344
254940983
1144883002
1135454013
1116376894
1140076352
688975681
1121134403
257664840
416077642
82779978
1206787918
1134399313
1152032593
638334803
1134399315
1141067605
1158285142
331630424
207718233
877213528
1141509983
1127767907
331628387
82780012
416819054
196173681
1116331891
417023860
970801013
1153832825
1158334330
1162319740
1120329597
431896451
1131044748
1134399372
1116376975
1162250130
1155499922
1158285204
1153406870
38987671
470536087
1131218841
1153832859
1142228892
233056158
207284128
1169094562
1141510054
256495527
688943026
1120026548
1116331958
1137561526
1137561528
1116354489
980010938
1144883131
1135566779
980010937
207562692
1121134533
1121134539
980010966
1141067737
1170423772
1141510114
1116196836
1144883174
1116377062
1153832936
1145507814
1130911722
416835563
1116354538
1151975410
1135566835
239650811
1350944764
1131575294
1121134591
amenity=fast_food
746
416835584
1153572866
1130911756
878876686
1130897424
1137561621
1135454230
269277208
1120026648
1206788122
419706907
1131094042
1131096093
1131044893
877213726
430420003
298866730
355022892
1153833006
1131044915
1116332090
1134544956
1116354623
1138290755
1122263108
203978824
277835849
1116354635
257290319
1122269265
1142229073
1126815826
1131094101
1124149333
245930072
443009112
1134399580
1141067872
256067683
1272121444
878876773
778098792
443009129
1122269289
1176965227
1134545004
416014448
1119217777
1122689137
1131044981
1139052664
1123989626
1151977597
1134545023
256583811
1163131015
69318794
1141440652
548675731
1141510296
269275296
1131045028
1145508004
1137561766
1131094180
1131219113
1123989678
1120030894
257665203
1131045044
1093114040
889528508
426059964
888678589
1134678209
1140521154
1140017348
1116301509
1128755399
1131045066
1158285515
417001681
989206737
1140521172
1128755413
259111127
1120030936
1127123161
1128851672
1194240218
1155500253
1127123166
1138290912
1131247842
25876707
1114863849
886552814
878876917
417124601
1143120124
1145508096
1120030976
216269058
233085188
1194281223
1127123214
1122412821
1131247902
1116301601
1128755490
976675107
1135593766
1128851750
1131575592
416014633
1163131178
1141979434
663265585
1135833395
1153761588
295600438
1145508153
1162250556
1125419325
1194258752
287390018
247124291
1116301641
1134516554
1120180557
1163919695
1194281298
1126816083
1120031062
1162250583
264141144
1194258777
1139702106
886716764
1114863965
1126752606
387766621
1141510497
69450090
25876844
1142409581
1139523950
878877044
1163131254
1142229368
256596345
1114913152
1123862913
675987842
1135784324
256596357
1127082380
419686802
244070391
1135784343
1130934683
1145510301
1197332895
1131094438
1187957160
1117958569
1153833384
1151975857
970762673
946000316
544485822
1131598271
1142229440
1141027265
1134363081
291135945
986730956
256070093
1120020943
1131188687
1194228178
1122413015
595220961
1123863010
1127082477
333652466
1194228212
1162250746
1141027333
1164368393
1194222092
1162250766
1135784466
1194222098
1153571346
1126816280
1134363164
247114268
25760287
315261471
25414182
1164309033
310161965
625988147
877214261
268943925
1141027384
1134363192
625988153
1141510718
25414212
1134647877
1116389957
1155500612
1138174537
1116389963
877214285
247040589
1155500623
890450514
1158333013
1134418520
1134363225
25414238
1142229599
1153571427
1127082596
850633321
1119292012
1131133554
259289718
1122413174
25762429
1116365438
1116734080
1131133569
877214348
1138299534
1164307093
1153573531
1116365469
1122767518
890450594
985940643
1158335148
1143120557
258163376
1040865970
1162250930
1125419700
1164368569
1119820473
1158335163
268944060
1151896254
1122767551
1138256575
970918592
1122413250
1116160707
1135594181
429318856
1116160715
1147232975
1190099665
1194222297
247114461
1122466526
1119292127
1116381924
1147232996
1151974117
890450664
1147233001
1126816491
1116734188
1131133682
287349492
207571701
689519357
1138256639
1141025535
890450689
494437135
424264464
890450703
1132313362
1138299672
333681442
689138468
1163920164
1122413348
591287096
1135833915
403166012
25414464
970918725
1116246854
1116734279
890450763
877214543
976157521
1151974225
890450772
591287126
256498525
1153762141
430203745
1123990370
1131094884
203948905
257665900
333652845
1132313455
1139993463
689316737
1145361281
1142229891
1138275207
338246542
1126783903
1118307231
1118307236
1118307237
1212357542
1151896494
1291510716
689138621
1122302912
1123904455
1106402249
592235469
1153878990
1117959121
1194337233
850719698
877214674
1131094998
1153879000
27091932
689621986
689462243
1125420008
660470766
1074226163
1128885237
1140052982
1153879032
1139993594
1118888955
470608896
1116697607
1117959181
1158247438
259281936
495541266
1122429972
1142230037
1116386328
726778905
416048153
416085016
1141025820
1151896605
1131000862
1142230043
1126784035
1213123621
416085035
1141027884
1131437099
416085039
1151976498
1164405816
1158333498
69479483
416085051
247125053
1131095101
890451005
495520829
986727493
1155499078
1145361479
1140053064
1117959242
299289674
1158247507
1131095125
1131248726
1131095128
1151896666
1134363740
1312310369
1116697698
591287397
1120439403
26242158
1158247534
1116247155
1132307573
1158247542
688942197
890451065
1135834235
950512765
591287427
1124109444
660487307
890451086
1151896722
1132307602
256328852
1121125526
1183593623
1140053143
287358102
469812378
1120439450
890451103
469812383
1122600101
1074226342
1141392552
1137454249
1131095211
1124064433
1124064440
1142230203
1131095228
1069948093
689622210
689622216
1183593678
1121125584
1116247249
1118889170
1194230994
1141026001
1124213971
291124456
1141392618
1135498478
648205551
1140925679
1337971952
256978162
1141392627
1141392628
1128787189
1194231028
1142230268
1141392641
1124007173
30043403
1181650192
689622292
291128601
1120042266
1141439772
1124042013
1155499294
1117959455
1142230306
287425827
1135422756
1118889254
291128616
30043437
1134501170
1116247351
1131095351
416009527
291128635
1177083197
1118850366
1119241540
420353351
1120507208
1158333772
256582990
890451281
886424913
1116247379
1155499348
851305813
1151896916
950549849
1128787294
1135422820
25285992
1131001198
1151896946
890451317
419691896
1158333816
1153406330
1131044218
1151974781
25286014
1194319234
1118889347
420353411
847277445
1123890575
1206787921
1162319253
1187958166
277835157
1302791576
759760281
256492955
1122600348
205329822
1140059553
1127099813
1135422886
1164406184
1118889387
287397297
376804785
1124052403
1135422902
1127767479
291108280
204991931
1120507324
1304790461
1122600379
1118014913
1120507337
1164406217
1122600396
1122414029
259278286
1135422930
1142230483
454653397
888677849
355010011
69309917
849626591
355010016
1118014944
1186469347
505810405
415802854
1151897068
1139901935
1119241713
1152032243
1134654974
1131001345
1164406276
1141509638
1118309898
1140059659
1140059665
1194327569
1138216470
1152804376
1143119390
1164308006
434351657
1131437610
582778410
1120476718
27590195
1139545654
1122414135
298907190
1140926010
258158138
1120507450
1134376510
27590210
1119241794
1123890759
256347720
1130933836
1164406350
1153406544
1138859604
387763803
1116712539
1164406365
1140926046
1140926047
1141440094
1116712546
207580772
970792549
701193831
1120507503
443010672
1141440113
888678001
1118015093
277835383
886716026
1120507522
30078604
27590284
1116180120
1139936923
484402846
1116196513
1194938018
1127110311
257293992
333682352
82779826
1240465075
27180724
1162249909
331632311
1206843064
689622717
1144882879
688975553
256331459
1164308164
1240465093
1158334151
1131095752
1153572554
315258576
1145528017
1141440213
245937880
69330649
1120179928
1141440220
1141026525
416077535
1135453920
1131095777
333680356
1164312297
239650537
1140926187
1141518059
277833464
1119201018
277833470
1131095807
1116301059
1155499780
1134677768
689520393
1162249994
1116354319
1116180240
1116180242
1206843155
1158285075
1104467732
1141440276
674715413
245937942
687935258
690880282
983797533
1158248225
1148841762
1151897382
416818984
1134399274
293283630
256673584
687935281
1118850866
287354681
1151975233
1206843202
888678209
1158248267
1131218763
1141440334
489668433
82779986
333680466
1153572691
1206843221
269274966
1164349271
1144883031
1158285145
207720279
1021548376
1124179811
1158285159
1131044712
1141509995
1116376941
1140186991
1124179832
1026393981
1153861503
659994498
1134399370
1141067658
1140076428
1181245325
1122316171
417023887
1144883084
1131044755
26132372
1140137879
1120534424
1141510042
1177804703
1162319778
1116712867
754130853
1131044774
1119834022
1162373029
1135454121
847882155
676804525
1120507822
1116377007
103051187
1158285240
1131438009
1131095993
470353849
1155499964
254941119
877213633
1140076485
1144883141
293277640
1140076492
1141440467
1124149206
1137561563
1131575259
1134677982
1140076511
1206788069
1162373109
1117890551
1141510139
amenity=bank
746
1162319873
1116377090
1142228996
255739913
1138290701
1126815761
1116301332
330182677
1135454230
1122269211
1206788125
1122269213
1127780385
1131247649
1134399521
1155500068
1124149287
259274791
256583721
1153833003
416018477
1131575342
417112113
1123989560
1127780410
1122265148
626014271
1122263104
1116354623
1131044930
1130934338
1274615883
1337968717
878876751
1153833039
1116215380
1140017248
1120110690
1131575396
333680740
540139623
1130897512
1153886316
331630705
1128851571
1116354676
1158285428
1158285427
1131188343
1131044983
1116713089
256067713
1122689153
310163589
1130897544
886552714
417001612
598202508
310163598
1116215437
1135454352
1131045011
1116354708
1122277526
1131219094
1114912920
877213851
256067741
256497822
1131575457
268439713
269275299
1131094178
888678569
207720619
309821611
416014510
1153833135
417001647
1139392691
256135348
1153861811
1124149428
1131247798
291131577
980003005
1141440704
1131045061
1116301513
1141979340
418519244
1158285516
1153886413
257665229
205338836
1127123157
1141440725
1194240215
1139052769
416014565
1114863846
1153861861
1194281192
1135454441
625983721
1141979370
1124149485
1116301551
980003055
1135593718
888678647
1120047352
1138290935
1138290938
256332034
1134383362
887097606
333652231
1194240264
256067851
454660365
878876943
1120059664
1151975697
1153833232
1194281233
1116301590
1141510423
1206788375
1163919644
946080031
1131188512
417001761
1131247910
1138964775
1128851752
1120110889
258165034
1153571114
1126816048
247114035
430262582
687362362
430262590
430262594
986724677
256975173
256975177
416014667
1153833291
1141027155
387766614
1125419351
1124149592
1124149593
1135454555
1135833436
1142229342
1162250592
1128851809
1141510502
1087175016
1135833455
1143120245
970762616
333652346
986724730
1126816126
1153833346
1139523972
878877061
877214087
1134363016
430207369
1145360778
403159437
1118308755
207597971
1141510551
1177747865
1134516633
1131248030
1131188641
544485794
1118308773
950518185
1153571243
429199788
1145360814
1116160432
946000305
1194340787
429199797
21270969
1117958587
1119820221
403157438
1131188671
1127082429
1145360834
1137463746
1118308805
986730953
1126816203
970762700
1117958614
1123863001
29942234
1089343970
1158246883
1055511010
293274086
1123863016
580276712
1145360877
1141510638
256498157
1109852656
25760255
1109852672
1116389891
1164368402
1163919901
258155041
256494113
25760291
673989157
877214246
877214247
25414184
1163919913
1130934827
1122343469
203924014
256490030
1118849587
1155500597
247036471
1126816314
1116389949
25414206
25414208
277836353
889475650
1125419588
1127082570
1116160589
207606352
1138174554
1141027429
25414247
1120180842
1301480044
886977133
1197324910
207260271
583953008
890450542
877214326
1197324919
205335166
1124149890
1122767497
21424777
1116365449
1135594121
877214353
418042517
1116734102
1071821462
906379929
985940641
970918562
1134363306
1272064685
1155500718
1123990200
1118849726
1190099651
1116734149
207719111
1212355272
1138299596
1030660817
1158335186
484248280
1176877785
1119820509
626002662
287369958
431745766
1142229736
431745770
1145508588
287349500
299498237
1125419786
1119269643
1071821581
33213201
890450708
877214485
1147233045
1141025563
890450716
1138256670
1122646816
1131094816
688974629
1132313382
416047917
291117876
1177793332
877214518
890450743
1131248441
1116734267
1119820605
403102528
1138897731
1187957574
1118307148
1132313422
1194222414
1118307152
1116246866
1119820628
256492382
1177043807
1177793377
1119820643
291117926
1176877934
976157561
877214590
1162251140
239729542
1138256775
1164405656
333681563
1194259356
1134418846
1118307231
1131133854
1143120799
247114659
353811363
247114661
1194337187
1151896491
1180443566
1151896497
333652916
1194337206
1116246974
1194337216
257162177
1139993538
1130935234
690060229
1162251212
1120318412
1141369806
1145361360
470477780
890450900
583928791
688022490
416828384
1145361382
877214700
1140052979
403110901
416084990
244069377
689462275
583928837
1138256904
1162318860
1118850060
960123917
1301617679
1128832016
256597009
1118888976
69311502
1152031764
1126784021
1130935319
1135498263
1194337306
1141392411
1122303007
1106402340
1120439333
1128799268
701191208
1135629354
1330222123
1140053043
417137718
1138256951
1139936310
1106336831
239729727
1131437121
1138256962
247036995
1158333508
1158247495
1116247114
1155499088
1126784084
1122466903
889480284
1158333534
25289822
1302844511
1213123681
1152031842
1074226275
1124064357
1117959275
1302844529
1124109426
776385655
1138257018
1132307581
1122550911
688942218
1125420178
1131000984
1116247192
1130935449
877214875
1126763672
1153571993
387777695
1164405921
854084773
1151976613
1183593642
355009707
1132307627
1116386484
1120507062
688975036
1148781757
333653184
890451138
291124419
1116386501
890451149
1120507089
1126763731
1337971934
1302844639
1128832226
1069948131
1116247268
1152804067
333681895
1171010792
1137454312
268393706
1337971947
890451180
1141392623
1131095280
1069948145
1120439539
1122600180
1121125626
1135498492
1145527550
1301476608
1164406017
1120439555
1120439557
1127052550
1153406217
890451220
1124042011
689622301
1120507170
1194231076
1135498539
25285932
269276459
1128787248
851305777
851305779
1127716148
207719733
1131437366
1152804152
1135422777
689390906
1181650237
1118889281
256329030
688942408
1116247379
25726293
1145527637
33078617
25285980
1124109663
890451298
416032099
1152804201
966120809
591287661
1128799603
1151896948
1140925813
420353398
1118889338
1120439675
890451324
25763196
1153760642
847277442
1164406148
287425931
1118014860
291108241
1194319251
291108246
69404059
82779548
877215133
25286045
1143119266
1120507299
419659173
1164307883
1164307887
689587633
1215178170
1131044288
1122467265
416009666
888677831
1141439949
287346132
1134654935
1146224095
417152479
1135498723
1137454564
287426021
1134376422
1135498726
1206842853
1131001321
887299562
1153572331
1142410727
257060334
1141439984
1117031921
1139545586
1215178228
1106402805
1213726200
382406137
1137567229
886425085
1186469375
1162319357
1162372612
1141440007
256497166
889503247
1120476690
1118889491
1206842905
1131001371
1117959708
1118309916
887299612
1118309922
1131044387
1134501416
1118015020
1140926011
443010620
1137454654
1139455552
1162372673
1345322562
1158248003
25726537
1131437650
355020372
1139936853
1155499606
1155499608
701193818
676822619
1162372706
1130933859
1140059751
1144882799
277831284
1117032053
1177083519
256491136
1139936897
979961476
417152645
1117032071
1117990536
310165131
1162249873
1158334100
333653654
259282583
1141524124
1131044509
1116391074
1206843048
1301503657
247113387
1141440175
1151977135
1130933937
1122508465
1116391096
310165177
1117990586
1135453880
1138249404
1194329790
1120386756
255741637
1162249930
1116712653
1135453903
1118015185
1240465109
416835288
310165209
1137561304
310165210
1134677724
1148841692
1153760993
296224484
1140926182
416077542
1135912687
1120386801
1141440242
1120507634
689463037
1139431165
485613317
1138859784
1212694281
1143119627
287368983
207251225
256673564
1131095837
277835550
1127767844
1119833897
416835369
1116180267
1131044656
1134677808
1120022324
1141026614
1116376889
1087174461
1153861437
333651777
1141440325
416819017
1120386890
1141067600
239650641
1141440338
1116301144
1141067609
598196058
1155499867
1131218779
1118850912
1116196704
1162319717
1141509993
1155499882
885825385
419706735
1153832815
1116712815
1137561459
333651827
258156403
1140076406
970801015
1140076404
1122316155
1106405255
1301579657
1206787978
1144883083
1140076431
1116376976
207718288
1120534420
1131757463
1120507799
1071890329
1158248347
1117990813
857331617
877213603
1116377001
1145507756
1116196781
1106403249
247037874
416835511
1116377017
1142228936
1131044812
1131093968
1131218899
1131218906
291110875
1120110557
980010975
299618273
1120026596
1116196839
877213678
989206510
1130911731
1350944758
1134399482
1121134587
1137561597
amenity=pharmacy
746
1131575296
1164310531
1155500037
1177804805
1131438090
886552587
416835595
1138290701
1127780362
291133455
255739920
1135566865
257665044
1120026649
269277210
1212354588
1142229026
1177804839
1120026664
430420008
1144815657
417112113
1144815667
1135566905
1138290746
1116354624
878876738
1130934338
1122263108
27093058
417024070
287342668
675696725
982880342
970766423
1131096152
1272121433
1129605210
1158285402
1140017244
417024085
1134544991
1137561696
970766431
1141026915
1274615910
1143119980
1131044975
1169160305
1116354678
1088925815
1137561718
1134545021
1140017278
598202495
1125419136
598202498
177205378
878876802
1163131015
1135818887
1286252681
1134545038
247124110
598202523
1142229148
291131550
1153886366
1163919533
1140521137
1131219122
1169160373
1131247798
430211256
1141440702
207720638
426059975
247124167
1120180425
419707084
1122277583
1153886416
1138290898
720689363
1153886420
25876693
1134545111
1128851671
1153861848
1138964703
1142229216
1116301537
1153833183
205332704
1135818980
1141979365
1116301544
1127123177
1141440750
1127123185
887097588
582521078
1130897657
1134383355
1143120124
1131045115
1087174912
256332035
1124149512
1139052814
379586831
1118308624
1135593747
207257878
311425303
1124149527
1120031007
403144991
258165027
1134383395
1134516519
625983789
663265585
1135784244
256581943
1194281276
1135819069
1120059710
1128851777
1131094338
1134516550
269277513
1163131209
256334159
1142229342
1139423591
1123862888
877214057
430262632
417001839
688976244
1163131254
256584055
1141027194
1143120250
403159420
980003194
1122412935
1118849417
1123862922
886976911
1197332886
1145510294
1158334876
1194228131
205124009
544485809
1069990322
1123989939
21270969
32268729
1338907070
1134545349
1127082440
986730959
1120317904
1194222032
1114913237
1158334933
580276695
403157462
1124092378
1338907099
1135784414
1120020960
1127082469
579770854
1118308843
673989101
256496115
733182452
689519097
583322106
1212357114
689519100
1138891261
688019976
847774218
1141027339
1145360910
1153761806
1164368401
1163919890
1135594003
954808851
1177747992
1164368409
1116389920
1163919912
1142229546
1153761834
1116389934
1132313145
1106602554
1134647867
1124092481
950506050
1145360965
1313303112
1135594059
1129611867
1120180828
689519197
1131463263
25414243
1129611876
688009831
257292904
333652585
1153761901
1131133550
877214319
1071821426
1135784563
33360501
470485625
886977146
1116160643
1155500675
1135594117
970918542
1135594129
1130934929
689138324
1124149909
1130934935
1122413208
1158335128
1116734105
1194250908
890450596
1069990564
1131248293
1190099623
985940648
1118849706
1146217133
1117958830
1116734128
1116365494
1135833784
1194306235
333681341
890450632
1158335179
277836497
1141027538
976157396
1153762008
1147232986
886977244
877214430
1190099679
1164307172
1120180971
1116160750
1131094769
287369970
1139479286
424264439
1134363387
1147233021
1108396801
257164037
689519365
688974599
1116734218
1119269643
1071821582
626002703
287349519
1176877843
1131094811
979888930
1116381987
205003556
1330469670
1135594281
291117868
1162251056
890450738
1147233074
418038582
1119820600
1123863353
1132313413
658938702
1131094865
1164307288
591287128
1139993435
1116734304
1117959009
1141027681
954989414
1122646889
689519466
970754924
1139993463
1119292281
1131248506
299289467
890450811
1138275197
1123933055
1130935179
256582542
1138275215
1158333331
1141027734
1122599835
850719645
259287969
1125419937
1213293480
676518825
1212357547
1122413484
1176878000
1162318768
1145361328
1117959091
1134363574
1130935228
1135784896
1139936194
1138275270
1326377928
257665994
1116386255
1153762257
850719699
1135834072
1141025753
1213293530
1155498970
258038753
886977514
1118850029
1194337263
25877490
1128885236
1139698676
333652982
262949880
1105122298
1127052283
689462269
1116386304
1118888961
1135784964
960123913
890450954
1176878093
256334865
259281937
1116386323
1138256919
1140053024
1074226208
583928867
1131133990
877214759
1131248686
1134363696
1131095097
1120439353
1141369919
1139993667
207285315
890451013
688942150
82779206
258163781
1122430019
1122303050
1116386379
1122303052
1142230093
403162187
1118850131
1126784087
205335641
954068059
1128832093
291124319
1135498340
1194314852
1139901540
1194314855
1132307559
1132307560
701191272
1116386411
591287403
1117959277
1116697709
716876911
1130935399
1128787054
1126763634
591287411
1118889074
1127126134
1132307577
1183566969
1143121021
1116386431
256496767
1137454210
689622148
1151976581
1145361542
1116247172
1116697740
1132307597
890451084
256582803
1121125524
890451097
1135498396
1135834271
1141025952
1122550949
1158247592
1118889133
409744559
26242226
1140925626
1302844608
1122430145
847277249
890451136
291124421
1116386505
1124007119
287384783
262370517
247123158
417178840
1122413788
1127767260
1126763746
1302844644
890451179
1074226411
890451180
890451182
1118850289
417178866
1162319094
1120507126
950549754
1120507131
256331008
1155499265
1158333698
1135498496
689622276
1120439560
25877768
877214986
1139549453
1135498510
1151974670
1117959440
1121125647
1153572118
1141439768
1151896858
1153572129
1194269985
30043427
1121125668
1141026088
25285932
1124007215
1122430256
1128799540
1122467126
946187576
381127994
505810235
1194231099
583879999
1215178049
1135422786
1141026114
1164406082
355011906
1152804166
33078603
1152804172
1212628302
1117959506
1158247764
416032084
1122413917
890451296
493522273
1141026147
1118889318
1152804205
382414191
976190836
1130878324
890451319
259100027
1127099772
355009919
1138830729
1151976845
1139936656
247123346
1153760661
890451351
257293722
1120507291
689137056
1151976865
1152804259
1138859431
1215178151
886425003
1139936687
1135422901
1143119287
1123890616
1118014904
1118309820
21433790
416009663
1141026240
1127052735
1164309954
1117959620
979897799
1117031880
1134501325
976190925
256490961
287346130
1143119324
277835234
1164406246
1127818730
1158333939
1130878452
1120507384
1153406456
1127767546
1158247929
484402686
1117042177
1131095558
1118309899
1118014989
1152804367
1140059663
1158247954
419659283
256329236
1137454613
1141440029
256331294
1120362014
1141440031
548681249
1162372647
1134501415
1118889514
1122467374
1139545649
1137454645
1153406528
1134376515
1302785609
287360586
1120476747
1140926029
1120476750
1295097424
1164406355
1140926039
1127767644
333653597
418350685
287360608
1137567329
1137567333
1117032041
1137567338
887113321
1117990508
1350940275
256583296
689587841
1134501507
1141440131
1120507530
379573899
1302820500
1141524119
1134501528
1158248091
1137561245
1141440161
1206843041
1137561251
1137567393
256491171
1301579432
1153572523
1127818927
1213370033
382412467
27180724
1152032438
247037626
416077499
1120362172
1151975107
1144882884
1127767747
1142408902
277833414
733181640
1213370057
1116712650
355022548
777043670
1158248152
1117032153
1213370083
1141440227
1116391141
1177083623
412251883
690880236
689463029
254940921
1206843130
1177083645
416077565
416835329
1148841732
1104951047
245937928
1153861385
1141509898
626034442
688942859
687935245
1158285069
1087174418
1116354324
1131044629
1152032535
416077592
1141067547
1194327843
1153761060
1116180262
1122555688
688975666
1152032563
333651765
1131044662
1164308279
1135454009
1162372923
598196031
196173632
1301579589
689477446
256497479
1116712779
1162319691
1130897229
1143119698
638334803
256497498
269274975
1106405218
1162372963
1140137826
431896423
239650663
1153406825
955076464
277831541
1127767932
659994497
1134677895
1124179854
1148841873
888678292
1162250133
419706777
1137561499
1144883104
857331617
980010914
1140076452
1153832870
886552486
103051176
1151975337
1121134510
1116301234
1155499961
1138902973
1158285248
1162319809
1162319810
1153832899
1145507782
1141440458
1141440463
980010960
1131044819
877213651
1140076501
1134677976
1026410458
1134399450
1131575261
1116377056
333682656
1177804779
416835565
416018414
1153761261
255739889
1131438071
293277694
amenity=bar
746
1120026628
1141440517
1127780358
245929989
1158334470
25831429
1142229005
443009040
416018451
1116301332
1135454228
1131094045
1137561631
416014369
1142229026
1141440546
416018466
1162319906
1119834152
1131044904
1120180269
688975918
1116354607
419706928
1141026865
1135454258
1117958194
1116377133
1138290741
1128755256
416018492
689137724
1117958208
1116354625
1122689099
1131438158
287342671
1272121433
1155500123
1153572958
1137561694
1141979230
1116332133
1274615913
1169160307
269275252
1139052665
1135818874
1137561724
1135566974
579768448
1141440641
1116332162
1153761411
886552710
1145507977
1128851594
196176011
1153861771
886552717
1134545038
255740041
1169160337
1117958289
548675731
291133590
1163131030
291133592
1141026976
257294497
1163131041
1153886370
419707046
1128888488
1093114026
1139398836
257058998
759797945
1135818938
1134678204
980003005
1138290877
1194281161
1189392587
308009164
353992911
1172041938
1124149460
1206788316
1120030942
333680863
1114863840
1158334688
1139052769
1153886437
1114913002
1139398892
878876909
1153571053
1131188468
1114913014
1141068024
277831931
1131188476
625983739
1128851716
1274614024
430219529
1153571083
1127123211
1135593741
1127123213
676620560
1135593745
1194240274
886716694
1153833239
625983767
1151975703
877213978
1135567126
1131247907
1118308644
1163919660
878876973
1135819058
1162250548
256581945
1145508156
1125419328
430262594
258132291
1145360708
1177747787
1069990226
1187957074
1116301654
1122412889
1153571165
417001826
1120059748
1128755557
1139052904
417001833
1118308715
1134383467
1139523955
1153573235
688976244
1134363006
1120031104
256584066
1145360771
1117958532
1145508230
1131094407
1123862918
1118849417
309821830
1134545297
1158334865
244070391
1145360788
1114913173
1338907043
409743784
658919851
25762224
1262068151
1194340795
1123862973
254812605
1163131331
1131598275
889475527
1177747914
1194228171
1125419471
1131188691
1140935126
1140935127
1142229483
1119820270
309821936
1162250738
255740403
216283636
1155500539
1138917884
382403069
1153571323
1126816251
287363589
382403080
1141027339
1122343442
1177747992
1135833625
1338907164
1158335004
203924005
1123863077
1139524135
1164368424
1145360937
1338907178
259267119
1145508403
1131463221
1122646582
1134647863
583952953
376797755
207606333
1123990077
207606334
1163919942
207606343
1135594056
1163919947
257292884
1134647895
1119291992
689519193
1138917985
1071821413
1141067771
309822059
1139524203
877214321
25414259
1139053172
49543797
1132313204
1134647927
1122413180
1164368518
886977161
33360531
1129611934
247052961
1213563553
1071821474
247114404
1122646690
1155500715
1142229676
429333165
1131133616
429333169
277834431
1190099655
1164368584
1138299592
1153573583
1194222288
1158247123
1194306264
287345372
1119820509
890450655
689621730
1134363363
1147232999
1116381929
1118849770
1147233004
1118849775
626002673
1147233012
25084661
1135594231
207571705
1119292153
1123863291
287349500
1153571582
1153573631
1153573635
257291019
333683468
1194306319
1022587677
1123990301
1153573664
310164257
1071821603
1153573676
1135784750
259113774
207270704
1125419822
25414451
1138897718
258161464
1142229822
1147233095
333652809
1119292233
247040842
291117901
1138256720
430203729
1139993432
430203736
1141025628
287359841
688974689
1116734305
1135784804
1130935142
1145361255
1122343786
582525803
1330469740
1118307181
1138256749
203948910
1074226034
257665908
33094518
976683895
1212357496
382405497
877214590
1181156228
1120091013
540138374
207565703
486151048
338246542
970754964
212781973
291117983
1131133855
257162148
540138406
1151976358
1143120808
1163920301
1162251182
1164405692
689138621
1122302911
1213293505
1134363590
1145361359
1128885203
262370263
1106404311
1116247001
689316826
1131248604
1120318429
417037277
1116386282
1131095022
1301617650
660470771
890450931
1163920373
689316852
256332791
416084985
1153762298
416084986
1153571837
1122429953
1106336778
269368334
205331471
256597009
1128885270
1120052247
333440025
585206809
1194314781
1116386336
149713962
1194337323
1197354032
1116697655
279297081
1135785019
1122303037
277834813
1302881343
1116247113
1138924618
1130935375
1151896656
1158247507
470938711
890451039
1194286176
1138256994
256494691
25289829
1141027945
1194314861
1137454191
1116386418
1126763636
82779254
1194314874
890451067
1142230141
1152031874
976157831
1141392531
540159127
236082341
1164405934
1121125553
1121125554
1128787123
409744563
1152031927
1145361594
1302844604
689622207
1282303172
1069948103
1194230984
1158247625
1128787145
1137454286
886977743
1128832217
355009754
25877723
1128799454
688942303
1118889183
488783071
1148781796
648205544
470537454
1140925683
1124007158
1141392630
1135785208
1122600182
1118889210
1138199803
417178878
1120439551
333681920
1152031998
1122413826
890451201
1120070911
1130935560
258155786
1141392650
25877774
1124214036
1116247319
1153760541
247039261
1121125663
247041311
988611874
1135785250
1141439781
333681962
1137585450
1120439594
257060143
420353328
416032048
1117959474
1134501170
420353333
1117959480
886977850
890451263
30043455
1155499329
256329030
429675848
256582985
1215178058
1215178060
1124042075
1124042076
1131044192
1194206561
419691875
382414182
1117958139
1127052651
1124052332
262253943
1140925824
1170408833
433042820
1123843461
877215110
1152804232
1124042122
333682066
277835155
1302791571
759760277
25286035
1131044247
287354268
1137454493
1139901854
1153406367
196165025
1215178146
1141439907
1118889382
1135422890
1164406187
1152032172
416009644
689137067
1135498671
291108272
601040304
1140925881
1127767482
205335996
737754557
1127716287
1127767487
1122467268
1215178181
512572870
287399369
1106335182
1152804310
69305817
69305819
21433820
1122600412
689317343
287399392
1152032226
1127718371
1118014948
287426024
1155499498
1216804332
1142230509
1206842865
1122414065
1122600437
1213726200
1141509628
1194327551
1120507392
1194319362
1206842882
1116184070
1206842887
1141026312
1131001355
1194327563
1026416145
1116184082
287397395
403146261
1120507414
1122414103
1120476696
1141509655
82779677
1117042205
1120507431
1127767596
1119217201
1141026354
1140926016
1155499587
1141509703
476417612
688975438
1295097425
687967829
1074226774
427679319
1127767650
687967855
1206842991
1119200881
887113330
979961455
1155499636
277831282
1158334065
103050871
254811768
207611514
1127767676
355024515
417152645
888678025
979961482
877213323
1127767692
1142230672
986695316
689477274
888678043
256583324
1141067419
986695326
1141524127
277833383
82779816
1240465065
1153572521
1144882859
1118015148
1116196525
1141509807
1131044531
1153406645
1135453877
1142230712
247037626
255741631
689462976
417160900
1206843078
1138249418
877213391
310165209
1117990619
1116180189
489766624
1158334178
1120507618
1141518059
1120507628
224958192
254940914
207562485
888678135
239650552
1194327805
1134677759
1141067520
1116196607
1144882943
1145507589
1127819013
888678158
1116301071
1144882959
1116215061
1302849302
1145507607
1104951066
1116712731
1116215068
1134399261
983797534
1158285090
1194209061
1145507621
417152808
1116712744
245937962
1140926257
1141440306
1148841777
1162372916
1206843188
777043763
955100983
1120022325
674715449
269276990
1148841793
1164312396
1134399313
688942937
1131044698
419661659
1119201117
484403038
1121134437
1134677867
1158285169
1134399352
1116301178
69367676
777043842
1155499911
1116712839
989206414
1131093906
1162250133
1140137878
1138939802
1116376986
1116376991
1164308384
854075296
426059690
1131437999
1158248369
886716341
1180411831
1140137912
1137561534
293277634
258160581
590806982
1120507848
257664972
1026410450
1145507795
269275091
1145528277
1141440470
1116712914
1116331992
1116354522
1153572827
333682652
1194293215
1131188191
1162373087
1194293220
1116354535
1153832936
1142228969
1116196842
1130934250
239753196
1116354536
1134677999
1143119856
25081842
416835574
1131044855
1158248443
1126815741
1135454206
1212354559
amenity=pub
746
877213697
1119834116
1116301317
1153761284
1131575303
1153861641
776542218
1116377097
416835596
659959821
293277709
878876687
626014219
1131575308
1158285303
1135454228
1131044884
203917337
1153832990
1116354592
1176965158
69431335
416014382
1153861679
1131188279
1116196923
1131188285
1153886274
1117958212
1158285381
416018503
257290313
1116354637
1131219022
1116215375
1153761359
1153572945
417024083
886716501
540139609
257060958
1153833056
1274615908
1135818853
1119842406
1135818852
593889384
1141979237
1120180327
1135818860
1131094133
1124149368
269275258
1116301440
255737986
778098818
1177804933
1158334598
443011209
1135593610
1128755341
1153886354
1151975572
291133588
888678550
413210775
1137561754
25761946
1114912924
291131546
1135818907
854083741
207720614
688976038
1206788263
268439722
887097514
1162320044
888678574
889528510
1140521153
1131094211
1163131077
1145508042
1182453967
1194240208
1127123153
1142229202
688976082
426059989
1153833174
1131219159
1120047323
1120030943
1140017375
1116301537
247179488
1114912997
256053478
1194240230
1116354793
889528555
689137901
980003055
1131219184
417001731
886716676
1145516293
1114863879
1120047369
1158334730
256067851
625983755
888678669
625983754
1206788371
1153833237
1141510425
877213979
295596317
1128755487
430262565
1126816045
1122412848
1087174960
69450034
1141440819
416014649
69450047
886552895
1194240325
878877001
688976202
1131575628
1153833294
69450068
878877014
1130897754
1194240349
1114863967
1118308704
887097697
1134545251
387766631
887097708
430262645
1138917749
1141027189
1123862913
1131188612
1194281348
1131575686
1131219338
1143120277
1141510550
1124149655
1139052952
1131219353
1127082394
1153571226
1145360801
1141510562
262949286
429199784
1131219376
1138917816
1120020922
1124092346
1194228154
1134363069
420358593
1145360835
954628551
1141027273
420358602
1153571275
571595212
25762253
1120020945
1194228177
1162250707
1194250708
1135784417
1124149730
1194228194
1118308835
257294821
1177747944
1158246888
1124149752
382403069
1141027333
886716933
1162250761
1155500553
1153573387
1134418444
1162250766
1194250771
595221012
1194213909
1116389916
1163131424
1163919904
1155500578
1122413095
890389032
976157226
470485552
101061178
247040590
1153571406
207606353
1116389970
1117958739
257292884
387480146
218034775
1135833693
1124092510
1122646623
1118849638
1071821417
1212357228
1117958768
333681274
890389115
1131463292
25762430
1155500673
890389126
886977166
1272056468
1194214040
1135833753
1155500699
1130934939
1272064672
985940641
255740578
431745698
1139479213
1164309168
890450614
247040695
890389176
1131133630
287345342
1135594179
1163920070
877214406
1116160715
207719116
265292494
1194222288
1131133649
1134363347
291117780
430244571
1129612001
1194306274
1135833836
689519351
1071821563
877214460
333683453
354018048
333681421
255740688
424264471
970918686
333652767
583928608
595651360
1138299681
1163920163
1132313376
1130935077
1153571620
1116381984
1194222376
495541026
891095850
1158247211
1147233070
1194222384
21433138
890450738
1135594292
1163920186
1142229819
1141027642
1134363455
333681475
1330469705
1122343754
1153762123
1330469710
1116382032
25414481
1194222419
1138256725
1118849878
1116382039
1022587735
689138524
1184981853
1122646882
1116246886
1151896425
1116246889
1153762156
1122413421
954989426
1122599797
1119269753
954989448
256496520
1142229901
291117967
1176877969
258147218
1142229906
976157588
291117973
258147221
256582557
1138897821
1194337184
1130935212
486151084
688022449
1138275251
1138275255
353811387
1122302907
1155498941
1134363582
1131094971
353811393
1134363589
1159465932
424256462
417037264
299451351
1106602971
1143120859
890450910
1118888929
1145361379
25877480
1194314728
1117959146
1139936239
1183591409
1122343923
1194314750
1122302975
258155520
403164161
1141392386
1120052228
701191172
689138697
416085004
1123904525
1141392396
1116697615
1143120931
1135629349
1155499049
1131248683
1194337326
986692658
1122466867
698719283
877214777
247036991
277834816
1122413634
1118889026
470938700
1153762381
403162193
890451025
986731616
26242144
1132307554
1131000938
1132307563
1126784107
689136749
1127052398
1126784106
1128799344
1069948011
1116247154
591287411
776385650
1066249336
1074226297
950512765
890451070
1122600065
1148781697
256328845
1122430095
660487313
1144618130
1125420178
890451092
1152803988
886043801
1120070815
1302844577
1132307620
1120042151
1134363820
355009715
1135785143
1128799418
1123843262
1158247619
976157895
1301636297
1152031946
1118850255
1153760463
1138859219
255016148
1301476573
1153572065
1120507108
1124007143
688975079
1120439530
588502253
1124007150
1152031984
1181650162
1152804083
976157939
1121125622
689390841
25877755
259108095
1158333696
1194231042
689462534
1126763782
1122430217
1123843339
1130935565
1139936526
877214991
1106337043
1164406038
1120439576
1153760540
30043424
1148781857
890451234
1120042275
1164406052
24960291
1124109605
1130935590
1302863142
1194231083
1158247727
583929138
416032050
1122600244
1127716147
847074612
69352758
1116247352
1124109622
689390898
583318844
1301519683
1124042051
1151896901
1119241542
1302814027
886424909
688942413
689519953
688975185
429675866
416032090
545580385
403144034
419691876
1127767397
1164406118
21433704
382414185
591287661
1122413934
688975218
1177083252
545580407
1162319225
1127767419
1152804220
890451325
877215102
1134501250
1122413955
1124042115
1153760646
259288455
1170408840
291120522
1123890571
1124214156
1131044234
1127716238
1127099787
82779538
689587602
1158247826
505810325
1131095444
1137454485
689137049
291108251
1194270108
1135498654
1124042142
257293734
205329835
888677807
1120507318
1123890614
1135498682
416009665
470478273
247037382
888677833
417152457
1206842834
1135422934
1140059612
376804829
1122600415
1162249696
1152804324
1151974893
689462768
591287792
1117031927
1141067257
689317375
1206842881
1134654979
412775939
1134376453
82779654
1118309895
1131001356
1120507407
701193751
1206842903
1143119386
25286171
1118850594
1127818786
1137567270
1177083432
1127767593
1152032300
888677934
582778417
779159091
512572983
1141067324
1135498813
1120507466
1139936843
416042576
1152804436
689137237
1145527894
1141440087
888677976
476417622
1152804440
355020379
1152032352
1158334049
1141440098
1120386658
1158334056
412782187
1145527917
256583278
1137567354
887113338
1141026431
1131044481
247123587
1118015108
207718019
583941768
277835402
1144882826
1141509773
1106405005
1182445199
1118015121
986695316
1141524123
1139936923
1116712607
1141440160
1152032416
1194329763
1137561252
1120507558
1134376614
1137561255
299452071
1137561259
1141440171
1116391084
1131044526
1177083570
1151975091
1240465075
1301579445
886425270
582526642
1131044538
416077500
310165183
255741631
1141509824
1141026498
1143119554
1164308164
1141067471
1131095761
382412498
970768085
1240465115
626034396
1124179681
1194329825
1213370083
416818923
1138859756
1131095787
1301579502
1116301036
1212694273
1131044618
1087174418
1141440276
287368981
1194327834
1194209052
540139293
1141026590
256063268
1141026598
258150183
1116180267
1138859821
1131044653
257664816
256063283
256329523
254940987
688975681
1153761090
1131437893
1121134407
1124179784
257664841
1118850891
1141067603
1194327891
1116354388
207720275
293283673
1116180318
287369056
598196066
886716259
1135454055
1116354409
955076460
777043823
1155499890
989206389
1116331894
985937782
1121134457
258156410
417023867
203919228
1116180347
1117990781
1182482303
677341062
1124179852
1131044758
1153406872
1116354456
333680539
1120507807
1120026528
1139937189
1131044775
1116196776
1135454121
256491435
1116180399
676804527
1142228913
569497523
443013047
980010940
1116377022
1120026560
1120110528
980010948
1142228932
1120507852
980010957
1116354511
1137561552
382410705
1139423185
1119217619
1124179927
1123989465
1131575259
1131575267
1137561572
1131575274
259270644
1119834100
1155500023
landuse=commercial
746
1130897409
1153832965
416018438
244070406
626014219
443009040
1153832988
1141067804
443009056
1116354594
419706914
878876707
1117958181
355000359
1131438127
381102129
177205297
1153833010
1176965173
1130897463
1135566906
417112127
1119834176
1131575360
417112130
1153833027
1087174719
443009091
1125419081
1153886287
878876752
1122269267
1135454292
443009111
1131438172
970766430
1141510238
1120110690
877213797
1130934373
1131044966
1131188326
256067689
256493674
1122689131
1206788199
1122277486
205324401
1131188339
1131575418
1116354685
416018558
1117958272
1116301440
333652102
1134545034
877213835
416014475
1302888589
1128851599
291133588
413210775
291131544
1137561753
1128888478
268439713
1106335909
1141510310
419707047
257665195
1128851629
1206788270
1141026994
1153573042
1123989684
257058994
1135567032
258164922
1140017339
1134678211
1116301514
1130897610
1125419211
257665228
207720654
1162320087
1153761495
1116354780
1145516257
1139398882
1134545123
1141510372
1153833189
1140902124
980003053
1153861870
1135818991
877213940
888678649
1118308605
1189392640
1114863874
1130934531
1128851718
454660358
1138290952
1124149514
216269068
1126816014
1120059662
233085201
1088925969
1135593747
1141027093
509298967
1117958424
1153761564
1120059679
1141440799
1134545202
256581943
1194240313
258132281
1163919678
258132287
1155500353
1128755524
1124149574
1145360713
1130897738
1194281290
1131188554
256328016
1177747799
382404951
1153833306
1153761629
1153573217
1139423586
887097710
1141440883
878877046
1141440887
256582015
595220864
221309314
1123989891
1118308738
1143120261
1125419397
1126816149
886716824
1122343320
1177747866
689623451
1153833371
1162250657
1134363047
203946410
986724781
878877111
1123989944
1145360830
295598526
207720897
1118849485
291135952
1116160465
1151975889
720689623
212750809
878877148
1137463776
470354401
1177747940
1194258916
1194228196
889475560
878877165
1120020973
1194250745
1118308858
986731008
1135593989
207563269
1134516742
1138891272
268440073
1116389904
954808850
333652510
1123863072
1134418466
1131248162
850633255
1117958699
1132313147
689138236
1071821375
1151976001
1106403906
25414211
1117958726
1129611849
1145360974
889475666
299475555
1231706733
1142229618
207719030
207719031
1106336377
1132313221
212748939
203952782
1134363281
1123990161
1123863187
1131248273
1143120534
1122767513
403100313
1119269536
255740579
207719079
1158335144
299475626
1116365484
1132313261
877214380
287345327
1134363315
1158247091
1145508533
1158247095
376042168
1071821498
1151896254
1163920063
1162250948
1132313286
1131133639
890450632
256494283
1155500748
256494289
1116734162
277836499
1122343644
333681378
625670883
1146217191
1129612011
207721197
1122646766
1139479279
1138256623
1134418673
299498225
1147233011
1194259189
1122413303
376042236
333683453
1132313343
675316479
299498245
1142229767
1194187530
1162251021
1116381965
1135784718
1130935058
890450708
1151974167
1132313367
1132313368
1158333212
1116381981
1119820576
1237566255
989207345
1147233074
418038581
1176877884
207270717
1176877886
1122466626
1330469701
1120611146
420369234
1330469726
410207071
1120181088
1153762148
1119820644
1164313448
1151896424
33094509
1120090990
890450799
1131133807
410207085
1134363508
1134363518
257665920
1132313482
410207118
239729550
1118307217
1122302867
309822363
417037221
1138256820
1153878966
257162168
1120052156
257665982
1163920321
591287239
850719688
1122599884
1164405709
1117959121
1135498194
1128885205
1176878048
659712992
361001954
1142229986
32994276
1153405925
1194314728
1106402283
976157675
660470763
1141392370
689462260
1183591415
1146217464
1176878073
689138687
1194337280
1127052289
689138693
689462280
960123919
256334864
205331474
1117959188
1108440087
1140053017
1132307489
1120052259
355017764
698719270
1194314793
688974892
701191213
1158247472
1153571889
689462325
1131134009
1128885306
1138256957
1143120963
1194314820
1140898887
1302881356
1137454157
1141392461
1194314829
333681745
1128799317
1069947991
470938714
1151974493
1119269985
877214817
431907943
1194314855
1142230123
1106404461
430244974
776385652
269276284
776385662
1119280263
1106336903
1120439432
1152803977
1164405901
1152803988
1141392532
701191317
890451093
299457685
1135498396
1135785118
255741088
1152804001
1132307618
1135834274
1106603176
1118889130
469812399
1137454259
1125420221
689390789
1139936454
1120507079
1120507082
1131437262
1152031954
886977747
206175447
1302844633
1126763743
1120507103
648205540
1118889189
1139549416
1141392620
1120439533
1301476588
1122551024
1128787185
1120439538
1106337010
890451185
1128787189
416009463
1138199800
291124474
1155499263
689462530
30043397
1120042246
1121125642
30043404
1120507148
1152804112
1106603281
886424854
355022103
1122600223
1137454369
30043428
1158247720
1135422765
1135498542
1139979567
1118889269
688975157
988611900
890451262
1127767359
1135422784
1152804162
1130935619
1106402629
256329030
493522252
1181650257
890451286
1128787291
1194206556
1130935647
890451301
1135422821
1131044200
1124042090
256331115
21433708
203943283
976190836
1116247414
1151976822
1128832376
1127716217
545580407
25286012
433042812
25286018
1153572226
1124042114
25286021
21433733
291108231
1123843461
247041412
1106335111
25286028
1135498639
890451344
333682065
1127716239
257293720
1194319261
890451359
1162249635
580824489
1142230441
291108269
260300211
1278023092
1119813045
1141439928
890451385
205329850
25286076
256490940
1120361918
419691969
287397313
1135422915
1164406217
433042890
1164309966
1140059604
454653397
287346133
1120507352
1162249688
849626589
415802854
1216804332
759760366
1350964720
1151976948
1122467316
888677878
1119241725
1130878466
1117959683
1155499524
1141026310
1120507398
1118309894
1117959690
1152804370
1130878486
205413911
1117031960
1262018070
1118309917
404035102
1137567265
1162372643
1134501416
1137454637
512572973
1131001397
1140059702
27590220
1127818832
1295097425
409749074
1206842963
1117042260
1074226771
379573846
1194327638
207582803
476442201
1152804442
1206842971
1116180059
1206842973
403342941
287360605
1158248025
255737441
1153760866
1206842978
687967844
1142230629
1350940267
295603824
689587828
443010681
1153760895
403342976
1206843009
1134501506
256583298
30078598
689587854
1137561233
69396113
1117042331
1153406619
1124179613
1301579421
1117990560
1116391076
1118850726
247123630
247113391
1162372784
1118015153
333682356
886425270
1142230713
1240465082
239650492
1141067452
1206787774
1124179647
1127110337
1153406658
592217795
430212805
1116391110
1127110342
239650504
410693319
1131044553
1141440201
1120507597
1124179662
310163151
1106403021
1141440210
1116301016
1162319578
1148841691
1144882909
1206843105
1120507621
1206843111
1158334187
254940912
259278581
1151897337
416077563
1181245181
1158285054
1144882947
254940940
506822417
689463061
1158334230
1131095832
1106405148
1162319651
1135453994
258150189
204992302
590806829
1143119665
1137561398
955100982
955076411
1155499836
1206843197
1127767871
333682501
888678214
299618123
1116712779
1120386894
239650638
638334800
1116301144
598196057
417023833
1021548379
419706718
293283678
1134677856
431896415
1153832802
205326174
1138939744
1074227047
1127767919
888678257
1158248305
1123989365
877213558
1144883063
196173687
1131044729
1199247226
1153832825
1158248313
689477498
1137561473
1116376964
382408581
1158285189
1116712839
688942983
380995463
1162250124
1119201165
392304526
1131437967
1121134478
333682576
886425491
333680534
1120534424
1155499928
1141510044
1116215197
431896478
1137561502
333651873
1162250145
1145528228
333680550
847882155
1124179888
1140076465
333682610
416835504
1138939828
1137561526
443013047
1153832888
443013051
1131218885
1122316233
1127780298
1301579723
333682636
689137613
1119217613
333651920
1153832915
1206788053
1144883160
1153832922
1130897372
1141510110
495523814
1140076522
1140076523
1119834094
27490288
1158248433
1141067767
1116301308
1131438078