10
tourism=information
101
4115
7848
1754
5639
7056
9029
4371
1184
5349
1489
5000
2123
3880
6821
5988
5256
5543
9187
3070
10189
5421
6180
9419
2772
118
4559
899
2016
2329
6917
10164
2270
5496
4633
6670
838
3763
4443
7687
6494
8188
3809
1621
4382
10091
6927
3864
7099
6796
9329
9661
1889
1280
7167
6996
1195
6601
4314
6846
5661
7115
764
10099
8396
4351
5178
8607
1903
56
1583
3449
1565
10236
8231
9544
2910
9694
3828
3017
8511
4139
3972
7782
7637
9613
3477
7544
923
2528
1665
7960
10003
4125
9098
7294
9740
5037
1324
1516
3200
4590
tourism=hotel
101
2578
3843
4145
762
5319
2026
4153
8512
600
1631
4013
7393
6659
9174
8518
5215
9806
5255
3410
5892
4844
3065
9113
6172
4594
457
4092
8216
8872
1424
9519
45
7440
5903
3258
6815
3768
8077
9485
6011
4611
5270
523
1981
8090
10175
6226
9993
3567
5981
395
6444
5247
9371
125
8000
2546
3691
7528
3398
9464
1403
8197
7580
2820
2157
3489
5218
5388
1249
6375
4786
7538
6702
1733
5359
2090
6975
858
4165
7559
8875
4840
2676
5411
2712
2514
3785
9458
8069
4441
2916
1973
7830
6130
2221
4463
2054
4699
9649
1608
tourism=attraction
101
2045
3218
8547
4972
1181
1049
4414
8962
10055
10224
4509
2619
2180
3512
4732
6666
9069
9612
3979
10291
1784
8471
1097
7269
9473
439
1359
5072
7814
8843
9193
9796
3698
8567
6057
3806
2075
8927
1458
9905
3617
7332
834
2379
2486
7506
206
9958
5568
5949
9592
1004
6621
6979
1654
7778
8351
8777
6288
6977
1014
5119
6022
9749
9866
6541
3352
4323
9442
1863
6091
6554
5508
2152
8598
1615
2516
9495
5136
8677
8291
5265
4462
9728
1309
9840
1593
111
8480
2490
9609
3248
2176
4091
438
8614
5954
4135
8586
8576
7271
tourism=viewpoint
101
8246
5583
2762
4300
2810
2969
7331
6736
7384
3437
2757
6672
139
4476
5809
8810
6504
2610
1984
8229
8453
3011
5703
4839
7553
3270
2751
9097
4824
9584
1440
6495
2992
724
4803
1248
2797
748
1000
678
8612
773
9045
861
2299
9807
8719
534
9852
652
8832
7856
9164
747
2419
1084
8054
4290
132
2888
9843
9312
6697
1074
5977
6342
2297
5289
1623
8620
6870
8855
2422
3354
1266
2002
2070
6641
9387
8393
4457
2795
3889
6348
5519
3491
7780
8062
5457
4096
5975
5274
896
5727
7006
2071
4496
3852
1534
281
1365
tourism=guest_house
101
8252
4172
8623
5511
5919
5231
9182
8119
5143
7438
617
842
613
426
5558
1602
4766
9304
5131
4627
2334
4922
6192
9445
6428
1274
8117
5982
6453
9790
2259
7888
3079
721
2195
8961
7335
3944
10165
8260
5587
7799
4548
2456
2339
6604
740
3308
3610
10005
9516
7382
8198
2680
7053
1043
649
5278
6679
10208
7666
2955
8799
8167
6512
5170
2900
4117
2286
5814
918
2101
6799
5201
10078
10139
4607
4000
9541
420
3093
6479
7046
5873
8450
5967
7265
4278
1616
4472
8496
1141
5657
9379
1001
5591
1373
882
8672
2906
930
tourism=*
101
7348
5659
5745
2893
6087
10000
4258
6294
6429
8743
710
1803
4309
2475
6489
1626
10109
719
5918
5681
5094
1426
2100
6212
6872
7232
4447
8073
8778
1369
1444
10113
3909
8674
6483
3295
3488
6329
5300
7746
4716
4178
7869
7050
9054
4262
6742
4521
4397
7557
5574
954
7282
9276
4911
431
7818
30
7731
2656
2193
7942
6339
553
1425
7882
3134
7055
7277
8669
6891
6264
8686
7168
495
2414
7650
2748
2718
1202
4098
6135
2132
8559
8742
788
4106
4332
2769
3394
10186
2741
5792
2413
2950
1139
10059
5110
1275
708
209