9
cycleway=shared_lane
101
435240964
1103952902
497922568
435240972
343646737
497922579
416716820
474676247
1202110494
410199071
1103952934
297370151
297370152
25620518
128588850
114310707
126580294
343646798
788826704
428215378
299611240
1314227319
26057855
497190531
311888521
412525202
1224763538
430012054
418009751
276935833
480482969
26016423
698816684
480346285
126400687
497317039
428217540
1278758084
1165604041
788743370
1143316692
129792727
792070363
126597343
497317089
473877734
506111720
126539500
112613614
480476927
114313999
402518292
444004631
493669149
128655654
114315558
429542194
374363444
427067705
1236473147
297369929
135825231
495503700
297369947
428050270
297369446
312403814
445439340
112618355
474681718
416385399
135824252
413301124
560408964
314073996
1105984401
285945748
1239645077
1239645082
500009887
111447972
1218948006
430006699
111428013
111459757
124388792
497240505
1198778817
112688580
111459780
128673222
124388812
415754701
424548322
417058275
1223751652
686529004
354912241
257735156
478863352
411835387
share_taxi=*
101
560409093
1243857928
285948427
1216466447
1223751697
751158807
422547996
430284834
135816238
479225907
452682297
114320453
848514117
497690698
501173324
126580303
343646799
480499796
428214872
513931870
414976611
1314227305
560975977
1296455280
1225943154
26016893
138231423
503018112
26015874
428217479
428215434
560976015
133267092
112617113
409114778
428214938
506097312
417153187
1165604009
479226049
474544834
476018885
428208841
1296455373
1296455375
1198805201
424589016
25503966
497181918
1103500518
479297773
475064052
25503994
480476923
128669960
480476936
789704972
135814928
1097379607
1104140055
414952223
497311009
475338021
314027820
299573551
444004656
444011315
444004663
1334148416
480346436
414953303
1161930075
479183720
335983979
126581615
497922928
1207543168
314553222
478903689
311886217
311887241
1223751591
428215720
513920937
430006697
1309301159
25504175
111428025
1264279489
126552516
474541511
1264279502
126552532
1097394644
1209790933
286969308
414953441
409118179
25632228
1263433198
481392114
cycleway=share_busway
101
1223751681
135824905
452518414
1223751695
480348688
90380817
452518418
1254261267
428216344
495570460
452682268
560975904
25620516
428216356
114310692
1243809319
428216363
427277892
343646789
429378649
534476378
112653915
129789018
343634528
560401014
1329449081
1165384319
428215443
480346260
299612833
560976033
480486054
26015923
1185192115
474544821
1198805182
414913215
25632449
1165604034
452577990
1143316692
135827668
473877733
1198805223
312404715
478087417
475573504
114316544
479520002
848505091
848507146
506111762
1165604118
432578841
428217626
475360031
111424803
1097379622
444030249
474546985
444004656
1097379637
429542198
480346424
1236473144
1236467514
133269304
335562045
133269311
473879871
111462213
428215640
445439326
299614560
112599906
497301858
297369444
126542179
126542182
475877750
475719550
417061252
1277686165
25504151
474690461
314549171
497301941
419777463
475413943
424548279
25504183
1216466378
475572181
297880534
478862814
314074594
1290727908
112597480
697477100
1263433209
534478846
route=share_taxi
101
481392128
493669379
424548360
1103952904
431647245
311886862
497310736
663689233
480348690
791709717
280199207
492280362
495570476
497311278
433471536
335739953
135816245
480499766
481410616
429262398
500010047
128580163
475571267
343646793
1185192015
428214874
414976603
414976604
285948522
410370673
312403576
1105954939
285908605
429544577
480319111
112288394
480482954
111465615
428214930
480346260
128668309
495503510
285908631
560405654
111460005
112617139
26015924
128591046
475073747
497922787
111631596
112652012
285948656
497181936
480493300
848507127
501225720
1291504382
137819397
479437575
25504018
497871637
1110698263
789686042
1249809181
428215587
428217637
444004653
492772654
429541679
111509301
128672568
128560441
314075469
475052383
129555296
475550562
506111848
112618347
478100847
480323961
314047355
501252476
480309117
424016771
111448461
446308240
1264279447
1309301158
497922478
444017071
419776439
474789303
500009915
285910465
343646665
1107381207
311886808
314074588
414957020
138196470
amenity=boat_sharing
101
409771021
1254261270
138241052
112652833
422548001
297370149
495570480
343646771
343634490
428215359
428215360
128583750
479435846
311889489
343646802
480499795
343634522
560975986
560401012
135836789
1143318132
114319479
1165603962
311888506
26015866
133267073
429544589
281726607
506097300
428214936
285908638
314074280
112613546
1198805166
128594097
1277620406
112634552
428217018
414913213
503018178
428208837
111479494
128591050
792070355
475716310
503018205
114311903
1314231528
497181931
111631596
432578798
299611375
1252543228
1236467464
1110698255
773982498
25532197
133269293
1267417402
1236473147
297880383
479183169
444004674
297880392
444004680
560978253
427424078
128677725
130075497
408431466
500009838
413301104
299577729
475341704
1278184335
1264279440
497334166
404759959
25504157
299612575
414249888
1244598179
429380523
25504176
314549171
124388789
257735094
497334204
124385736
475791305
343646671
429380562
137831895
497870296
286969311
126625259
126604785
297880050
481392122
481392126
314075647
amenity=car_sharing
101
1243857921
534478850
122491912
475066897
126547490
416375844
428216356
475082788
1234709031
431647273
1103952938
1243809322
492280365
495570480
335739952
473873461
122535992
90380349
479522366
474810942
130075709
479198283
135823950
495570518
1294005339
495570526
478566499
663689329
299611250
112633972
1314227319
474543238
112263308
26015885
285939347
1105954970
112613533
480482981
25632424
480482992
1165604021
497922746
497922754
343634629
26016456
1097379530
1279320267
1110673616
112617170
111479507
112652000
503018222
1236467441
299612405
25507575
506111742
423185152
1110698243
96496392
510791951
114314000
789711123
415406359
1264279319
445439258
475360028
111461663
1143318304
128655651
428217637
444004647
480346409
1110698281
25532205
128581937
428217651
478903615
128569678
560978254
297369936
476019034
475552096
474553709
1207543169
1207555980
424016787
480309149
478861738
111459756
416417200
492269492
126544310
137897932
1106228175
424016848
26122715
297880027
1207544285
125375454
1279341531
25632231
amenity=car_rental
101
478631936
474676248
495570469
428216359
479435815
663689259
430284846
129555503
1334167601
1103952950
1334167610
429378632
343646796
343646800
480499797
1294003286
478863447
478861912
480328293
112664172
475704955
124365947
276932739
276932740
111464581
133267079
411502737
128668306
25632411
314048155
480482974
420807841
789704866
428214951
314074281
504782506
311889582
474544818
492772541
112617151
112617156
114312390
1280037577
26016462
280200404
111506652
497181917
100118751
311887072
1103500521
445041909
25507577
497181946
506111741
299611392
1165604097
506111745
299585284
479437573
475055368
479437576
1296455432
789704972
501225743
479235856
475396375
479520026
773982497
410383145
1290733867
1097379634
414134066
128560449
416063306
473863503
428215649
506111848
314553198
424016771
474797443
497691526
474797448
111448467
1216830873
500009884
1243857830
112580529
257735090
314074035
430006707
96500152
314549177
1103952827
124388799
474789325
124388816
1297709018
343646687
343646698
475564016
497310716
amenity=car_pooling
101
495570437
126397454
1110673436
343646751
495570463
1234709023
285952038
114320429
495570492
1277647420
428215358
314075196
534476352
111505999
126398059
299611252
497690745
480482945
26015874
409083012
311888520
26015882
501142156
112263308
1105954957
430012048
478903446
506097306
478861984
281726636
133267124
299612349
128594110
513921213
1278758082
26016455
513921229
25503952
789709523
497922261
112641245
299594483
497181946
111636736
1291504388
112290052
1249809161
1165604105
128669966
128655630
1264279310
414952207
25507601
480476946
1097379607
128655646
492772642
112588578
111424803
432578851
25532199
276935976
432578858
130214699
1110698283
432578862
299607855
478631730
138205494
479183683
427067727
475052379
411504997
126543210
96497007
428050301
480309121
479412099
335739273
1244598154
314027917
424016787
424029076
335739286
500009891
415754670
1216830894
25504179
285910456
122452414
1223751626
257736651
343646669
497922515
90378716
497311197
297880033
343646698
257735156
111481849
478633469
amenity=bicycle_rental
101
475561987
343646728
495570441
474676245
414120984
26122787
1097394728
1223751721
1097394731
1243809327
128588850
479226935
112595515
495570492
299585609
257736783
112654450
474787960
299611257
133267073
789830274
417060490
25632401
480482968
444026522
412525210
404066463
479512739
343634597
281726636
1165490360
112617146
414913213
789804734
428217023
343634629
478862536
474818250
114310864
987218129
475716310
25503966
1314231526
112613608
1274830061
335740653
414952174
299612408
25503995
474685697
506111747
848505091
444030214
789704970
423185164
1165604111
111467280
1165604115
414952223
1264279335
497922861
299598126
114315568
1216751925
133269309
114315586
510786376
414134091
428050267
432578925
1290243443
416385397
111484790
416385400
1216789880
1097394555
474549120
501142402
1264279434
500009872
428215697
428215703
474690461
311624102
1216830889
475708335
432597953
419776450
414253506
473240005
124385736
415754698
428215755
415754701
137897939
90378710
428216282
26122721
479199203
1223751651
429432812