10
tourism=information
101
495570435
473882628
431647237
493669400
495570457
1254261278
422547999
417998887
416007719
497190439
314046505
481410606
479435828
286969397
1143316537
1334167611
112595515
311624258
299611722
497171021
429378644
137868887
414976601
784545881
343634530
560401003
25632376
128668303
1165603986
560405656
497190553
479226522
286968481
480482986
475715754
513921201
504782514
414952121
1278758077
414913214
1279779530
503018191
429544145
987218130
792070358
503018208
478646516
501225717
299594486
1112148216
478632700
126600958
311887112
96496392
312402712
1249809179
135814943
128560420
475360038
129559334
474546983
299599148
25532212
1334148413
501225803
122445139
412272474
412249450
424016761
479225722
479192968
474385801
114328972
111448461
789695377
1264279453
135820190
428215719
1309301162
697477035
424016813
1279354288
1223751600
122480050
286969786
479183292
111459775
96500160
126404031
1103952835
285910982
412248006
418091975
122452425
112688610
497690597
114323946
1263433202
510745589
257735158
429380602
tourism=hotel
101
335561219
445815817
428216346
1223751712
428216356
663689264
493769265
474798130
135816245
125384248
1097394745
1097394746
122535994
343646784
848514117
387449935
314555989
111486038
1294005342
480482922
129786479
1329449079
1092941943
316511864
417060474
26015870
417060481
1143318149
560976008
1338999945
428214925
26015896
428214937
447867546
133267097
285908640
281726630
1105954992
137994933
112634552
474697405
428217023
26016450
1165604036
473872069
1198805189
26016453
138239684
26016458
126547659
1198805203
792070359
792070361
25503965
501173476
473877734
480493287
112613609
129795307
1110338291
25507574
299611386
111648004
492772621
1165604117
444030233
445439258
312402720
112594223
299612466
1236473142
1279835449
297880382
480476993
510786381
560978263
299614042
500009825
497301862
1207543151
1097394548
480500597
475876237
1293997458
442328981
111428010
335560628
958305719
124388799
1103952835
1108123590
474789323
1223751628
497690571
126552523
1107381200
114312657
478863328
126625255
428216302
481392111
tourism=attraction
101
420776961
1103952900
479183883
422547988
409117207
126547487
475082788
1097394726
1243809319
495570474
343634474
128588844
1243809331
474802746
111463999
495570423
414953543
1108247113
343646796
343646801
474800746
417060459
503018094
1225943155
1165603956
1225943158
474787961
111465606
311888526
478645903
497190546
128674453
133267095
493769375
444026527
314074278
411842220
493769388
26016443
411614908
112613564
114312388
473872070
473872072
26016460
792070358
501173476
480493290
663689451
480346357
126627578
111649548
410770703
510791955
480346389
444030232
1267417379
773982499
130211627
130214703
444011315
133269310
474549073
129549662
500009832
497871216
475555187
474681720
417061240
500009854
474681738
411841932
1097394574
1223751572
500009882
129800102
415754669
497311160
1103952825
1143318458
500009915
112688575
343646659
475572176
126552531
475572179
26122708
435240917
478903767
297369052
135830496
429432805
497334246
1097394662
280200168
475564016
428215793
128669171
138220019
1223751671
1223751674
tourism=viewpoint
101
431647237
285948429
126647309
411644943
560409104
475328014
414120984
1243809310
1097394721
1243857957
25632293
314075175
135816233
497922607
433471540
414953543
497690698
129665123
480482921
784545901
410370673
428217463
124365947
314048124
428214922
429544588
430012046
135822991
285908631
430012058
311887518
474701471
26015923
479183029
112613558
474544829
510772420
1103500487
492772552
789709519
497922261
404765916
435469023
428216032
1296455399
128591079
126627564
1165604080
497317107
126600959
497181956
411019019
299599638
432578838
474780958
429381410
481401124
479412004
480476965
114318632
481401133
128655671
114310461
1097394499
1264279381
1264279383
299614041
1264279393
747467619
500009832
128583030
424016763
276936074
335739277
1264279440
1216830866
479226267
1216830875
1290718626
314549154
25504168
444017065
930155434
111447977
286969778
474789303
424016828
1103952829
257735100
447872456
497690571
415754701
314074588
26122719
429432803
410769898
452682218
126604780
128669171
495570428
840460285
tourism=guest_house
101
416410113
1103952908
480348691
1110673436
111445022
428216351
1234709025
126547489
112589349
1103952950
495570492
495570493
135816255
314536515
429378632
428215369
114310217
387449931
128583757
478633549
493769310
299611241
343646831
428214895
497870961
478633083
311888512
297369729
26015874
475549314
128668292
503018120
299575944
478645903
444026520
114315929
299612831
299612832
506097316
343634597
26015914
1097379498
560976043
343634615
474697404
1278714045
25632445
510772420
26016466
112613588
1278758100
1295575255
475716312
280200409
343634649
506111715
111648488
1198805224
25620743
506111753
128655626
444004619
411029270
312402712
444004634
135814938
312402720
428471589
90381095
130214698
133269298
133269299
475050295
314028345
135825224
510786379
416063308
314075471
560978258
560978259
428050272
475552096
432578916
501252453
413301113
432578945
112675717
497334153
404759959
478929323
444017067
1207539650
429380546
1108123590
126545879
497334235
114323944
280200168
354912241
411835382
297369594
tourism=picnic_site
101
429432832
478631936
281726468
314553861
560409096
497871379
311624220
663689249
335561253
479435815
126547497
431647273
311624242
343646774
473873465
404072505
335739968
429378625
534476358
111505999
1243858000
1198805079
473859168
480482923
479411820
112664172
25632366
493769327
122411124
1329449077
418090109
560401022
1296455303
480482954
135822986
138234001
560976019
96499347
444026520
26016412
1165603997
129554083
26016436
404754613
128591062
445041884
25507554
1165604068
1236467431
401623785
1223740137
112652015
1252543215
1252543227
25503996
114316540
452584702
1291504382
497922821
789711113
319327500
1165604108
1104140053
773982485
416480025
481401116
1249809182
111461666
497186084
497922342
1143316780
299612466
1264279356
335562045
135857474
414136131
475568452
500009822
90379616
495503718
479184232
506111848
126543210
412249449
414134141
497334149
1207555973
1216830855
25504153
500009884
111447966
111447968
1092997542
111447981
497334195
124388790
475737529
26122697
343646705
297880052
495570430
tourism=artwork
101
1243857924
1097394693
475352084
420777496
343646751
343646761
122586155
1110673451
126547502
111486026
114326093
560975954
480499796
343646810
500010079
473859170
480482923
112265324
475329142
479435897
417060476
495503487
276932737
26015874
480482949
1143318149
480482961
311624343
25632411
560976028
1110673568
25632419
133267108
480482991
311889073
429544632
26015932
299613373
112617153
1252543207
126627562
112652012
497317106
138251514
299611387
137819397
506111750
25504010
848507147
444030220
1267417356
1252543249
506111764
497922327
314047258
1110673690
319327517
474683167
1072187169
412508451
475360039
280199467
1236467504
427067696
444004658
445439284
314073914
1334148411
444004672
480494925
479225678
747467609
704799581
479183720
412513643
424016756
413301116
1161778558
493669251
444023177
424029076
1216830872
1218948006
415754666
497185200
1223751605
411066294
286969785
111428026
474541503
1270263239
314074569
479226826
126552528
137897946
497310684
280200166
128577517
90379759
281726447
510745589
tourism=camp_site
101
299574281
111633417
297880076
1296455189
1243857944
420777496
497922595
135816227
299607587
343646761
1243809331
314536499
135816245
1234709046
314536503
479416377
135816255
497171009
427277889
1108247111
534476364
1296455246
1314227294
429378657
480482915
428214895
424079992
299611257
417060476
1296455293
128668291
297369732
287458443
474799757
128668305
479309465
418009754
560405665
1296455333
112617128
480482987
480319161
1198805177
513921213
475873985
474818248
1280037577
479519960
473877734
480493294
1165604087
411014906
126600958
285948670
1110698243
503018246
114314000
428215580
111461666
25449251
480476966
444004649
480476974
414134063
133269296
497922352
137901874
280199472
414134070
114315578
1267417403
135887163
314073918
137851206
475355976
474787665
492301138
135825239
1316963160
428050263
560978266
412249446
126542183
1097394538
500009845
1108076410
311888763
787318152
500009873
444023210
314549165
480309175
415754686
285910465
1097394640
474541520
428215781
475544038
478089195
112688622
297880046
tourism=museum
101
135816214
663689240
311887395
1185191973
474701862
129557542
314046505
473873460
343634488
1223751736
1334167608
480499787
138241616
128571477
299614301
560400990
114310760
560975977
1225943150
1165603953
497690737
428217464
312403583
1223751807
285941889
311888519
430012039
474799758
280199314
430012054
412525208
26016413
479512737
504782511
26016440
128594109
112637635
114313413
343634630
479519950
1277620437
276932825
497871578
429833953
473859811
129792741
138233064
473877737
112613611
497181933
478864113
299590394
137817855
497922817
411029260
114313999
25504017
1249809171
1249809173
479183645
428215584
1143318304
319327522
1249809186
1267417378
432578852
130211625
1264279339
130214700
429541675
444004659
416063311
297369936
432578901
747467609
412513626
475052377
480323933
412249444
1209790968
415335276
413301105
126581621
1264279423
428050315
430006689
135886756
444017068
416417200
474789297
111428025
285910465
111459780
138246606
299610586
534478820
428670442
497869807
299611634
1097394678
128669176
tourism=*
101
473882628
311886864
410542610
1143318547
416716822
343646753
663689265
452682289
416007731
560975931
480499776
114320449
495503425
474810945
428215368
1185192020
513931864
428215385
1223751769
497171033
1294005340
495570536
410370673
479198327
428217466
428215420
1165603971
138231427
111464591
276935834
444026527
420807840
479226021
560405671
495504044
504782511
133267120
1105954997
114310838
137818312
513921226
111479503
111479507
100118741
1314231521
663689443
506111715
414952166
445041906
480495865
299611394
299611395
129553667
1296455432
128655626
425743119
480476946
96499474
506111763
414952222
130211626
128580399
497922866
114315573
137851204
314049866
1097394513
1264279381
424016735
480346464
413301102
126542194
1264279411
138198390
478632831
413301125
114328974
1278184343
25504151
299592090
1278184346
475875746
1104146352
1103952816
1223751604
479235515
135886781
424016831
431654335
475572176
474789328
1097394644
129784803
138219492
697477094
478089195
1216466414
299579890
686529012
257735160
492270079