16
building=warehouse
101
429432832
414905368
1103952921
343646748
299607581
126547487
475352608
111634978
25620516
26057769
354917935
128588848
1234709039
122525235
433471540
286969396
311624256
497171009
452682318
1105966159
493769300
122528348
560400990
114317414
138235495
479411827
114319479
1329449081
311888506
475549315
287458440
480333452
479225996
478903446
560976033
480482992
1185192115
789804730
1278758082
430267079
126394574
25503953
416390867
479519960
112676582
111648490
478208243
311888633
1165604099
114313993
299611403
506111759
848513298
319327511
492772637
1143318304
257736480
444004647
130214697
276935978
475360043
481401139
374363444
114310453
1334148410
479183683
138237776
510786388
1316963160
112599903
1280038249
299611499
299611503
299614580
480323957
311888767
311888774
314073996
424016795
497991069
428217250
430006694
417058220
408432563
257735098
1104146364
418091973
343646662
311887301
435240906
414905297
1103952854
1107381206
1297709019
1097394654
311889376
495570417
686529011
1223751669
429432825
481392127
industrial=warehouse
101
311624195
495570440
478646803
410199072
418198057
343634482
1221804105
416406606
111505999
513931856
1243859031
429378648
497320546
479435888
316511863
503018107
475704959
1165603971
297369739
114309773
122535567
428214930
128668316
493769377
480482980
128583855
138243251
112613557
497991350
128594103
789804730
1296366269
128594110
479522498
1165604040
428208841
503018196
479519960
560409305
497922268
1314231528
492772604
423185149
415408383
411029253
411029254
1252543240
25507598
1267417360
788743446
773982493
111424803
128560419
429542190
480323894
501225787
444004668
444004678
542811471
138237776
314075475
1264279379
560978263
560978264
789690202
128575847
126543207
135824240
418015097
1236467580
497871234
495503753
497871763
430006687
428217250
314549158
111447975
1104146354
335560627
1264279478
96500151
1043000761
314075581
96500157
111459775
432597954
418091973
447872456
312402893
420776909
792643023
495570392
297880042
1097394666
1243857906
297880050
111448569
135822331
478633469
452682238
435240959
landuse=industrial
101
698819588
297880069
479292937
474676243
414905368
497922586
475573788
475352608
311624225
297370149
416410152
286969390
297880635
474810943
126580300
560975948
138241614
513931856
286969943
414976601
493769307
534476384
314047584
429378657
1223751781
114317414
1225943143
129667176
129786476
493769332
495570551
299614329
475704953
128668286
1225943171
1296455305
128587405
495503510
506097307
26016412
124384925
560976033
112617145
503018176
112617154
25632453
100118728
1224763596
112613594
1314231522
1092997347
1092942055
112613611
312404715
25532145
299611379
25507578
25507586
129553667
480495878
1223806728
415406351
429541653
481401110
319327515
428217642
130211630
475353910
480346424
374363449
128623931
480476993
297880390
1097394520
789690202
1097394527
416385393
474553716
416385398
479192968
479183245
1216830862
497871248
480346523
477729698
1216830892
1223751600
1103952827
285910981
1043000780
126549453
343646671
513925588
1243857891
1216466407
126625259
1223751668
126604789
138196470
479236087
1263433204
amenity=loading_dock
101
1279864320
479183873
299607565
1223751700
452682268
428216349
560975902
311624226
343646757
495570476
452682289
560975934
1234709059
111464004
128583747
418094155
534476372
534476383
473849954
414976612
428214885
410370673
114308210
784545910
316511863
475704953
417060476
480328318
1225943167
311888517
428214917
1105954957
111464591
128668309
503018138
112613531
26015904
428214946
478864551
128594097
497310898
26016442
503018170
26015931
112686789
480346311
1103500491
112617166
111479505
1103500500
497922261
473877735
111648488
478864627
112613622
126627582
474546948
425743112
114314002
1110673686
444004631
479520026
444004648
276935981
281726258
133269306
1216751934
137820482
297369930
420446037
137819989
1264279384
126617433
90379614
412513632
312403300
130075494
314553194
1097394548
96497015
424016768
311886215
424548253
1097394592
112619428
96500145
25504180
96500158
1264279487
111459776
130075590
447872455
257736648
534478793
497690571
343646668
611230161
1209790954
1097394673
1263433203
137970173
shop=department_store
101
475406849
1279864321
424593434
135816220
479226915
428216356
343646763
125384236
433471537
122525235
416007732
1334167608
1202110522
433471550
479522367
1243809345
418094155
475081804
497171024
122528343
478861912
122528349
1143318132
429544566
1225943159
418092153
26015870
480328320
129552512
428217477
493769351
133267081
430012041
1097379470
138208399
133267089
430012053
428214935
135823000
281726621
111460003
26015909
25632426
314074286
790021297
25632433
479198386
497317049
128594109
112637638
411018958
1105950420
129792727
560409305
299614426
414952165
478903532
480476925
479437575
479226643
111467285
444030232
257736479
285951777
773982499
1110673701
25532202
481401131
432578860
112599861
444004667
444004670
314049870
435477342
111446371
1280038244
1280038249
1264279406
476019062
480500604
299577729
112591239
428215698
500009878
135886744
1236467624
137993129
280200621
444017069
335560625
1043000754
430006711
257735103
478903237
122452425
1106228175
314074581
1202110433
479309290
428215793
475556854
shop=variety_store
101
1223751681
1097394690
311624195
1103952900
281726468
1296455176
343646736
480348688
416716819
478862869
409117207
1143316503
1110673436
428216349
1254261276
1147307039
280199202
495570479
1110673464
90380348
1234709072
534476372
431647320
534476387
414976612
428215414
26057855
475549314
1092941959
281726604
138208397
25632401
128674454
114310301
404066463
26015904
493769387
314048689
1278758069
1278758071
480319161
473872067
987218126
343634647
480493291
1296455411
1110673655
429433593
506111738
848508668
1264279306
848507146
479225615
1249809171
1223806741
1267417367
432578849
480476965
444004648
428217640
130211626
444030255
481401135
1279835447
128623934
414134093
427067742
90379619
297369446
475116908
126592365
474553711
413301110
96497015
475408774
475341704
497185179
497871261
402016670
415754655
415754659
1279346603
500009903
124388790
286969783
100118459
111428029
111459776
444023237
495570375
428215759
1103952857
314074588
1202110438
495570412
481392111
1097394673
497922547
257735157
534478838
135837695
shop=supermarket
101
416440322
474812438
428216351
1296455203
1296455208
314536490
1097394731
343634482
1110673466
433471546
417998910
500010051
427277892
560975955
497311324
1225943159
111465602
417060489
428214922
560976012
480346260
287458454
506097306
1296455330
492777123
26016421
480482991
128594096
479183029
1097379509
501142199
299612344
497922743
128594112
474729164
343634650
414127327
128591079
506111723
497181935
299594483
1165604095
423185152
1223806723
411029259
444030220
1267417360
1274830098
299612947
1104140052
111461657
510772505
128655649
415406370
129559333
1110698280
428217641
297370410
497922861
429542193
285945657
112594240
137851206
474549070
480323927
958309720
1097394520
475052383
135823200
1108076393
412513644
414134132
138198390
413301118
311888769
424016771
311888776
311886217
1236467594
311886216
500009872
431654293
1278184343
437244823
431654297
112581017
479226267
111428003
111447978
473894834
111428021
111428029
1097394626
474789315
130075590
1297709022
126625247
513920996
1202110438
424548338
257735158
shop=doityourself
101
1097394691
840460298
126397455
1218953233
1223751712
26057762
1305103909
354915365
493769257
1334167594
473873457
122535994
416007742
314075202
299611716
480499785
416406606
500010077
428215391
474800744
129786479
495570548
428214900
417060478
430012031
429544582
411502730
1165603986
480482965
506097308
285908648
513921193
1198770858
513921201
114310839
474552506
425743039
112637638
513921231
1278758096
114310866
497871060
493669078
497922268
497871073
1110673634
493669093
112652006
111648488
479297772
475064054
114316548
312402714
479520029
112594210
114318628
475338021
432578856
444011311
444004657
429541682
479309617
1236467506
475353910
1097394499
420446029
414979918
416063310
128677720
126542173
411504999
413301100
424016758
480500605
413301118
793739645
1216789889
1105984390
1207555977
479226769
428215701
1223751578
1161739676
1239645088
26122668
1043000754
314074036
444023221
25504182
96500151
96500158
474728387
480309199
112590296
1103952857
25632224
135830502
475354600
481392114
1263433204
481392121
shop=convenience
101
560409096
479226891
343646746
1254261278
560975904
417998887
135816236
122432560
473873458
663689269
431647290
111452218
130075708
311624253
480499775
311624258
416406600
387449931
135823948
424013918
314047583
1294005342
138220134
560975983
479226488
495503487
133267077
1317539974
133267079
503018120
135822989
560405653
409114776
26016414
314074283
474552495
501142193
299613373
430267082
314074321
789709521
257736401
414127319
497310951
335740653
501225720
1165604094
444004616
126617352
444004626
497871638
1249809175
414952218
135814938
479520026
25449245
414952220
474780956
444030241
319327522
1110698273
423185194
130211630
475549497
480323901
475355976
297369929
475405130
480323936
414134115
445439340
96497006
111484789
128583033
1216789886
474681734
784475024
428215699
1223751572
476019092
497310618
111447978
25504174
111428015
513925553
96500152
100118457
497690552
138206144
497690560
497690562
1264279491
111459776
286968789
126545879
1238507993
112597480
114323948
128669170
297880052
1279864318
shop=clothes
101
495570462
343646755
114310692
497870374
495570474
560975918
343646772
130075701
474802745
138230332
560975935
111464006
418094158
126580303
428215388
479235681
560975977
129667180
560401007
129786479
312403569
1329449081
422548097
311888520
129777800
133267080
114309768
128617100
428215432
430012046
111465615
560405652
128674454
1143318166
299584664
428214936
276935835
314048155
25632417
698816685
1254249651
299608246
1254249664
428208839
128657098
473872075
126554316
112266450
416355034
474699483
958308578
25507577
285950201
848507129
414952188
129553665
1252543236
128586501
114313988
111450384
478861586
1252543251
479520021
1110698267
1264279327
428471588
475338021
25532207
114315580
25532222
416063311
137819989
474787670
479185253
1108076391
314553198
135824240
126638962
112675712
478929289
428050315
414249877
112619424
1097394601
1309301162
1097394624
1043000770
26122697
1223751627
311889358
474789333
297880534
497311197
276935646
25632228
343646697
501252596
479235576
135822331
314041342
495503871
shop=hardware
101
135822336
495570436
311624220
495503905
493769257
560975921
478631992
474802745
1092941880
495570495
479435842
343646791
480346186
497922636
560975949
560975950
513931856
427277906
560975955
479435858
1294005333
534476375
495570521
1294005342
314047584
285948515
560975973
560401003
479435892
428215413
312403574
311888510
111464581
493769351
493769353
501142156
475347093
480486041
480486043
133267099
311887523
503018158
114311354
1105955010
428217539
475561161
406362828
25503962
503018205
497317086
503018210
1252543208
1143318255
495504112
135814914
128655627
411029268
111467284
479520023
773982489
25532189
128655648
444004649
429542191
1236473146
501225787
114315580
1334148415
475050306
414136131
497301843
297369945
474794846
312403817
128575853
474553715
299583353
500009860
414134163
1216466336
111447970
1161778597
435240876
478903215
1043000757
285910462
1202110402
501252546
418091977
497690569
114312651
611230161
137831895
497187293
1216466398
429380581
686529000
135830505
129795567
475404275
414120957
shop=furniture
101
495503880
480348691
112597525
135816220
480348703
481410594
26057774
497311290
480499770
130075712
429205569
114320453
497690698
414976595
493769302
500010078
428215391
1223751781
114317414
429544558
493769327
475704957
343634558
560401021
424080000
429544580
1105954955
428214925
1165603989
112593054
698816672
493769377
428214949
100118693
285908652
128594096
474552508
503018173
343634624
111479498
1103500491
474818250
425725648
1278758098
299614420
416390869
435469023
1165604068
475064052
25503994
452584702
112640768
497922817
1223806722
479437576
414952204
479520013
510791951
479520025
1110698267
497311009
130211624
299610928
444004659
135887160
314073914
1334148418
444004683
314075467
126401368
312403811
112591715
412249445
1105984360
403124585
474553712
500009844
475877750
479412088
497922937
135824252
112591235
493669252
787318149
112675717
444023177
446308238
335739280
25504157
137994655
416417201
1104146364
128673223
343646672
1103952851
137831896
276935649
1240383977
420776945
452583933
452682238
shop=electronics
101
478863873
129550851
1254261262
422547985
478633490
474676247
420777496
129558556
343646750
475352608
497190442
473873460
433471545
299584068
497171016
1294003287
1243859031
343634526
1223751778
480482915
1198805098
428214892
428215413
1314227317
111465591
26015879
1296455303
1110673549
1198805135
112288399
506097304
1165603994
1296455333
492308646
25632423
409771176
408436397
1198805182
26015938
1165604043
1296455373
299586767
1296455377
414127320
445041886
25507559
474800360
25507566
25532146
299594483
497181940
111636731
848508668
789711112
1264279306
128655627
493669138
1264279316
429541655
428215576
476018972
412508448
1110698273
428217634
285951777
444004644
1267417381
501173544
374363444
473874237
285951310
1097394513
704799583
475116899
111503715
1280038244
1280038248
1290243438
501252465
1216789882
410560904
428216715
1097394572
335739280
1239645080
1097394586
475568044
1216830903
1103952829
1264279487
1216466378
126552528
497870801
26122707
138234852
1103952871
424548328
343646700
353290224
111481849
411835390
shop=mobile_phone
101
481392128
311624197
445815814
111633417
435240969
452682265
281726494
281726495
311624224
1243857955
314075690
479189548
560975925
1243857976
475354682
479416380
111619645
848514117
475081804
478633549
343634517
428214871
285948515
428214885
26016895
1329449089
475568776
297369739
128587405
475335823
114309777
480482961
428215441
506097304
26015900
138218140
560405665
495504038
479512752
112637635
1296455370
114310860
114310862
111479504
416390868
343634646
1092997350
478645996
25507565
497317102
111648502
429433591
506111747
789711112
414952200
128655625
111467281
1249809174
445439255
480476955
299604253
474683167
444004655
1236467506
428217652
1236473140
114315573
444004665
297880380
135857470
432578879
126542176
128564070
497301871
299612546
474698118
428216714
424029086
435240876
96500149
25504183
420776895
419777471
444023235
124388804
312403912
497690571
415754700
428215760
112688604
1297709021
1143317468
126625248
1216466401
1161739747
314074598
417058278
424548328
314075626
429432818
126606845
shop=shoes
101
135824906
1103952907
479226382
410199067
452682277
1243857957
26057767
409546280
560975909
1334167598
135823924
1296455230
497311296
429378628
128583750
560975943
428215368
1223751753
416406610
416406612
784545881
513931865
497871453
493769312
560975982
428215409
475329138
1165603955
475704959
428214919
299575943
135822986
1097379467
503018126
1105954959
297369744
480319123
428214931
124384921
276935835
493769375
1296455327
513921184
479226021
26015921
335560381
112613581
1105950414
1097379534
299586768
1280037583
1278758098
1165604051
1165604049
789709526
792070364
479411938
114311906
25507558
1198805222
401623786
497181931
112652017
497181941
1252543228
493669138
425743124
257735445
411029271
374363421
444004645
444004646
1236467514
475568452
297369930
428215629
500009815
478864232
416385392
1264279425
1110260622
1239645080
497991069
1097394590
428217250
26016164
1103952810
478632897
497690566
1103952838
1343998920
1243857875
137897946
276935650
479199203
452682212
128577510
1103952873
411835384
429432827
492270079
shop=alcohol
101
122434048
297880577
1097394695
1216466447
1218953233
431647254
314041366
416716831
430284831
497871391
428216356
416410150
1305103910
475082792
1223751723
343646782
560975938
114320455
495570504
788826695
497690698
1221804112
480482915
114310757
428214887
312403576
1209593469
311888514
133267079
1165603976
1198805130
495504016
114309778
299612833
25632421
285908648
480482986
492777130
480486064
1105955001
100118717
126402750
114312389
297369285
111479502
1165604055
1165604056
112613595
1207554268
129792739
1198805226
1329505517
478087407
503018239
506111745
111636738
475354371
314028302
411029267
312402712
1264279327
480476959
497186082
432589605
112594223
311886643
111444802
444004677
335561055
500009828
1108076391
412513644
126581614
497870704
285945203
475073406
417061246
497922435
299612557
135886744
129676697
479185312
135826853
1309301162
25504174
408432565
1224758714
419777471
124388805
1343998920
1243857873
497690578
26122707
126545878
416011736
1243857887
417058278
1279795690
112688621
497176047
90379759