8
amenity=school
101
135824900
840460293
497690631
314553872
299607569
474676241
1254261267
1103952922
411834915
493769265
125384242
335739953
1243809331
286969393
495570490
418094153
497171024
534476371
480499797
475571801
122528351
129665124
429378663
495570431
137982073
1198805126
913164431
280199314
560976023
480486041
112617113
1110673564
1165604003
560976041
299599024
128594099
789804737
100118728
414127321
112641245
25507559
126539508
789774090
848507146
478928659
479520020
497871637
428217626
429541658
480476955
478100766
475080479
128560415
111424803
374363428
1236473144
480476985
114310459
133269312
112594240
297880388
501225800
414134090
416063309
428215648
413301105
138243957
497870717
480346499
1264279430
311887238
428050319
501252495
476019091
25504147
1143318424
112581021
135826849
479226277
415754663
492269491
257735092
419776439
286969783
435759032
112688570
96500160
480309195
1097394637
137897937
25620947
435240917
314074583
137897946
1238507995
1297709024
1097394666
424548335
343646706
429380596
297880575
building=school
101
311624195
112597528
495570462
479191589
1305103909
417998906
343634495
125384256
429378625
126580296
1221804110
784545874
495570515
480482915
414976621
503018094
343634545
428214907
495503487
124365951
1225943167
1209593474
26015872
428214916
126583942
493769350
287458440
138208397
128674454
416885399
26015896
418009755
112613533
285908638
479512752
112613559
128594107
128594110
26015937
299614401
114313419
475724493
26016461
100118743
414127321
1092997347
473859812
478862570
112613610
478864627
299594484
503018236
480476925
114316543
480495875
789711112
789704972
257735447
493669144
475394841
429381409
428215592
1143316780
1296455469
432578863
475338033
285945657
1236473149
1097394501
111462218
560978255
135825232
1097394511
137994583
128677722
501252447
126542186
497870717
413301120
417061252
478903178
430006687
135886760
1223751592
1143317932
444017069
501252536
314075579
314549179
96500159
478862788
418091977
414905295
26122718
138219492
126625253
1263433199
478646767
497176049
452682225
1103952891
amenity=driving_school
101
480348672
560409096
479226894
311886863
416716818
1110673428
500010011
1243857948
414120991
137993249
138240033
433471541
286969400
429262400
418094152
299585609
112289355
1296455244
1296455246
129795158
114317400
479435868
560400991
1198805090
129786479
422548089
1165384319
503018112
475549318
430012038
285908631
138218138
430012058
285908640
428214949
285908648
493769390
1296455342
501173430
428217018
335560381
560409287
1110673617
299614420
789709526
475358425
497181923
114322160
299611381
479297783
475055363
497181956
414952197
96496392
432578827
444030224
1072187153
444004628
129679647
475360037
478861609
280199468
133269298
432535347
480476983
285945657
114315580
114310464
1097394499
135825224
135825228
135825230
299614560
299614580
474549109
416385402
474549115
787318152
285910929
475875752
428215724
112688575
126552518
478929351
122452425
474541515
126549453
792643028
285910998
285911000
1216466401
424548325
428670442
90379759
354912241
128669172
343646709
698819574
424016887
1110673403
1223751677
school=*
101
297880069
112597525
414905368
343646746
112652831
418091555
311889445
111463992
111508026
111619646
534476351
343646786
404072516
1143316554
112291402
1223751760
128597080
343634522
314047586
480482924
112664172
1198805109
1225943158
474799742
114309767
428214922
480482958
111415443
281726622
497871010
343634597
480482984
428214957
473878705
1185192115
128594102
126646458
1278758081
479519944
1280037577
112617163
112613581
112617166
447883474
280200410
404765916
418191595
1236467439
137896691
493669111
479297791
25507585
1110673666
848505091
114316551
111450385
111467287
1249809175
319327514
481401114
475360035
444004646
1274830124
25532206
314042672
128560439
128672573
432578879
414142278
314075467
137994583
500009818
704799580
497301854
479226734
480346500
285910930
789695393
297880483
1103952810
1236467627
478927788
1202110381
1223751600
415754681
335740866
112688584
1107381195
314074576
534478808
1243857891
534478820
299610599
1103952872
1279341549
497334254
1243857905
1263433204
495570423
411835389
411835391
amenity=music_school
101
1279864321
435240969
492269068
416716818
114310687
280199200
416007716
1243809319
1103952937
314075690
257736755
480499776
429262401
1234709059
135823940
135823950
137996370
534476371
111506004
314555992
314074712
475571801
495570528
479235681
560975983
25632368
429544565
137982073
343634556
312403581
111465602
474677899
418009751
418009753
480486044
133267104
25632419
285908646
480486055
25632432
404754609
475715762
111634613
1105954997
343634615
311889597
126554310
1165604041
112686794
987218129
280200404
475716310
497317086
475766513
478646519
478087417
506111738
126539521
479520017
1072187155
415406356
1104140056
773982492
475360038
1097394680
128560426
444030255
135825226
420446030
137994581
474549081
412513629
480346464
129555296
428215648
474794853
96497007
500009840
474681722
112675712
415754655
415754659
500009891
1161778597
135826855
112590248
1264279471
477729714
473849271
497690571
137831884
495570380
1209790933
314074581
560409062
135830503
428670447
297880052
495570422
429432824
297369594
amenity=language_school
101
311888920
1216466457
311624220
410199070
430284833
663689259
122432556
433471543
335561787
493769285
560975943
1234709066
788826702
534476371
111486035
128571479
311886935
497171033
114317405
428215406
1225943154
128668279
316511865
480328321
560976005
493769351
126580884
128674454
560976023
428214935
479512735
1165604004
299604137
1110673577
112617139
478903477
25632444
128591046
112686793
428208841
1279311051
128657098
1097379538
1198805224
497317099
1252543215
335560440
1277620482
25507587
299611394
474685700
506111755
25504013
444030225
480476947
111503635
129679647
474546977
297880374
285945659
280197437
1216751934
411504967
411504969
111462218
416063307
297369940
420446037
476019034
314553187
60795247
1207543151
299614066
114328962
311886218
789695377
442328977
428215698
501252500
1216830869
497240498
497240502
124388790
314075577
111459769
111459778
497334212
1223751622
474541520
428216280
137831896
299610588
497334239
135830498
428215784
138220017
280197618
495570417
128669172
281726451
474694139
amenity=dancing_school
101
497870856
1223751695
137882131
493669412
478821940
481410618
1143318589
534476354
480499780
418094152
111486026
1243857995
1221804110
1234709071
480346193
788826712
475571801
497171033
414976604
408438890
480328299
480328304
424079989
343646840
428215419
503018112
428214914
128668293
475568776
133267091
286970025
479512749
299612343
26015930
285967547
789804732
26016444
112613566
25632453
430267079
428208842
128657101
111479502
792070353
1110673617
495503571
429833942
112613597
1314231529
1223740137
114316548
129779462
444004616
414952207
1274830098
1249809181
412508448
497922338
444004645
1110673701
475573543
1267417387
432578859
281726256
111509301
480476982
1106006327
138205497
128560443
510786377
412753749
128677725
335561055
474794853
126581616
1291504499
500009854
787318147
787318152
1207555977
402007436
444023180
789695377
25504154
477729698
480309155
111428006
1103952810
415754673
412247991
473849274
138206144
280200644
137831881
126552522
474728395
126625248
126604783
281726452
686529014
495570431
amenity=ski_school
101
480348685
475328014
1296455182
974882842
416716829
430284836
311889445
314046505
1243809327
128588850
663689266
111486035
475571803
424013918
1223751780
128668279
497922684
428214917
129777802
112288397
428214925
560976019
480482971
412525214
473890464
417153187
480319144
480486059
133267119
790021298
1165604019
25632438
1165604024
100118717
26016452
25503940
112617159
1165604042
112617165
497317074
114310866
112652000
1165604065
25507553
497317099
299611381
137959671
25503993
111636730
285948670
1267417347
1072187139
128655633
480476951
1110673690
474800927
1110698272
1110698278
444030247
475360043
452579122
423185205
444011321
1334148411
114315586
475355976
135825224
416063306
137982795
299598676
126617428
479235924
560978267
112591715
128564070
474549120
1207555980
497185179
430006689
1216830889
137967018
299612591
415398835
314075577
111428029
420776894
497690562
497991625
1296360907
1264279500
343646669
1106228175
429380559
285944799
1143317472
343646695
1165383655
410769897
497334254
476009975
1223751674