4
healthcare=*
101
26122789
135823921
114320434
495570487
128583736
788826682
343646780
428215357
1221804094
111463999
497171009
704799813
299610698
114326093
429378638
111506000
480499795
122528346
299614300
497190493
500010077
126597726
473859168
501173346
560400994
473849954
343634539
784545901
25632365
1329449083
428215426
276932739
409083012
428217480
133267091
444026518
299612831
560976033
479411875
100118695
560976041
480486058
1296455342
111830200
411614908
1165604034
1278758083
299610820
26016454
111479494
503018183
452577993
111479509
100118741
414127322
480335585
497181931
25532145
480495864
114316541
478632189
506111751
411029257
299611403
96499473
1110673682
1072187153
475573523
497871637
474682647
474780953
414952218
126401819
475080479
1264279331
480346405
1264279340
280199469
25532209
510786388
478646113
130075495
126543210
413301114
1207555973
474698118
479226277
112263597
96500147
335560628
257735098
477729729
435240898
497690570
311887306
314074573
414905295
26122705
1107381207
126545879
25632231
healthcare:speciality=*
101
479435801
128616477
311624225
560975907
495570471
416410152
280199207
479435839
429262400
497690689
314040896
428215366
135823946
416406604
1092997198
416406611
311886935
495570521
129665117
513931872
495570546
1165603958
428217465
312403579
1329449087
276932743
1143317642
493769356
411502735
128668304
418009753
560976026
560976028
480482975
26016416
26016429
1165604017
1185192115
1188176567
1165604027
513921213
428217535
112617154
1198805189
452577990
1187434187
299586765
987218126
1103500500
475716310
276932824
1165604058
1103500513
1103500515
478208227
506111720
299611375
335740662
848507127
478646519
411014903
25507585
114316550
1249809166
444030223
96499474
128655634
414952211
510772500
474800927
111632672
501142309
1097379622
480476985
128672573
299610446
126617431
1279864317
497310577
114328954
493669251
137888646
1105984401
414249887
1216466342
111428006
435240873
137993129
415754678
285910456
26122687
412248004
343646669
138239471
475564016
686529010
686529014
495570423
479235576
257735162
476009981
health_facility:type=*
101
1108123650
497187330
698819589
416410137
126547489
495503905
286969387
479225907
335739964
299584061
479416380
497922633
387449935
1278190164
513931869
125366367
500010079
1209593445
429378663
112265320
135836789
428215416
418090108
287458431
428214921
96499347
475347093
428214938
285908652
493769388
128594097
311889074
474552505
114313414
128657096
474818250
1280037581
1165604056
792070361
789709529
479297762
473874153
25503993
479520005
1329505031
670725386
135814928
444030224
428215573
501225749
1104140055
501225754
415406371
1267417381
474546983
432578861
481401135
133269296
335562042
297880382
497301822
479192415
126581608
414977897
415335276
500009839
112618356
25504123
1207543170
299613571
114328969
311887242
135820176
285910932
404759959
112581021
1218948002
129800102
415754662
25504168
1103952808
1108123561
474541483
475568044
500009897
111447984
415754675
408432568
111428026
125375424
497301952
424548289
444023236
122452427
428215756
285910994
429380565
314074591
137994720
475564016
353290232
healthcare=dentist
101
479226885
281726470
497922579
497311253
495570457
314075673
343646747
560409117
1234709021
335561262
26057774
343646771
493769278
497171006
135823942
411506246
1108247113
343634510
129665109
495570518
25620570
475571803
414976604
791709788
495570547
409972857
311888511
1224763522
1165603971
1296455301
299599501
26015892
1097379477
480486041
26015898
410546849
503018146
285908643
311887526
480482984
299604137
479411888
1185192115
100118711
126402748
343634623
114313417
111479504
429432824
1110673630
478208227
1252543206
1165604074
478864627
114322163
429433591
25507578
789711106
135814916
114316551
425743124
414952216
314047258
1110698267
428217631
1249809184
1097379622
479309617
133269315
560978261
1143316827
130075499
413301105
413301106
114310515
474553715
424016758
417061246
475341701
474681734
428216714
475341706
500009867
442328984
479225779
111428020
129692090
1264279491
1223751630
137897934
137897939
90378710
428216281
26122714
478631902
1216466398
1103952865
497176044
1103952887
1097394680
840460285