9
amenity=bank
101
1223751681
435240964
497922579
409117206
497190439
343646762
500010036
479416374
1202110522
343646780
111464003
492269124
314536515
479293008
1225943122
429378649
129665121
114317413
474691694
474677888
480482945
128668291
1092941956
299575943
285908616
428215432
281726605
26015902
474677919
281726624
480486049
1198770858
25632426
26016435
475561161
128573643
792070353
1278758100
128591072
1314231524
126410482
299611381
497181955
135814918
444004619
128655627
111467277
501173523
111467284
96499475
773982486
480476958
257736479
415406369
114318630
114318632
1290733867
480476975
114315571
112599861
114310466
314049861
475050311
444004681
510786377
297369932
128677718
497301848
428050276
475550564
1097394534
1216789883
479184251
475341697
314553224
495503753
276936075
430006683
25504166
25504168
257735088
560409011
420776895
412248004
473240006
418091975
497311177
418091979
122452427
138246607
343646675
1232608730
126625253
128577510
280200167
297880042
112688622
475404275
353290233
1279864317
560409086
barrier=hedge_bank
101
698819585
126397455
475573786
445815840
418091554
26122789
416716839
495570484
114310712
1334167609
314536517
497171020
114320463
534476372
480499797
495570521
534476383
1108123743
495570527
1223751786
497871467
1225943148
479411820
428214890
343646831
497871477
480482933
26015868
428217470
1296455299
480482954
501142156
479225996
111465615
560976023
126581915
26015906
112613558
343634615
1278714045
126402749
26015935
100118724
452577993
430267082
1103500491
1105950411
789709522
497871571
414952154
478632156
663689451
478646519
135814910
1277620479
1165604100
747478280
480495881
411029260
444004621
128669964
128655637
1264279319
1249809181
319327517
299604253
475573536
1264279325
128560423
1274830123
444004659
314073919
314075475
475550561
1097394531
314553194
475116908
1244598154
135820184
442328986
435240867
112619428
1264279461
1143317932
100118446
475708335
480309166
492269491
497334204
1202110402
478929351
297880010
257736651
792643023
429380562
314074579
1238507993
90378716
286969308
126625248
1263433204
amenity=financial_advice
101
1108123650
311624197
422547988
431365141
111445022
416007716
418198057
343646762
431647273
493769262
114310705
311624242
663689269
560975925
560975929
128583739
111463995
479522366
343634508
114326092
480331369
475704955
428214908
429544573
1225943167
1223751807
429544575
417060480
276932741
1110673556
299608221
1198805150
480482982
112617128
133267113
129552045
474552497
26015921
474544824
1277625534
435468997
112617163
411616468
112613595
506111719
299611375
478646516
478208248
478632189
1223806730
497922320
111450385
129679647
1249809185
411019044
319327526
128655656
444030250
1143316780
1309181741
25532204
481401135
133269294
475394871
133269311
1143317316
414134085
138213191
314075469
427424078
297369942
1264279385
128677722
112618343
413301104
112618356
478903672
114328969
474559375
500009872
1216830872
129676697
478903215
415398835
314075577
1103952838
126552524
1107381197
497922510
26122718
25632228
1223751654
299610599
428215790
137881583
297880052
478862836
1223751671
663689210
698819580
1279864319
amenity=atm
101
1295560716
1254261262
1218953234
114310686
111445022
1202110497
416410145
416007716
1234709039
114310705
1143317042
130075701
135823926
314074689
111464003
111464004
343646797
314074702
314074704
429378647
495570521
478646367
492273248
513931874
428214899
475704957
343634562
497190531
311888515
129777800
430012046
135822993
480482962
418009751
343634591
428214944
299612832
26015908
133267110
1105954992
114310835
1243859128
428217018
1185192124
497317054
343634629
452577990
1279320266
474818251
1105950411
1103500494
1296455375
503018200
111481561
112624346
663689443
1252543206
432578810
415408381
128586496
25507585
25507589
25504010
414952217
432578849
429381414
480346406
1290733867
285945657
478903615
500009832
135824234
445439340
413301106
1236467593
789695377
428215702
1207545753
1216830877
497185183
1202110373
560409001
415754665
415754670
111459764
478632886
111428023
497690556
1097394630
412248011
497922510
414905295
126549457
1223751639
1103952856
1209790937
497334239
1263433198
1223751666
128669170
435240959
office=tax_advisor
101
435240970
422547985
479225876
416410137
474676249
1143317532
497922598
285967914
416007724
299597869
126547502
135816246
1097394743
431647288
299583544
481410616
129674304
848514113
428215362
111486028
1234709076
343634517
1225943124
286969943
129665121
497690735
480328304
25632367
138196594
299611250
25632372
428217466
560401018
428214908
417060481
475549313
428214921
479198346
480482955
26016413
444026528
560405673
790021291
126400685
774051018
112617168
497922261
1295575256
343634650
1165604065
473859811
506111716
497181941
452584699
492772604
25503999
789704967
444004617
415406351
1347629839
478861586
1072187158
415406359
1165604119
1264279319
444004646
444030247
444004649
480346409
432535339
444030252
1309181741
428217641
444004656
480476978
112594240
478864197
1097394515
474787672
412249444
497922928
312403827
111448462
415754655
1309301161
25504171
477729714
411066295
25504183
138206145
124388804
280200644
1209790922
1223751631
429380562
311889364
792643032
475054556
560409056
429432812
285950964
government=audit
101
431615494
492269066
1216466444
475328014
480348688
479183377
478633490
285910556
135816223
479226915
1234709027
129557542
416007719
560975910
1334167600
343646769
493769282
111464006
416406607
1294003287
560975961
429378651
495570526
1223751781
129667175
135836789
475704953
1329449082
111465599
285908607
276932737
560409219
429544585
343634570
417060489
480482965
560405667
1165604021
25632449
137955522
497922754
510772427
114310863
425725648
497922772
299614426
111481563
474699484
129792735
1110673634
492777193
299611881
401623785
497317106
497317107
112613623
503018236
1296455429
128655622
480476936
479437579
111649548
444030222
111467285
1104140057
412508448
126402849
1249809186
479226659
412508453
1165604136
133269288
428217641
138205495
480476988
297369933
474549075
314553175
474787672
500009818
1264279389
335983979
474681711
416385399
311888769
1207555973
114328972
414249871
126582697
435240876
335560627
495503801
417298878
432597954
311889376
112688608
414953441
135830500
343646696
428216310
686529015
shop=money_lender
101
495570434
495570444
479226894
1223751695
474676250
135816220
422547999
135816223
1243857959
417034279
126547500
560975916
129555503
473873460
474810945
560975938
1092997200
560975962
112653915
534476383
480482915
1198805096
112265322
1198805109
429544566
663689334
478903418
497922684
1209593469
299583103
497922691
1296455301
111630982
343634578
430012050
428215444
428214933
276935835
444026528
1097379494
26015918
25632432
1188176569
479411901
314046654
1103500494
1278758097
789709522
1278758098
414127328
479297761
414952170
299613431
299611383
480495869
497922814
1252543231
1097379586
848505091
1072187139
114313997
1110673682
478646555
133269291
1165604142
111430447
299612466
133269301
128655671
475050297
114310466
480494928
412753749
478100841
432578930
135824242
1161778546
128583030
410690424
312403323
497870717
1216830866
111449499
112581022
128650147
138252202
111428014
25504180
286969786
429432773
126552523
698593228
474728398
26122703
126552531
1243857876
435240917
513936347
417058287
128669173
411835389
amenity=money_transfer
101
1216466439
497190392
513921037
475328017
791709717
1097394710
112652825
129530914
112597541
1223751717
354917933
126547502
125384238
114320432
416007731
128588853
429262398
114320452
479198283
111486028
286969938
414976599
428215393
1329505384
408438888
1111353960
1225943150
475704955
424080000
422548097
1092941959
428215434
1097379469
133267086
26015889
276935832
114309785
276935834
285908652
790021298
26015922
112617157
343634631
492772552
1279320267
114310862
506111718
497310951
506111723
501142252
299580145
480493300
126539509
478087417
497922809
1108285691
25504006
444004618
135814930
1092997394
111467286
112588576
474682657
412508453
1329505574
428215590
475050303
133269312
478864197
542811466
126401370
435477343
135823200
411504995
497310577
424016763
417061246
474385800
444023177
1110260622
1207545743
431654290
135826849
1216466345
478861738
111428019
475737526
473849272
1108123577
500009915
1104146364
474541502
501225920
418091981
138219492
112552939
126604781
297880046
281726448
138196470
128669176
shop=moneylender
101
478631936
479236102
299607569
1097394712
452682268
297370158
500010030
286969392
1221804092
114320452
411506246
128583750
343646791
1221804105
495570515
286969940
495570520
129789017
114317414
1329449074
112641653
480328309
479198327
475704961
276932744
311888521
455341194
135822986
297369739
114310299
133267101
111460002
286970024
501142189
26016429
789804730
128594106
25632447
25632450
1296455368
497922268
1097379550
112652003
473877735
1110338291
506111733
497181943
25507577
137819394
1165604100
1223806724
506111748
789704967
444004618
128669966
415406351
506111760
1165604117
135814934
1104140056
479520025
773982492
1110698269
444004639
428217636
1110673706
480476977
128560439
280197437
285951310
480494928
500009820
1264279389
111429986
1207543151
1316979571
1279831937
479412110
497870739
431654297
442328985
428215707
111447975
314074035
111428020
497240505
958305723
276932539
314075582
96500159
424016831
137831894
297880027
410769897
481392110
353290223
424016880
281726449
475404277
493669371
297880575