6
vending=parcel_mail_in
101
411835393
534478850
492270084
314041366
420777494
416410137
411834913
560975909
1234709030
1334167598
125384240
26057776
114310710
335739968
414953543
1234709064
314074697
314074695
534476360
286969943
428215385
414976611
560975976
479411820
497190508
410370674
428215411
479226488
1329449083
430012029
112580224
428214916
111465606
128668297
474799754
409114770
26015899
444026524
133267114
111830200
25632448
1296455375
497922265
112651999
1296455395
1252543215
848508668
137903870
1264279295
137817855
25503998
503018239
414956296
25507592
96496392
510772491
480476942
111450386
1104140055
414952217
478087449
478862116
1143317285
1110698283
480323884
444011311
1236473138
135887156
128560441
1216751934
1097394511
478861656
474787672
475052379
126542174
1264279391
257736544
311886689
413301099
413301104
480309117
431654283
114328975
126635921
135826855
500009901
415398830
299611055
1223751607
474789304
431654337
1207539650
122549700
1243857868
428215758
497334229
1103952854
1097394647
417058275
431647219
686529015
amenity=post_box
101
497690624
698819584
311624204
475328014
311886862
343634456
1243857948
297370149
1243857957
495570475
1277647404
480499763
495570491
299584061
497171006
480499779
343634510
560975956
343634537
428215913
497870961
129548929
475549317
430012038
1105954950
430012042
480482955
25632398
287458449
560405653
560976024
281726622
276935848
480482985
285908653
114310833
114310834
414952117
26015930
112617159
475073747
475716312
435469023
478208227
1165604073
1329505517
25620717
1110673647
1165604080
111636736
1296455425
25507587
1267417356
111450382
444030223
432578836
479520023
429381408
480346404
428217637
444030249
480323901
114310466
114310467
135857475
1097394510
314075470
704799581
128564071
478100847
314553200
96497008
475877750
474797437
424016768
314044811
442328976
414249879
1239645082
111447980
958305721
480309179
415398844
1043000770
473240007
497690576
611230161
125375442
137897940
112688602
495570405
114323943
473882089
497176047
1263433200
299611634
698819571
343646706
126604789
111481849
501252606
amenity=post_office
101
493669379
1295560715
452518414
422547991
422547996
431647266
416375846
1296455208
1110673449
418094121
1202110522
428215354
429262400
480346186
412246604
497320541
129665120
560401000
428215408
429544564
418092153
475704959
1317539974
114309767
128668299
26016908
128587405
506097294
26015887
412525202
128668311
428214937
474701471
497922726
560405670
314074285
25620653
114311354
503018176
1110673601
495504068
1280037581
792070351
1097379536
112624344
789709529
503018207
25532144
480493300
480476942
425743124
1104140052
319327511
444004632
1110698268
444030240
773982498
1267417380
114318630
501225766
133269294
429542191
137901873
299610936
444004665
128672573
111462213
444004683
475405136
497922385
1316963161
435477343
311886689
314075490
1207543139
492306277
126542182
1280038249
428050282
474681709
475877749
474797441
299592090
428215719
417058220
126544304
111459764
415754676
415754678
475737526
414954428
124388796
125375444
26122712
475054556
1223751649
1103952869
1263433190
353290224
444041716
135837694
post_box:type=*
101
478863873
987217411
129558556
1243809310
428216351
1305103906
1243857959
1097394729
497922607
492280368
430284853
788826684
416007741
479435839
497690693
534476360
497922633
792643152
122528346
493769307
534476381
474691694
428214911
409083012
428215440
480482962
133267091
96499347
128587416
560405660
420807841
480482981
479512743
479512745
404754609
474544821
1092942008
1165604027
112613564
126402750
128573633
112617159
26016459
1097379531
314074317
492772566
497181913
128591066
475358426
497181917
126597343
473859813
1198805223
411014376
126409966
1236467439
1236467441
497317106
480476935
25507598
1347629839
299612947
479520021
773982493
428471585
415406371
25532204
299598641
1267417402
423185216
297369929
130075493
428215655
312403817
497301871
497870704
413301113
1108076410
474797441
478212481
286969224
428215701
1264279449
415754657
513920936
500009897
497922482
497240502
501252536
122452417
497922502
311887304
26122699
1097394636
478863309
480309199
285911001
138220019
1097394678
429432824
137970173
post_office=*
101
1296455176
1216466441
497871379
343634454
974882842
112652832
416410145
481410597
343646761
500010034
479435831
479522372
493769287
374359632
788826712
1294005340
299610718
428215390
408438888
286969970
128668278
497690743
474787961
480333437
1165384319
430012038
285952134
26015879
297369739
480482962
497190549
412525208
112617112
1165603994
314048155
1290730151
480319146
285908653
497871025
1097379509
1110673590
128594107
1278758081
25503938
1198805194
111479502
26016466
1165604058
311889633
663689446
335740655
112652017
25507571
299594483
479297789
411019008
479183114
404776207
444030225
425743124
444004633
444030234
1110698273
138225444
475360041
25532202
114315567
428217652
480476985
314073914
114315580
1334148413
444004676
314049866
1216751949
560978265
1161778546
135824253
480309117
478212482
478903178
480346523
1143318441
137993129
415754673
96500148
1264279478
257735095
409770937
1264279487
424548289
501252546
1097394633
299613131
285910477
480309199
90378707
314074579
435240919
314074591
424548322
amenity=post_depot
101
479292937
424593424
474676243
428216345
135877146
135816226
428216356
114310694
114310697
848503850
26057772
452682285
335739953
285952054
428215363
921193542
299611722
1221804110
1234709072
791709777
493769300
311886933
128571479
1300530263
414976613
428214888
312403568
299611250
1143318132
112654452
1198805109
1225943165
311888509
128625791
1185192064
428214915
111630982
1198805132
128668303
560405654
480482967
276935832
412525208
560405660
474701471
343634597
560976043
111830193
428217022
114312388
495504071
111479500
792070351
111479504
1103500513
1165604068
112613608
410546925
497181937
1112148216
1252543225
501225723
479437565
848507133
128586500
432578827
848507147
431365902
319327503
501225746
25532186
445439258
1072187162
432535345
297880372
428217657
314075470
475550562
1280038247
126542193
500009850
311888767
126635919
1223751585
444017058
1279346603
497334189
500009902
488593331
492269492
419776439
1264279480
432597954
414905286
429380562
129553875
26122717
1161739756
481392121
686529018
452583933