12
building=construction
101
135824901
343646728
111633417
129533454
475352085
478631961
663689247
25632293
418094121
560975924
495570495
125384256
343646794
495570511
1300530260
428215388
428215394
429378659
513931878
299611242
428215405
474787957
497690745
428214909
480328320
312403586
475049092
311888520
1165603978
114309773
560405655
128587416
497190553
480486044
480482974
493769375
285908648
560405673
128594098
112617145
335978178
128573640
473872074
495503571
411014907
1267417347
128669959
126617352
96496394
128655628
492772621
111467278
425743119
1223806737
1165604118
1165604119
479520026
1165604129
444004644
474546985
432578858
128581937
479188275
112599861
444004665
1279835449
297880380
128560446
128623934
501225800
416063308
497301837
414134094
414134104
128677724
412513633
428215649
411504997
126581619
501252476
413301117
497159058
497871763
478927769
1092997537
111447970
25504171
1097394611
257735102
122549700
114312650
125375438
428216281
1223751648
112688612
135830501
138219494
1240383977
697477108
475551223
411835384
construction=*
101
297880578
1296455176
122491913
299610634
1103952907
112597522
452682261
311888928
411834913
343634468
475082794
314075692
297370156
343634480
430284853
417998904
111452220
111463998
299611716
112289355
429378639
493769303
1225943131
122528351
493769317
1314227312
1110690935
1114080890
409114746
503018109
480482945
133267080
428214920
287458443
133267083
412180109
1165603985
475344017
480319123
128674454
409114776
299612833
111460003
790021293
311889581
428217535
114310862
25503952
792070355
475073747
112613594
414127323
497181919
428216032
112652002
506111718
138233064
114322163
479297781
848507129
478903552
474685700
670725386
114313997
25507600
475725591
312402715
444004644
497871654
432578855
1165604136
297370410
428217648
1106006331
1110673728
135857477
286968134
479412044
510786381
414134107
500009822
428215657
474681707
474553715
90380150
474690456
414249887
111447974
25504171
111459764
128673222
497690570
314074571
478862285
497301968
112688599
126625245
138219492
1243857898
128577516
112688627
landuse=construction
101
311624219
663689249
560975906
478646306
135816233
125384237
493769267
534476351
1243857985
314536515
314074697
452682318
311889489
497922642
493769302
137868887
1225943130
343634526
114317408
428214887
560975975
335691892
428215412
343646840
124365951
428215427
311888520
417060490
495504013
1165604003
495504038
26016431
842058938
428217533
428217540
1296455370
792070353
789709527
112613598
112613602
473859812
414952166
492777193
506111723
335740661
497317111
452584700
415408383
1165604100
414952197
25504013
497922327
128655642
773982491
428217629
374363421
432578854
122410791
129559334
1264279335
1267417389
414134070
1279835449
444004671
1334148416
135825224
475334479
510786388
414134101
428215649
412513633
297369444
112618343
112618344
412249450
475116908
500009845
1097394553
424016768
480500610
112675717
1264279434
417061259
431654293
1264279459
257735162
257735097
100118457
125375424
135886787
114312653
137897934
90378707
497310676
417058273
686529015
686529017
663689210
314043899
429432828
424548349
highway=construction
101
297880068
560409093
126397455
480348691
1143317012
112597525
431647261
299584051
452682292
285967414
135816251
343646787
122528341
1225943127
534476378
1225943132
138220134
299611238
495570537
25632366
474800759
111465591
1329449083
128668285
343634558
257735298
285908618
135822993
560405659
480486043
480486045
480319136
790021292
1198805173
1198805177
497922236
428208835
475561164
280200404
428216538
1143318237
1314231521
1103500513
128591080
1092997353
497871595
501225708
429433592
415408376
114316544
475354369
789711116
429541656
111461663
475360037
276935976
1097379625
475360041
130214699
280199473
1236473138
1110698299
444004679
474787665
128677717
560978261
1316963160
480323932
413275491
432578916
412249446
96497002
1290243435
1290243436
416385392
299614078
787318147
497691526
1239645079
1143318424
479183265
26016164
111459757
257735089
25504179
25504181
1243857848
415754683
415754686
312403912
285910475
475572179
1243857876
497334229
1279341533
1238507998
1297709024
138239471
452682225
257735160
297369596
amenity=restaurant
101
480348682
311886862
1243809301
495570453
479236120
114310686
297880608
26122787
129557542
25620518
418094121
495570481
1277647420
1277647424
1216466497
416406608
343634528
480328296
408438890
299611755
560401014
311888512
475049092
1105954950
480482955
133267084
428215444
430012055
312404120
133267097
447867546
128668311
114310301
420807841
112593058
560405665
503018150
112617127
26016422
493769388
1097379506
25632448
114312390
112617159
343634631
474699485
414127326
25507555
112677103
1110338291
299610871
501225720
414952186
414952188
25503998
1264279295
1165604098
1072187144
111467273
432578826
299585291
1110698255
444030224
135814928
25507600
519337747
493669135
319327519
415406372
475080491
480476974
137901873
479183683
135825223
497922892
416063311
112618343
428050309
474385800
335739277
135886748
500009890
111428006
1309301162
1097394602
1279354288
314075573
1097394613
122452409
1097394624
112688578
473240009
125375435
1209790928
112688598
112688601
478862297
560409062
1209790954
698819576
476009979
amenity=cafe
101
479183873
311624193
1097394698
416375844
416375846
1334167596
475082799
343646772
257735220
495570486
111508025
848514117
921193542
126580296
560975954
480499795
479435858
1277605470
503018086
428214888
418090107
497869949
111465604
112652932
428217479
428215432
129777800
428215442
114309780
412525207
25632411
138218142
479512742
414913212
1097379528
1279779529
475715786
1280037579
1103500491
314074321
111479505
445041881
114311904
25507553
1252543205
506111733
445041909
452584702
414952190
480495875
1223806727
1264279310
1165604111
128655631
25504025
432578853
475360039
25532204
111430447
432578864
414134071
411504964
414134090
1097394511
1097394515
1097394517
478632790
412753749
413275491
130075499
478100847
111484788
25440127
474385803
424029076
135886748
122439070
135826849
444017064
415754665
478903215
415398835
1216830903
475737527
1243857849
299611581
257736645
447872457
122452434
125375442
314074581
495570392
26122714
417058275
1161739747
473880558
137981937
1097394674
353290228
698819580
698819583
amenity=fast_food
101
135822336
285949956
314553861
1223751693
126647309
501142553
430284833
416375846
297370151
1097394728
335561263
663689264
663689265
495570479
299585609
1296455254
1147306587
428215392
420774512
1277620341
663689338
503018107
560401022
475549315
311888516
429544582
560976008
128669176
137884299
128668303
285908631
112593054
560976031
480482979
428214948
493769387
129552045
128594096
1277620406
1165604024
430267067
26016444
26015933
1278758082
428208836
111479500
111479507
475715798
479297772
497181943
432578817
299585296
444004632
428215583
319327519
429381407
429381410
497186084
432578853
428215590
1164520746
1274830123
311888684
478863664
481401143
128623929
135857477
478632774
414134085
137982795
414134093
500009820
297369444
432578919
96497010
299614580
413301119
1207543170
479412103
1333616032
431654316
26122670
335560628
1097394613
96500153
96500160
513925574
495570375
479226826
1223751631
286968789
297369050
26122716
1297709020
126625245
138219492
1263433190
1103952871
135830508
1103952885
1103952888
amenity=bank
101
445815814
497871367
122491913
416716820
431647259
280199199
445815840
497190433
129530914
1305103907
25620516
416716839
1230003243
480499761
299612724
299611700
1143317563
1185191998
560975935
311624256
500010054
111505999
114310759
479411820
112265328
428215921
1225943153
428215417
312403579
26015876
428214921
560976019
480486042
412525210
112613533
1187411615
560976031
506097311
428214944
560976037
504782506
560976047
473878705
311889074
299608246
1198805177
111442620
414913213
475550923
414952143
425725652
311887070
114311903
506111717
112652017
299612408
112613628
135819517
128586494
135814910
129553665
135814914
411029270
285951777
25532197
444004646
311888682
480476990
473874239
423185222
297369933
474787672
704799579
112599903
112599904
412249443
413275493
506111846
418717034
299611503
500009850
276936074
789695371
1264279436
475073423
479226267
1097394590
415754666
474789296
314549171
479412156
257736647
495570389
478862297
479184346
686529004
495570414
281726448
281726451
353290230
353290233
amenity=pharmacy
101
122491912
1295560716
478633490
112652832
1234709025
479416369
311624243
495570486
560975930
474810943
495570499
311624265
1225943133
560400991
480346209
473849956
114317413
495503467
663689327
1329449076
479226488
128668285
428214916
428217476
478903446
506097305
789704866
311887529
26016427
790021292
480482990
474552495
335561906
137994933
1277620406
480319161
429544636
473872069
473872071
112266446
343634638
447883472
1278758099
1103500500
792070358
414127328
473877733
411014376
112652009
495504108
126539502
492772593
1097379569
299612405
299612408
1072187142
479185158
1165604107
1223806737
506111762
492772626
1110698263
506111767
428471586
428217637
480346406
133269287
128655664
280199472
128672573
444004673
1278738246
414128969
416063307
427067742
478632814
474553712
1108285814
475341692
1236467580
311887238
1143318407
479412110
111447973
25504173
1202110383
299612591
25504179
286969783
430006711
111428028
474541503
96500161
1264279493
418091973
314074576
125375458
280200167
428215790
497190386
135837688
amenity=bar
101
560409090
1103952901
424593418
90380816
474812440
343646747
1254261278
343646761
343634478
481410606
433471537
299582004
311624247
138230334
497171014
343646791
534476364
475410511
137996370
1221804117
122528346
299614301
417060449
480482919
560975975
129786479
26015872
480328320
1225943171
111620229
409114759
133267088
428215444
276935833
1110673561
444026522
281726620
114310301
133267102
1165604009
26016429
112617134
1105955003
411614923
112617168
1296455377
128591064
1198805209
343634650
429833945
479297762
474800360
480493292
114322161
1165498107
475055357
137903874
503018246
411029258
1072187150
128655633
773982483
444004628
501225749
411029268
773982497
128560421
1279835449
314073915
1207572285
444004672
114310467
299614041
412513627
475877747
474553716
417061246
789695371
478115211
1239645074
480346520
314549158
25504180
100118454
958305721
100118457
420776895
112688576
1043000770
478903237
285910475
26122704
299610586
299610588
513936352
1263433187
25632227
428215784
1279795690
1103952885
698819583
amenity=pub
101
481392129
112652830
114310688
311624224
297880608
125384240
848514113
128580163
479435846
475081804
429378637
1243857999
111486031
112594525
90379359
479435872
1225943149
475049092
497870987
418012813
1329457294
135822993
495504019
112613533
1291503777
1110673569
503018146
311887526
411842220
112613556
1103500480
560409287
1097379530
335562443
1165604043
112617168
789709524
25503962
111506653
1187434209
128591075
478208230
1092942055
126410483
25507573
506111735
126600955
848508668
414952191
112613634
1097379588
1252543247
415406356
135814943
428215584
428217636
480323884
428215596
414134065
128655665
497922866
445439290
335562043
314073918
1216751949
1097394513
314075474
445439334
1108076393
135824233
500009840
497871216
314044278
475341692
793739645
474797443
299612559
1264279440
560408977
480346518
25504167
111447980
111428013
1103952814
26122668
1108123571
1043000761
126404031
1097394626
343646659
412248004
125375433
424016848
311889362
90378711
495570399
1202110433
281726448
495570417
1223751668
135822332
landuse=commercial
101
479226885
475406853
311624199
481410572
493669400
663689241
428216347
1305103909
431647273
297880620
404072500
111463992
560975928
111508028
114320445
135823938
314536517
343646790
126580301
418094158
427277906
478646358
497922646
475571803
1277605468
479226469
1223751786
1223751791
791709808
428214900
297369726
285908607
1165603969
428217478
26016908
411502734
506097305
281726621
128679581
428214949
314074278
560405671
790021292
25632429
478208174
26015932
1278714045
114310860
1165604049
112266450
411018966
474699483
1329505517
445041909
497181948
1252543236
479520009
1072187152
1110698257
1236467491
480476963
479226659
114318628
111451963
128623935
90379618
403124585
1290243435
1209790969
60795248
128583030
96497014
1097394553
418015098
417061244
1207555973
285910930
1216830867
1264279444
442328986
112581021
1097394604
1264279471
415754677
435759031
473849272
1104146363
444023228
299610558
418091973
429432776
479226826
418091982
497870801
1209790930
343646686
1143317472
429432804
111448569
297369597
135837694