20
railway=subway
101
495570434
404064786
480348691
475352085
410199067
411834914
481410594
430284836
1334167593
560977450
497690673
1143317042
473873465
497311290
560975936
429262402
475081801
418094158
114320465
534476372
497171037
497320541
429378657
114308209
784545912
418092152
480333434
138231426
475551223
1092941956
495504013
474677902
138208399
474677911
475347095
25632424
429544631
112617148
128591046
497870539
404765916
1223740133
111648486
1165604075
112652019
478632189
423185149
479520002
1267417347
299611394
497181956
479437573
480476953
25532185
444004640
111424803
128655652
114315558
138242342
1290733867
1274830123
276935981
414134066
128560436
128672584
476019037
122523494
474553715
1236467578
114328962
314553220
1264279440
428215699
430006683
500009892
431654316
126404013
444017068
430006704
415398832
257735096
125375426
137897927
478864332
428215757
474728398
1103952851
475054556
125375454
1243857891
128577510
112688615
410769897
112688617
481392110
479226866
452682227
686529011
479236087
1105911801
138244094
railway=subway_entrance
101
409117207
311888920
129558556
431647262
422547999
135816229
343634470
431647273
112597546
122432556
848506924
1216466476
286969394
135816247
125384254
416406603
1296455253
1300530263
429378653
1296455264
428215392
138196594
112633972
1165603958
428214908
475704957
133267073
560976005
128668305
26015892
493769367
444026528
479411875
314074283
285908652
1165604017
431580339
1165604021
428217533
314046654
503018188
112266446
497871578
25503962
112652000
478208227
414952167
506111722
506111742
493669127
479520014
1252543246
497922320
773982484
1223806742
497922838
128655656
276935976
1110673706
480476970
444030255
1279835447
128560439
133269310
447881534
475355980
126401360
314553172
704799577
432578930
413301117
417061252
404756870
442328977
500009873
428215705
478927769
430006684
26122668
111428013
474541486
280200623
474785716
497301941
257735094
257735095
424016824
126404025
257735099
497334204
497690562
412248004
285910982
126552518
112688584
495570382
1106228175
560409052
25632224
1223751661
427268095
subway=*
101
1103952901
353289223
311886862
474676248
111631898
112652832
445815840
26122786
128591905
428216358
314075692
125384243
138230334
1234709059
111443012
411506246
418094157
497171025
114317406
429378662
114310759
428214891
428214895
428214896
497871477
418092151
299614329
428214908
287458435
1329457297
114309777
480346260
26015894
26015897
25632413
26016417
1165604004
789704891
112613564
474697405
26016450
1165604042
128657100
1280037581
25632463
1165604047
129792730
129792731
111506652
311887072
473877734
479297773
335740655
473867503
475064054
411014908
475055362
1097379586
129545994
444004623
1249809168
444030229
479520023
444030253
280199472
480494924
138223440
1316963160
475355998
126542184
1207543149
413301112
1216830858
1105984395
1239645072
414249872
442328978
276936085
1239645088
428215713
430006690
444017060
1290718629
430006704
314075571
1223751606
430006712
500009915
1223751616
431654337
1270263243
1270263245
1107381198
26122703
311889362
497922520
112591352
697477100
137981937
297880051
1110673400
station=subway
101
1108123650
409117206
25632284
410199072
411834913
416007719
428216363
297880620
495570476
297370158
495570477
433471538
480499763
788826684
1143318589
311624256
412246600
112291402
343634510
314074702
493769298
1296455250
1294003286
125366359
560975961
495570528
473859170
478566499
343634532
414976621
126545011
474787957
316511863
314043011
111465606
455341191
26016908
430012045
506097302
506097303
129552045
26016447
25632447
497870527
473872073
1279320268
129792727
126597343
414127327
112613604
429833958
432578810
411014907
25507579
480495867
114316543
479437572
114313997
257735445
414952218
114315555
475573543
25532202
133269294
480323894
475549497
480494925
480323939
501252453
412249446
1207543145
408431466
126581613
497870704
474797429
424016761
478632831
314073996
25504147
402016670
697477035
335560625
424548279
126404025
1224758714
1104146363
415398842
299586502
124388807
126552522
478864332
698593230
137897938
1297709018
112688606
1243857887
314074595
428215783
297880041
128669173
314075647
public_transport=platform
101
475406851
698819588
475406853
299607565
414120984
501142553
431647266
497187369
286969390
90380349
135823942
343646791
480499783
480346193
1198805075
414976597
1223751772
500010080
560975973
129667175
1225943156
428215414
316511863
474787961
287458431
114309773
111415443
343634580
447907479
1329457303
560976024
497190553
299579036
698816683
26016430
114310832
790021301
112617152
501173444
1279320269
128591054
112617167
411018958
26016466
497871571
497317077
497181910
1165604067
112613604
112613608
1165604075
314047728
480493301
335560440
414952190
111636740
506111751
789711113
425743113
411029260
429433615
506111767
1249809185
432578849
415406371
479437609
114315562
480476974
432578865
1097379634
114315571
112594228
475353910
478903615
444004676
474787665
560978267
412513637
428050280
96497011
1108076407
416385401
497870717
414134163
430006689
297880486
25504168
479193003
501252536
478646205
501225920
111481288
513925584
497187284
474789333
343646688
478861797
495570405
475354600
138222057
128577517
railway=station
101
479236102
431615495
314553872
1097394721
1243857955
1165293092
495570471
495570474
1334167600
122525234
1097394741
114310710
128583736
497310787
114320453
534476357
478633031
475081801
429378633
416406606
429378639
1198805079
128571479
534476377
1110673509
428214885
663689323
429544576
429544580
343634566
1092941959
285908640
1291503777
111460003
26016421
479512742
1110673574
25620653
790021295
501142199
478864573
114310860
114310866
280200410
335740659
112613621
1103500535
497181946
1110338299
848508668
474695427
25504006
96496393
25504013
96499474
415406354
111461657
497922851
444004649
25532212
431925048
414134074
497870653
497301822
314553168
137994583
314075493
506111845
312403814
112581480
497301866
474681707
1290243439
126542193
112618355
501252472
311886216
428216715
414249876
1293997461
299592087
129550744
112619424
415754657
435240867
1092997542
497311142
335560625
1202110392
1243857852
314075581
299611581
128673223
297880024
90378713
417058278
497334254
686529008
424016880
314047991
495570426
building=train_station
101
435240964
1296455188
1216466457
1218953248
497190439
560975926
481410616
1110673466
479416380
314044478
428215363
495570506
138241614
429378645
111486039
112653915
497171036
497171041
429378662
560401005
424079989
480328309
479411836
475549315
285908616
429544589
285908622
25632399
479512723
1165603989
1165603993
1296455324
480486055
480319144
480486058
790021294
497317049
428217018
412540095
285944515
1198805193
1198805198
478863572
497871060
129953503
445041897
497181933
475064049
25507577
111636730
479437575
1110698250
96499474
25532193
480346404
1267417381
747478309
311888682
475080491
1309181741
299614513
299610930
138205497
1097379642
135887167
480346432
428215629
126617431
299614561
111429986
111503715
1097394533
128606054
96497007
500009839
299614066
479225722
1216789885
1216830846
475341706
414249876
335739286
1239645081
417058220
1104146351
497240496
286969778
25504178
473849272
415754681
124388796
285910471
126552523
137897933
114312654
428215760
114312657
429380571
478862814
1207544290
495570424
highway=bus_stop
101
429432832
497870341
479226891
481410572
497922579
1254261276
416007716
126547497
497922604
128588850
428215369
111506002
286969940
534476375
479226460
495570525
1294005343
25632362
428215408
1329449081
417060474
1110673534
480482943
1209593474
276932741
111630982
478864013
311888526
133267086
128668308
312404119
26015904
281726635
25632433
335560376
560409281
513921231
497181910
497871578
503018217
126539502
1236467439
480346357
497317111
128579832
128655622
335560973
444004622
414952206
479520017
135814934
414952219
474546975
428215584
428215586
319327522
429381414
1329505574
276935977
130211626
428215595
128581932
345296686
128560441
444004665
297880379
111451963
444004672
432578882
560978249
299598676
560978263
1143316313
122523494
128564071
412249450
135824237
497922928
1097394553
1216830849
787318149
1105984398
111448462
478100881
25504158
1097394590
1202110377
474541483
497869740
1216830901
444023228
311887299
114312656
497922520
343646683
497690588
497334239
126625255
1263433201
297369593
137970173
bus=*
101
281726470
492269072
25632285
560975902
1296455205
479225897
114310698
135823921
495570495
343646784
428215362
299584069
314043975
299611722
286969940
788826710
122528348
560400993
343634539
129786476
429544555
560975980
475329142
429544568
560401018
429544578
429544580
428215434
506097297
495504019
343634580
287458456
560405660
560405664
1110673569
112613542
25632425
114310834
478862515
26016439
126402746
25632444
343634628
1097379528
475724493
1105950420
1097379542
259069657
480493281
25507556
473877734
480493291
479184108
126627563
112613616
478902515
137903870
126627582
1223806723
1110698245
497922821
1249809158
1296455432
114316553
479520009
126617354
128655624
96499471
1249809168
479225626
135887152
479437618
297880374
1334148413
1108285760
297369931
312403298
130075493
60795247
428050290
96497015
114328954
479412099
311888773
1216830854
789695368
428050318
497334162
428215706
111447963
442328986
112619428
497690552
314075577
444023228
497334212
473240005
122452425
314074588
129795568
411835389
route=bus
101
479292937
422547977
416716824
112652829
495570463
26122785
495570465
1296455208
1110673451
354917934
125384241
1223751730
122432566
311624250
474810941
114320453
788826704
428215379
276932693
128571479
128597080
495570520
1314227294
314047586
493769317
560975975
414976616
428215921
112265329
497690737
343634550
418092152
128625791
560976006
114309768
1198805136
503018129
128668306
478903446
501142167
430012056
25632413
480486045
1110673569
404066469
474552497
26015923
343634623
26016447
138239684
128657098
25503952
503018200
663689441
25507557
474800360
497317102
25507568
114322161
335561973
126600950
111648502
1249809161
1267417356
1249809166
128655634
773982485
492772632
428217636
475360041
311888684
1309181740
1264279369
560978261
1264279385
412513627
475355998
475116899
1264279401
1290243435
299611503
497922928
474553712
1264279436
480309133
285910930
1224758693
560409001
26122668
424016813
419776438
285910456
112688570
1243857852
473240008
297880533
112552934
1216466407
481392118
534478838
560409086
amenity=bus_station
101
1103952902
497870351
1097394710
663689241
560409117
404072482
297880622
286969392
510745650
479225907
343646774
314075196
428215360
111464004
480499785
429378633
480499788
126580300
560975951
1221804112
560975965
479226973
314047584
428214896
311888507
111464581
428214923
480486041
26015902
428214957
314074286
111634611
1278714045
25632448
128594112
503018178
495504067
473872071
128657101
276932825
686529259
480493295
506111733
111648502
299610870
126600953
1223806722
414952197
480495878
1249809160
432578826
444030218
479520012
789774090
25507599
1223806739
444030230
128655638
129679647
428215588
432578858
1264279339
444004652
445439284
297880381
1236473149
444004673
480476993
423185222
480494920
414134101
1264279384
412513632
1290243438
314553198
475796338
479184251
413301117
787318151
474681738
114328972
789695374
414249875
501252500
477729698
411627955
560409011
415754684
480309182
311887303
1097394633
478862285
1106228175
497870296
297880026
497690589
1270263272
697477100
417058287
479183343
1216466431
train=*
101
1216466439
411644943
452682256
495570449
1254261267
1234709024
335739956
335739965
429262398
510745669
429378636
510745676
1234709072
784545881
478646367
513931881
1296455277
112641653
1224763522
128668292
128668297
474677902
135822993
128668308
503018135
276935835
480486052
26015908
1198805161
428214957
128583855
299599024
128594097
478208181
1165604024
1165604027
1296455366
25503952
987218129
416390868
497317077
445041883
112613604
663689451
479297773
112652014
112613620
479297781
1223806715
25504007
510772491
503018251
96499473
1165604117
111467287
319327522
497186084
480346404
130211627
432578866
299614515
428217652
114310453
427067701
444004666
1236473146
138205502
1108285760
111462217
478862666
414953303
789690202
138248032
314075490
1280038244
413301099
311888764
787318150
475408774
497334157
1216830865
475876244
430006688
475875745
444017058
1103952808
417058220
430006701
257735089
474789303
497334204
26122684
285910471
126552524
286968787
475572181
343646688
126625256
257735156
128669172
424016886
bicycle=*
101
1097394690
129550851
1103952923
497922591
1334167590
473873464
111463996
126580296
480499790
788826702
387449935
314074702
299611237
25632365
478862958
111465594
497190523
789830274
430012043
1187411596
412525199
1329457297
497690775
480486045
25632423
479226536
285908648
25503936
497922754
137955522
474818247
1279779529
112686794
503018188
1097379542
280200410
1314231527
25532144
1165604087
299612407
474685694
506111747
1296455436
404300045
319327503
848513812
1249809174
1110698263
319327515
1309194531
497871654
130214695
429542190
1097379634
128664381
497301826
137820482
126582084
135857475
475355976
501225811
500009821
478646113
428215651
312403817
1097394538
314553198
413301105
112618355
414134141
479412095
1105984386
413301126
1216830854
1313566090
478864266
428215698
444023189
1264279449
428215708
135820188
25504168
428215723
1223751604
479235515
129558976
299592133
135828938
343646669
1097394647
285911000
1243857883
1207544291
126625255
497176041
428215791
353290227
128669173
1223751671
297369593
534478846
amenity=bicycle_parking
101
414905350
1223751687
1296455175
452518414
416410131
495570453
135816216
478631961
128588840
475082794
1243809336
478566460
311624254
479435838
111464006
560975947
1243858002
480499797
138252374
129789017
560400991
560400994
428214883
497871467
428214895
424079989
299611262
428215422
26057855
428214913
1165603971
501142148
475568776
1187411596
506097303
26015898
476010141
26015901
343634599
479512747
411842220
276935858
414952117
473872075
425725649
479235802
111481563
445041885
299611375
848507135
1223806723
111648004
1223806724
137903876
1143318287
402518292
111450389
1249809176
126402849
1249809185
285951779
114318632
311888686
414134065
428217651
480346424
444011321
133269306
480476987
413564238
414134101
297369941
789692760
1097394527
112618344
1316979571
476019062
25504123
112638858
480346518
1239645086
475568040
1097394605
1223751600
111459765
473849272
958305721
257735101
1103952831
497690561
114312653
1223751630
124388819
478903767
497311197
497334239
25632224
343646689
1263433190
479236074
1223751659
bicycle_parking=*
101
429432832
335561219
311624206
663689241
495570475
1223751728
311624245
433471541
343646781
1221804105
1092997200
784545881
534476383
493769317
114310759
299611241
428214895
429544563
478566517
299611257
428214910
129548931
418012813
412525199
480319123
409114772
1105954967
26016413
560976032
478208164
560976037
492777130
479512746
560976044
1254249647
1254249664
114312389
774051018
789709519
112624344
112613593
1198805220
415757545
126539502
497317106
126410483
299594483
1296455418
497922299
1165604092
1223806720
480476938
411029261
425743122
1104140052
257736480
415406371
128655652
475360037
432578854
130211625
432578861
276935981
1236467508
445439290
1264279356
1334148418
1264279363
411504967
135825224
314075471
495503700
500009824
126581608
476019048
1105984360
1264279403
500009842
1207555973
1239645077
1223751575
415754658
1244598179
1223751592
26122668
1104146352
1097394611
126404022
100118457
314549177
478861757
495570373
1238507991
126552535
1143317468
495570399
135830496
428215781
497176051
429432823
1216466427
amenity=bicycle_rental
101
475561986
1295560715
1207560206
493669400
410199072
473873458
299611700
114310709
495570493
343646782
1234709059
387449931
128583757
429378653
114310759
114310760
299611240
408438890
1225943147
1110673512
387447918
1092941943
784545912
111465594
429544573
111465606
312403078
26015879
480482956
26016909
128587405
128587416
474677914
26015899
497871010
479512739
1165604007
480486055
479183029
1105955001
126646458
25503937
299610818
430267079
1279779529
406362828
114310863
1110673617
25503966
478646503
335740657
1165604082
299594483
1165604086
1110338295
411014906
479520014
1223806736
474616593
1223806738
444030227
773982488
506111769
1143317285
480476966
445439274
130214703
497922877
411504968
510786377
560978251
474787670
428215638
112599904
1097394531
475555174
412513640
135824234
497922928
475877747
497871234
311888775
500009881
414249882
1092997537
495503785
111428015
497240496
415398841
299610558
129558976
1097394626
1103952890
257736647
513920967
1238507994
314074594
475556852
281726452
481392118
663689210
aeroway=taxiway
101
497870341
475328014
299607567
479435793
128616477
481410594
495570478
1296455214
493769267
481410618
311624251
417998908
493769285
1234709064
501173324
1185192013
343646796
1198805073
1296455277
1225943156
133267072
111465603
428215437
428215446
506097309
560976032
111460002
112593058
1097379493
100118695
276935847
281726635
138244793
112617146
335560382
452577990
1097379530
510772427
1295575256
1314231523
478208230
1314231528
25503977
480493292
112677105
503018239
497181957
480346381
128655631
773982483
510772500
848513812
135814934
1249809179
1249809181
1249809183
128560420
280199468
137901873
299612466
133269307
475050301
1264279358
138205502
314073919
501225803
414134106
126542173
412513630
476019042
480323939
314553188
475550565
500009832
417061236
111484788
299604350
497871234
417061255
479412103
424016776
500009870
415754659
1236467624
1143318441
475708330
26122667
1043000754
415398836
124388790
497690556
415754694
495503818
26122708
314074581
137831895
435240919
1238507993
513936347
111429620
1097394681
amenity=taxi
101
429432832
1243857921
1207560198
1103952903
1216466444
311886864
1223751699
135877146
410199072
422548001
495570469
497190439
492280359
428216361
848503850
497311278
343646771
125384244
1296455223
111508025
1277647420
429262402
510745666
921193542
1223751753
513931856
1221804117
428215385
560400990
497869919
343634526
1314227299
114310757
493769320
479309422
479435888
475117687
299614329
424079995
429544573
1329449089
497190546
343634587
311887523
133267110
479512746
1278758083
25632453
299586767
414952147
111479508
114311903
480335585
414952165
1198805222
1110338295
299612407
25507580
129553667
773982483
773982486
1072187161
480346409
1110698283
133269294
497870653
335562045
497870665
414134091
560978253
126401368
445439337
417061240
479412095
493669251
413301124
414249874
480309149
1202110377
415398838
1216466364
124388799
429380546
478632387
475791302
495570382
112688591
126552531
125375443
135830496
343646697
1161739756
129795565
128669168
1263433201
435240948
285950964
353290228
297369593
135837692
492270079
taxi=*
101
111633417
424593421
497187343
1103952919
495503905
410199074
26122787
135816229
297370152
560977450
1110673451
428216363
135816241
122432561
479416369
311624246
1103952950
1234709048
311624258
452682318
343634510
560409175
1314227301
428215412
128668279
25632376
560401017
124365949
560401022
497320578
26015876
428214917
428215433
495504014
287458452
114309782
480486039
480482972
479512733
479512742
1110673579
480482990
404754609
112634554
1103500477
1278758081
473872072
112686793
112617161
428208840
111479501
314074321
299614420
429833940
497317079
1236467422
479297773
299611395
1291504388
414956298
128655631
425743119
111461652
501225749
474546975
480476961
128655655
444030249
1110673706
431925046
475050300
280197437
1334148418
297880386
111649091
314075469
427067741
497301854
412513632
1280038244
506111845
297369446
130075493
25504123
138225028
1216830855
428050318
354913681
428215697
1207545753
1236467615
488593331
126544310
408432568
415754684
1216466372
312403909
1209790922
135822335
475354599
1223751679
share_taxi=*
101
122434048
475339285
663689240
112652832
311624225
1254261282
125384236
480499770
135816253
335739965
534476351
314040896
493769293
560975950
1278190164
428215387
414976621
479309422
312403572
1225943156
111465590
428215422
311888511
428214914
430012038
285908618
430012044
479512723
478903446
474701473
26016418
410546854
1165604007
129552046
1224763568
112613558
100118713
26015935
495504068
114312390
1280037579
26016460
1279320268
280200404
493669084
414127324
497181919
473859813
493669093
445041899
122525425
497181941
335740663
1252543229
479297795
128655624
444004617
432578829
1165604115
299585300
111467285
415406357
432578854
135887149
314042670
25532207
299614518
480476988
126401364
111429986
257736546
1264279401
1290243439
126581617
299614580
475549051
479412095
475719553
1293997463
135820184
474690455
1143318426
126643110
415754664
475568041
126544304
124388786
430006706
435759029
492269494
478864322
416011733
475054556
478862814
343646688
25620960
1103952872
686529004
495570412
129795567
497310716