9
cycleway=shared_lane
61
1104437248
374376576
1208599170
376011265
922441604
603942917
1208599047
374582024
1208599050
603324049
603324051
26023800
603954202
1208598945
374582563
1304931236
1104590373
600755363
597568295
373409576
596184231
265458215
27114539
603323944
603323949
603954606
597568303
1162459696
1080640940
1104437294
597568688
251698360
1304793148
1104321470
603953729
600752963
373362245
1104321478
1205766727
601029707
1162282959
1082524369
1103644755
603954175
600829277
600978910
601029727
374377186
600829282
1104581348
252057320
741685866
596178668
1071202286
265458032
264357744
1304793205
251369975
603942392
1306424570
603954047
share_taxi=*
61
1104324865
265458177
374581252
604624394
1304931213
265458189
1304931215
1345854867
373441940
373374485
372932374
597568023
251697946
1104437274
1104437277
1162282912
597568034
1104437284
265458218
1104321512
1345340335
1082560822
264357302
596184248
264357434
374376638
1345855166
1103647688
265458121
1162282826
597568588
373441997
1103682127
26023632
1205766865
24959314
601029716
374699609
1088211034
264357209
1345854686
269374816
600828768
1208599009
374583781
265458150
597568616
1103601257
26023786
373409771
1071010921
1103666540
372931822
1103647721
374581104
597568112
373622767
1104313076
264358008
1104437244
1104313085
cycleway=share_busway
61
265458304
1112924035
373441926
26023687
603954950
597568010
597568272
1162282898
1080632594
27114515
1080664981
250833812
600755353
1112923932
1074056223
603954208
1070998688
251697952
1104427301
603324841
603323817
600816172
597568303
374582320
373381681
1345855152
374582835
603953717
603953718
373442104
1208599357
603323967
1104313084
597568076
922441548
374736846
600798164
252057305
1104611545
603953755
373442268
265458016
1208599136
603323616
603954151
1112924007
603954153
603954159
922441586
1074055666
264358132
603954164
1345854710
603943673
600990328
1345854969
603953658
265458299
1103682044
374736509
1103427070
route=share_taxi
61
600752897
600985604
251369991
372932360
597568008
600961287
600985611
597568269
1205773967
603943953
603323926
373341847
251698331
600525725
374375970
1208598947
1080624804
26023718
251698343
1074101930
374580267
265458347
250833454
250833838
603323567
265458610
374581684
1104631094
24959289
24959291
1345340351
26023616
376081345
374736834
373374528
1112923972
1082547397
600752967
1104314184
373409740
250833743
1080625743
1102915024
374376914
597568601
603323997
40117472
264357602
596178659
1208599010
603955814
377009383
26023658
603943406
603323887
1304931182
603954545
600823281
600743156
252057333
251208954
amenity=boat_sharing
61
251698178
1104587267
250833796
1082571021
603323926
600798102
596174107
1304793117
1080643230
1080622879
1205766948
1112924069
603954086
374377002
251698347
374582058
374376493
252057270
1103682103
600798138
1304793147
265458621
1206300990
603955774
1103647677
604624064
265458112
597568709
374666951
269374794
1112923979
1208598988
1208582605
603323134
603953611
1103647696
373442002
1103678041
1112923994
1208599005
250833760
264357217
601029730
372931942
40117479
251209063
265458153
1104433642
1345855211
603953772
1304931182
1208599406
264358129
265458297
600743155
922441588
251698165
1104433657
600743164
1071023870
376081407
amenity=car_sharing
61
1082559746
374580739
373441795
374375941
1104324870
265458440
600798216
1080662796
265458572
373409550
373442065
1080664981
251208728
1112924056
265458459
596174109
1112355745
377887906
1104590371
1074021157
596174120
597568297
603954090
1112924074
603954092
600752937
264357423
373410096
376320817
26023602
250833460
601000885
1304793269
1104592184
376320831
1103644738
265458116
1071159492
1304793156
597568584
603323210
374666960
372932310
597568602
603953755
1104611549
1104631134
373388516
1103678054
1103682151
40117094
376081510
372938731
601029740
741685872
600823281
250833777
26023664
374583799
600826747
27114493
amenity=car_rental
61
374376449
603954053
597568645
264358022
600798216
376000651
603324043
1205767051
1205766926
265458316
251697936
1082567185
1208599313
372939283
1208599187
597568660
1082572182
1103641236
1104437272
1112923931
596174107
375981725
374580126
264357794
1104587299
374376866
1208599077
265458085
1104437285
1205773986
1102915245
603953711
1103601200
1103666481
265458610
1104587313
597568053
27114549
250833466
596184255
26023744
269374793
1103960138
603324107
1080639054
601029710
597568592
601029715
26023766
251369943
600752858
269374818
26023654
1104445031
264357096
1104423400
1103678057
1304793211
597568111
603943798
603943931
amenity=car_pooling
61
604625029
597568008
265458185
1112924045
264358031
1080665618
1103606420
603953813
603323924
1345855128
373409690
1345855003
597568283
600784539
1103666462
376336287
374376353
1206300706
1208598947
374667173
251698343
373374506
1080624939
597568300
1104314157
603323950
597568303
1103601200
1345854767
1304997812
603954295
372931770
26023750
377059143
265458504
1112924105
597568713
1162282829
600752849
265458643
265458523
265458396
603954140
597568606
1163560416
264358242
1208599266
603954149
600823271
596178663
40117097
264357098
252057325
372938734
374583408
1104613745
373381617
1104313076
1104313079
264358011
600755325
amenity=bicycle_rental
61
1104590464
601025281
374376834
604624129
1104613764
1104423300
604625029
1082567818
1080662796
1073999118
374375954
1104611603
373409811
373381652
251697939
264357149
264357150
597568031
1205773984
603953696
1345854756
600755367
1104631080
1103644713
1112924078
603954612
1071023925
1103682101
26023610
1103644730
375981754
1112924097
1103681986
1104324863
603954628
1103678024
376064458
1103960138
1104322892
1208599117
376001102
603323210
1304793172
1103960148
596178651
264357980
265458013
922441574
600978919
603954535
603323882
1082553451
741685870
373441902
1208599153
1304793203
1088210934
1080619130
374582523
1071009790
1103666559