9
amenity=waste_basket
61
374376576
603954049
1080641664
251369987
600961283
1345854728
603954058
1104444944
1103666450
1104611604
603955483
376000795
1208599069
374791582
1080622882
374667426
1073998245
1306136487
1304793258
376081453
1102915245
1082583089
1104322866
1103669811
27114548
1104611509
265458356
264358200
1112924090
251207228
600778304
376081602
376081474
597568326
600761286
373441864
374667337
922441546
600752971
269374796
1208599117
1103606345
603323213
251369937
373362257
597568605
603323614
269374817
597568610
40117113
40117097
600784619
1345855212
269374833
600826737
1345854705
265458292
373442039
1103666552
372939129
1104590458
amenity=recycling
61
1082540289
265458181
597568010
603954186
1104433676
1104444943
251698320
922441620
597568662
1103644696
374582680
1082562807
597568028
1080640668
1080654750
373381668
264357412
27114535
603323177
251698347
376000047
250833460
1112355764
40117558
374580408
252057273
1304997818
597568698
1208599357
741685884
264357701
596178629
1304997830
1104322888
24959306
1102915020
1104314188
265458126
597567956
1304994261
603953750
597568599
372939225
373409626
374736602
1304931292
1208599263
1112924002
264357733
1103666535
374580328
373409511
265458155
603955824
1074082033
376081268
1206301172
1080663798
251698167
603943673
372931964
amenity=waste_disposal
61
374583681
1104433670
265458440
250833803
603953678
264358031
251698319
604624145
374699665
1104611474
603954582
265458200
603955096
265458332
264357789
376081310
27114528
1104590369
1104590371
1205773988
1345854630
600798119
264358056
373442089
603954088
1112924072
373388588
597568689
374667443
1104322868
27114549
597568054
603323575
373374520
1104611454
1104314176
26023620
1082521159
604625736
374791625
1104321481
373409487
1103678032
372939219
600761300
1103678037
601029718
603943898
1071036001
1304931175
1104321511
603954539
1104321516
372931692
250833774
252057324
26023668
1103666550
1082578426
596178686
264357247
bin=*
61
600968064
374376449
600752900
603943813
603954054
1080608009
603942929
603324049
603943953
604672529
373341847
600755354
374376475
251698334
596178726
603323814
1103644710
1071198889
264358058
1104631084
26023730
251207219
600755384
374581051
373388480
264357710
601029698
1104314180
1102915015
597568329
373381579
373388493
603323597
1162282959
603954639
1162282829
922441554
269374803
597568340
373381589
1102915023
600798167
1071159130
922441567
596172514
603954146
1104631141
603954282
1104423275
1104321516
250833259
373388524
265458543
1104613744
1103647729
374377071
40117104
264358134
265458171
373442171
1103666558
landuse=landfill
61
1104444930
600525699
374583052
596174092
603324046
603953807
1304931216
603953808
603953810
1104444945
603942933
373441814
603954071
1103962134
1104437273
603953819
1080614429
1080643101
1208599327
1112923936
1104590375
265458472
1104631081
1208599210
265458478
26023730
1106787379
374581684
1080614962
1103960119
1205766711
373441982
250834240
376081602
1104321482
600761291
1112924106
1208599117
600752846
264358223
1104321483
1104631122
596178642
269374804
373388501
1345855067
269374812
372932061
1208599389
600829280
373410020
1205773927
601031402
265458671
374581104
372931956
603942389
252057336
373374458
597567996
1205766525
recycling_type=container
61
374583681
1112924034
1104433667
603942917
1345854858
1103647756
1162282894
373409550
603323790
603323793
596174101
597568023
1103647769
1082552989
1082580637
1080622879
603953699
265458469
603323176
373442089
1082540072
265458220
373409453
265458224
40117168
1104631089
1103666481
603953844
597568053
603955638
600755382
373442232
1208599224
264357437
596184256
597568706
1104590404
1205774021
1103678021
373442121
597568329
1103614155
374581077
372931800
1206301018
1104427355
1112923996
269374817
264357602
269374820
374582121
597567978
250833770
374699497
374736621
374581738
1208599027
372932084
264357753
373442171
1104631166
recycling_type=centre
61
1112924032
1208599297
372932355
372931845
1082522119
603953672
1071036427
374736652
1112923916
26023695
265458452
600761242
597568027
596174108
603953693
251697949
376336288
603943713
597568289
1071038504
376081193
1074013098
600761258
1071206186
374583854
264357687
1082571961
374376506
600823226
1103960124
601029695
600752959
1104592193
1103681986
251369923
1103644738
1103960134
600752839
251207243
1080639054
252057295
1304931285
1345854678
1208599129
1208599003
1103666524
600823261
1112924000
1304994275
1071033189
1103614181
604626409
603323881
600743149
600753006
265458157
251369972
372931956
374736630
377062004
596178683
amenity=waste_transfer_station
61
264358017
600525697
1304926210
597568004
1104587271
1082567818
596184209
1071032853
1082557592
251697944
1306424473
603953819
1304793117
1112923934
265458464
1071021985
596178593
1205773986
1205773988
603324837
251698339
1104631079
265458215
1103601193
251207207
1345855275
603954604
603953657
372939311
1345825073
373442098
1104313082
252057281
1162282821
1080655686
373441864
741685833
600761292
1112924108
597567948
597568594
24959314
1088211030
372932059
603323483
603954911
265458272
374375904
1208599007
600752867
596178661
601033446
1205773927
1112924010
1103682026
603953776
265458545
600743154
600990325
40117113
373374458
waste=*
61
600743168
374376449
250834306
603954056
373410060
596174093
251698317
251207184
264357140
603324055
1104324888
603954584
265458330
597568282
1075522843
1103644701
1112924061
374791582
250833958
250833832
597568682
1102915243
264357292
596184234
264357808
1208582452
250833460
600823222
251208758
1070999995
251207228
1206300990
264358208
1208582466
1163560387
1102915013
252057285
374582599
26023752
1103669835
373409868
1082576590
1103641167
1071013839
601007953
250833746
251369942
600761303
1104581336
264357209
1071003352
597567960
601007964
1304793181
376320861
601007968
603323889
600798193
603953781
1104631159
250833788