10
tourism=information
61
264357761
1071012103
603954057
376011914
596174091
603954188
600798223
603323793
1104437266
374582421
251697942
265458719
1205766692
1104590373
604624550
251698343
1104437286
603955757
1104437294
264357808
250832176
1088210864
376011955
373388599
597568056
264358072
376064317
265458621
603954240
603323585
264357699
603943108
374376645
264358214
600761286
264357201
922441558
1112358235
1028416477
265458013
1304793183
603955681
376320867
1205766499
265458533
374584167
604626409
1080630507
373442156
374791533
1163560428
375981680
264357105
1103606386
601031410
1071009790
373362297
600743162
1071012987
372931964
1112924030
tourism=hotel
61
604624003
603323141
1345854982
376081287
600798216
600525705
601025290
1080661257
603942922
1304922639
597568016
1103666450
372931738
603943067
596174108
600755354
597568032
597568676
1161620647
596178728
1208598952
1345340333
374583854
603323821
1071001138
1112924085
600823228
1103644733
264357832
597568073
251207244
596184269
1104631119
376320847
1082534865
1104423250
265458513
597567956
1103641167
1082539733
1304931280
265458006
601029717
601007964
1208599263
375981792
600829282
603323618
922441573
1112924006
603954535
264357995
269374828
1112924013
374667120
373622772
600826742
1345854715
377059196
1205767037
603323903
tourism=attraction
61
1104631168
373410051
373409796
1205773958
600525704
376081418
1304922635
1112924047
1208599315
603323924
596178584
1112924056
1088210587
1080665371
1206300706
372939299
1206300579
1345340324
603323176
603954088
1103644713
372939307
597568684
251207209
1208599342
374376367
597568305
1074107446
1112924089
604624186
265458493
1080648382
1104590529
265458116
1080608197
597568710
603323213
1345855182
374377166
376320849
1104423250
603324628
372932056
1104611417
603954265
1205766493
252057310
600828765
1103614178
264358245
1104433639
603953771
603323116
40117485
264357102
373388524
603324019
600743156
1104631159
376064760
374580604
tourism=viewpoint
61
1304793216
603324930
922441602
603954052
40117125
1304922627
1112924039
1088210818
1304931209
1103666442
600798096
596174097
603953811
251697940
600525715
372939291
1088210587
265458459
265458719
373442207
604625439
264358049
596178727
264358187
603954222
1104322863
251698167
372939191
1082538169
373388477
604624064
1103647682
376081222
603323207
600761292
1112924108
1082531024
1104581330
376081660
373388501
600752984
1112923993
1103678041
1082565081
26023778
372938723
1112924007
1345855080
1104611561
603943531
1104613740
600826733
26023668
1104313077
1205766519
1345854712
600743161
1103682044
250833789
264357630
1345855231
tourism=guest_house
61
1104313089
1104427270
1074042121
265458445
1103641230
603324814
1162282896
27114509
373409677
250834323
250833811
604672529
1071194390
206990103
265458459
597568283
264357792
596178593
1304793252
603953834
1080652971
251698348
603953707
604624173
596184235
603324080
251369905
1304997810
1104611508
597568054
603323325
1205774014
1080661054
251698368
374580678
1071031753
1112924106
1304931280
1208582352
603323601
1104581334
1104611418
603943898
373442268
373393373
373381598
600828768
252057313
603323362
1162282981
265458153
265458155
1104427372
600826733
1080635374
1208599153
600996342
603323895
600798201
1074088188
600755325
tourism=picnic_site
61
1104631168
265458562
251369987
1104313092
372939141
1112358536
1103666445
372932365
26023695
373374490
600525726
1103666463
603942944
603942945
603324836
600761253
1104590372
1082552997
264358056
374583854
1304991667
372932660
1103960119
373374520
1103682106
604624827
600761276
1345855035
600761278
603955774
603323071
1112923969
1112923964
265458627
603323581
603323206
597568710
251698377
1345854969
922495825
373374419
1112923988
597568598
26023640
372939225
372932056
1208599007
1104445024
1071006051
1104613752
603954148
374736611
603953764
374667368
269374826
250833774
376081521
1208582646
265458550
600753016
1071203705
tourism=artwork
61
1103644675
1104427270
373442054
1208598920
265458059
1165383819
603323148
1103601294
604672529
265458066
374580243
251697943
600761242
376064794
372932380
600755356
603943071
596178720
373381665
1104590369
597568037
603324967
40117548
600778284
1071030828
265458479
1103647663
373433137
265458224
1112924082
40117173
1103669818
1345825087
603942976
26023746
374582978
741685828
1082553156
264357704
1103606345
597568335
600752847
1103644754
265458131
372932310
603955542
1104321494
1104611417
376320861
600752862
1205773921
251209063
1112924008
1112924011
1104613740
1103606381
1103666540
603955820
250833899
373442039
1304931197
tourism=camp_site
61
1104611586
265458306
265458564
1345854982
603955465
1103666442
1082577289
600752908
600752917
373374489
1080654750
596174112
372939299
603324837
597568295
264357161
603942442
1103962155
1345854892
1075508013
1082565935
1103647669
596178613
597568054
1104631095
373409849
374375738
40117566
1104631107
265458627
1103681989
1112924099
1205774025
597568331
40117580
1208599117
603324107
376000463
1082531024
1080625743
603954261
374376280
1103678045
1103678046
1112356959
1304994272
373374435
603954531
376320867
1104433638
265458020
374667496
1345855080
1345854950
600826732
600823277
1082527476
252057332
264357750
376081660
265458559
tourism=museum
61
597568000
1345824898
597568643
603954180
600985604
604672516
373409928
600755336
1103666441
1205766795
604625932
372932365
600755346
265458324
603954068
264358040
265458073
374736796
264357405
1103647774
603324841
374582058
264358058
40117548
26023726
1162282930
251207220
603953720
1104322872
600752962
1103678018
1104314180
26023746
26023752
1103614153
601029708
265458255
1208598993
603324882
373393362
1103614164
1103960148
265458260
601029719
373341784
1304793176
265458523
269374812
1112356959
26023652
373388519
600826732
265458030
603953907
600743155
265458165
600752886
603953783
264357114
269374844
372931838
tourism=*
61
373441912
600755337
250834317
597568270
372932372
1080640668
603955741
603953826
1103666467
373381668
1103601189
1103644715
603954604
603953713
1112924082
603953715
252057269
1103960120
373410233
1304793146
1112923969
372932034
1304793281
1104590404
251698373
1103647686
597568326
603323587
1103601225
376064330
1104313085
1104631116
374376654
1163560403
1208598996
1112923990
1104611547
741685851
600978910
604624863
597568607
1205774047
376087906
1104423269
922441574
373442151
597568615
252057320
1104423400
269374827
596172523
603943406
601029744
375981680
597567985
1103614196
374667508
603954167
1071002360
603953660
265458557