16
building=warehouse
61
1103601281
1104587266
374583303
597568008
1112924041
1205773962
1103601291
603955087
603954193
265458579
603943063
603324056
264357117
603954589
264358049
597568677
1345855141
1112924075
597568044
264358061
922441523
597568056
373381688
1080632378
265458106
1205774008
376064317
24959291
1103666496
603323076
603943879
597568331
603954636
1103614156
372932045
376320847
1112923983
1082521297
373442130
250833741
1104631126
251369943
603942360
373409753
603323094
600829279
373388513
374580707
1104631142
603953767
603324007
601029734
1080631658
1103682028
1103614189
1074050545
922441585
603324915
1345854972
600743165
373442046
industrial=warehouse
61
250833792
374736641
922441605
250834311
603955592
1074042121
1205773962
265458572
603942925
603955600
264358034
374376084
1112924053
603324056
1304793242
600761242
603323932
1080643102
1112924067
596174116
1205766950
596184232
1345855147
604624173
1162282801
603323826
1074107446
603323063
265458106
603953725
24959294
596178626
373388486
1104631111
26023624
600752970
1345825099
251369932
1103641167
1208582352
601029712
1103601234
1163560403
1304787925
264358231
1345855067
377009500
374376415
264357472
601029731
40117477
600823270
374667368
265458153
373441898
1112924012
603323893
264358262
1104433655
600755323
26023676
landuse=industrial
61
250834305
373381633
1112924034
1104313089
1345854728
600798217
603954058
603324044
1304931213
374667150
374375954
1345854867
250833812
597568022
603954582
373374490
374579994
375981725
1082577054
376081310
1112924065
597568292
597568293
600784551
600752937
596178605
374583854
373441967
264357171
1104631095
251208761
372932034
597568069
597568585
265458634
601029720
269374809
1071003352
373374429
265458526
1080637917
596178657
252057318
1080667878
1103962088
1103647721
1103962090
1345854974
600823276
603323118
374583279
600798190
603953776
374667120
1208599155
741685876
1082577012
1104313076
265458171
603955067
265458302
amenity=loading_dock
61
1304931201
603954058
603953678
26023695
1345854864
603324049
1104445077
596184213
603324053
264357146
1082532893
604672542
600798109
1112924062
1080615581
603953699
600755364
264358053
1208599209
1042047403
1104437291
26023726
1082576176
373381681
373433137
1103601200
597568692
1208599093
372932022
265458229
1082538169
597568060
1112924096
1088210755
600752970
1103614160
265458131
1304793172
269374807
600823256
604625243
1104581340
603323620
603954149
600823270
264357733
1345855080
373410025
1103682154
374667240
597568621
1104444911
372938738
1104433653
252057334
600823286
603953784
40117113
264357243
26023676
1104590461
shop=department_store
61
1104611584
1104437249
1104590467
1088210948
251208708
1345825028
600525702
601025290
250833803
603323915
1088210954
596174094
373442191
251697935
264357136
1104587294
600798111
40117152
603942949
374581926
374736549
374580519
1080624809
1103644714
603323814
373388588
600784557
1208599216
597568049
604624048
1104590386
1104322867
1208599097
604624827
265458238
603323967
600752962
1205774021
601029704
1080638152
1162282826
1103960145
265458131
597567960
603323102
603323616
1104590434
1103678053
264357096
374699497
374375658
600978923
373341809
1206301172
603323893
597568630
603323894
596172532
372932342
603954170
251208951
shop=variety_store
61
600752897
373341826
40117505
1104324877
265458191
1304931215
1080664981
597568278
251698328
603324057
376000670
603954591
603942945
603953700
374667173
1071199655
600752937
372939307
1104590379
1345340331
26023726
1103647665
1088210866
1112355764
251207220
922495798
374581812
603323064
1104611512
372932027
600798140
604626365
1074057788
373388603
1104590401
1112924101
741685833
1103606346
603953739
1104427342
264357839
373381583
372932310
600752855
1103666521
374582874
1103682139
252057309
373393375
1103614177
603942371
1162282855
373410025
1112924012
376081393
376011251
600826739
374583028
603953782
373410041
603324927
shop=supermarket
61
1208599170
265458564
265458181
265458311
604626440
265458569
1104437257
1304922635
373442195
1080608661
1103962136
1082566168
1104437274
600743152
1304793119
1208598945
596178726
597568683
265458224
27114545
603323824
1104631092
1104592184
252057272
1103647674
1104631099
1104590401
1073995458
252057281
603954116
252057285
373381573
374581833
269374794
264357710
1104581331
264357972
1208599129
252057305
603323097
600829276
603954141
372938718
376000094
264357090
265458150
1080636650
252057328
603955057
1304787824
603942387
377062004
1071206773
1104313078
252057334
251698168
603953781
1208599153
1345824635
1104444925
603954046
shop=doityourself
61
603954048
264358018
1103644675
1104423300
922441605
250833802
597568011
251698318
1112924047
603954197
373374485
1071016089
373341850
251698331
376081310
603324834
1205773986
374667173
374583077
1082568742
1103601193
373409962
1208599218
600823219
1070999995
603955648
373409856
603942982
1103666504
597568585
1103647688
597568331
1208599117
265458126
1112923983
1082534865
250833746
265458131
373409883
1345854943
265458016
269374817
374580066
1205766499
600828772
265458018
1104321512
1104423400
252057324
206990828
604626157
374583279
600743152
269374832
1104321521
265458297
741685876
600990325
374376823
1103647737
264357247
shop=convenience
61
1304793216
603324930
269374851
265458054
603943943
1080604808
374584330
597568012
1304931213
251369997
250833809
1104437274
265458589
373374494
1104332709
1345855141
1104314153
603954988
1112923951
251369909
1208598966
250833462
597568696
1080634041
1074107446
603953720
1205766711
1103641278
1112923967
1162282943
1103678018
1103960133
1208599109
373409735
603323080
603323212
1103666512
1082521297
603953619
1304787924
597567958
373442262
1103666522
600823259
1345855195
1208599389
1103614171
1071007075
269374820
373409511
374580328
374584167
601029741
601031405
26023792
1104631155
264358132
26023798
1112924023
1345824761
1104444924
shop=clothes
61
1345824898
1074054280
597568650
251208714
603323916
264357130
1304931213
265458447
1162282896
1103647740
603953816
1112924060
600798109
600752927
251697951
1082573857
1082561698
374667173
1306136487
374581288
1103962153
377009450
27114535
600778284
250834348
1082547126
264357943
251698361
1345340349
1345824957
1304997824
265458496
603323206
1104321478
1104631112
600828747
376081484
922441549
603955662
1208599117
373409487
601029714
600752988
1104321500
600752989
373362272
1208599011
597567972
1080627556
1104581347
1080609517
600752881
600826738
1104613747
603953780
597567989
1104613750
1103666548
1103647736
264357756
596178685
shop=hardware
61
265458173
1104437251
1112924036
1082576773
597568006
600961285
603954054
373409550
1103682064
600525713
374580243
372939286
374580604
604625305
1082578843
603323934
251207968
373441954
603324069
596178727
603323304
597568679
251208749
374376367
1162282927
1106787379
264358067
600778293
597568055
597568312
373441851
600761282
1345854789
251698374
600755397
1104314182
603943115
1208599244
372932045
1112923982
264358223
265458516
1304793176
1104611545
601007962
1112923993
1088211034
1161457497
922441567
1103682144
603953764
597567975
374667240
373442156
265458035
596178676
603953657
603324026
1208599035
1103647740
373381629
shop=furniture
61
922441602
265458311
1104437256
265458059
1103666444
372939277
265458189
600525711
600985614
251697939
600798101
264358040
376011929
1104611610
1112923937
597568676
603953701
1304793254
603323304
372939256
251698351
373410096
1104587313
1112924080
374375857
250833457
1104587312
251698359
1112923960
1104611512
597568059
1104314173
1104321470
597568064
372939201
264358211
603323460
265458629
1082557509
1080658557
597568712
264357187
269374799
265457999
597567954
603942358
600752862
597568350
603943904
922495840
1208599392
1205766499
1104433638
603954282
600978923
372939120
600743155
376064760
1080619130
603955709
372932606
shop=electronics
61
376000896
251698306
251369990
264357388
26023674
1082522395
1205766558
264357791
374583326
1304793122
597568036
1104587303
250834088
1103644713
1112924073
264358187
1208599210
600816174
1304793138
1104322867
374736563
1208598966
26023736
1104590521
264358203
250834235
1104314173
264357438
603954623
374791612
603323968
1073995458
376320834
1071004229
26023622
1082524231
269374792
603324101
1104611404
1162282828
1082558541
604624720
372932310
597568602
603323997
269374816
1208599008
1071005920
374736741
374582758
1103682151
1103962088
603943914
596172527
1304793203
600826742
373388534
26023798
601029753
600996346
1074068734
shop=mobile_phone
61
1103962114
250834306
603955076
376081157
600755332
1071012103
600798216
603943944
603954179
1071036427
597568015
1104445074
251697940
600752917
600752919
1103962138
1208599325
1112924062
1208598945
264357922
600761251
1304793252
373410041
372939129
1104631083
1103632813
1162459696
603954099
597568309
597568310
26023734
1208599224
251698360
1103644731
1112356923
373374528
603954240
1080619076
374376645
601029706
374584279
269374808
374736602
264357853
1304931166
1080627680
372939236
264357093
40117479
26023660
376081393
1104321521
603953781
26023670
1103682167
373442168
1304793209
1304793211
264357117
373410046
265458559
shop=shoes
61
1088210954
596184203
603943951
600798225
251208722
1112924050
374583700
600755346
596178583
373410202
600784539
1104437276
603954208
603323297
1345855265
1103601189
600798117
250833958
373410041
1088210858
603953707
264358060
1205773997
376320813
1104631087
251369977
1104437298
374581812
1103647669
24959288
26023610
600823227
265458368
603323585
1103678022
597568712
603954249
603323082
603954120
376011215
264357842
269374805
374377046
265458648
1104423385
374791642
373442268
264358239
265458528
1208599011
1104613752
603323624
596178664
596178671
373441904
922441587
251369973
373442168
40117113
269374846
1103962111
shop=alcohol
61
373442049
1104324868
265458181
1345824902
1104587271
376011277
597568017
603954194
376081430
603953821
265458467
1104437284
1073998245
372932006
600778280
374376233
603953706
1102915244
1162459692
372932014
1345855152
603954609
376320823
264357688
596184249
26023740
24959293
603942462
264358078
1162282943
376081474
603955011
1071159492
597568322
250833350
1104427335
264358088
1104321481
251207243
603323212
597567949
1103647694
376081232
1304931282
264357719
265458265
1208599261
600828765
1304931165
373409761
376320866
601029730
600752995
601031399
251698536
1071031400
600784619
40117485
1208599029
601029751
600752888