8
amenity=school
61
603324038
265458311
600764039
597568648
603943946
373441931
1103601164
603324044
603324047
1104324881
373409811
600525715
265458069
374581141
1104324891
26023710
1304793122
1088210852
373442213
603942950
597568679
1103644710
1088210476
603323567
1112923952
1104322865
1082560822
1104322872
373410233
1112923961
377009468
603323197
373442236
1205766846
1163560385
1345854914
376320836
1102915014
250833479
377059143
376064587
264358223
1088210644
1205766869
1103614165
1104631124
264357212
1103601247
376320863
1082582887
1205773927
373409511
40117483
1103606382
1082554479
1103666542
601035503
603954162
1080640243
1104611442
374580722
building=school
61
1112355200
250832257
251698179
603323908
373410055
1071036427
372931727
251698322
375981715
603955483
1080665371
1082567582
374376353
597568676
251698342
264358055
252057256
373374505
1104437291
27114539
1104587311
597568307
603323060
1103647669
265458488
264357816
1104321468
1104423358
600761279
1304931267
374580040
264357705
252057290
1103960143
603953744
250833364
40117464
1205766617
603323097
1112923998
1103641184
372938721
1080637025
603953768
252057321
1103601257
373442027
600753003
252057325
376064366
1103606386
374376562
264358132
269374837
1082541814
1082534775
1104433653
1071203705
1103606388
1104313085
264358015
amenity=driving_school
61
1205773952
1104332673
264357130
1104427275
603953807
265458447
251698330
1208599325
374791582
600761247
265458464
1162282912
1104437280
603323555
1102915236
603323172
597568682
1345855275
27114545
1208599090
373374514
600823220
1071023925
596178609
250834233
600755386
603953723
26023616
603954117
600798150
264358215
1103666504
373388486
265458507
597567948
1112924109
374376654
603323595
603324112
600761298
1304793171
1082539733
1304793174
1104321494
264357212
603323228
373442268
1208599007
1088211039
376320867
1104631141
600823270
269374823
252057319
372931942
26023660
1112924014
1080641010
1205766519
1104332669
1304931198
school=*
61
603953666
1104613764
374583303
27114504
1104324873
600798219
1208599315
1103647638
603323289
1304787994
1074011418
374375841
1345854756
374580390
603323944
264357161
265458476
603324973
1304991663
264357808
603323059
27114548
1104590521
1205766906
1304793148
603323585
1208599109
1103681989
376320839
1103606344
603323209
1112923975
1304931275
600798156
1074087373
265458126
1112924108
374580040
265458514
1304787924
373442262
603955542
1304793175
264357976
374376667
597568348
252057311
1304931168
374699489
1104581348
603955814
206991594
603942891
601031405
603954542
600752881
1345854835
374580343
604626041
373374458
1080622972
amenity=music_school
61
600968064
1080608769
1104613760
251698179
372939268
601025290
251698316
597568659
1104611477
374582421
603324057
1104437274
1304793245
375981725
264357791
603955616
1208598945
1161620643
1080624804
600752933
1104332708
597568295
250833965
26023598
1205766575
40117173
741685814
600778295
26023606
603324858
1103669819
265458627
1345854916
603954117
1112924102
24959302
1104322890
1103666508
264357710
250833743
374376272
603955022
1304931282
1304997842
1103960146
374377046
1074050135
1103669850
1080667868
40117472
374699489
1345854947
376081384
26023658
40117483
1082549872
603953778
603953654
374376314
1104332669
1103644671
amenity=language_school
61
1104611584
250834312
1208598924
264358028
603953815
603324060
250834076
373374494
1205766560
603323297
596174113
1205766692
1082552997
600798118
603954984
1074101930
1345855147
372931756
264358060
1345854644
596178620
600798140
252057278
1080615615
252057277
597568321
250834237
601029695
376081602
251698373
1112357574
603954119
1112924096
1112355275
1104423371
1205767037
603323212
1112924111
600752847
372932310
603323223
603323607
264358231
264357850
1104427355
374376667
374582874
374582622
1345854686
1103666528
264357090
1080641508
264357096
596178664
603323624
264357995
597568620
600743155
600826742
373362297
376064381
amenity=dancing_school
61
1104437249
374583681
600743169
1104433675
603943564
600755341
596178679
1205773969
1082523671
1074011418
374580253
251698334
1074056223
251697951
603953697
603955616
265458467
1088210852
1082552997
1082569124
603953783
1103962155
1104631083
603955628
374579883
1103647667
600823220
597568053
600823219
1104611516
597568710
1074037319
265458246
374581706
1208599370
601029709
603323090
376081660
1103666517
1088211030
1104590423
1304997844
596178651
600752989
600752992
1205766756
600798183
1103666535
1208599403
1104321521
600826737
264357491
1104590577
1103666549
600826742
597567991
603953656
1082557041
603324026
1304793212
1112924029
amenity=ski_school
61
1080641664
600961281
250833793
1082576012
1112924046
1104445074
265458322
603954580
250833813
1345854869
603324055
1074056223
1304793125
1103644711
1104314153
1112924074
600816171
1088210476
596178606
373388599
251369914
600752955
1104590401
265458627
27114564
373409990
264358214
1112924104
374791625
1071031753
1163560395
265458502
250833741
1104423370
1082565967
250833790
265458006
264358231
264357850
601007962
265458523
1205774043
604625758
372938718
1208599009
269374819
1103601252
603323621
269374822
1103601255
252057316
1080609766
269374828
1345855086
250833775
1112924021
264357752
1104631161
603942394
600752891
26023678