4
healthcare=*
61
374581252
604624262
250834312
597568273
376081555
1080612628
27114519
265458559
265458330
1104423328
604624807
27114535
600784553
1304793257
265458475
264357171
376320821
603324982
603955510
1082549688
1082538169
597568060
373374528
604624064
376320834
264358083
1104631108
603954121
597567946
264357707
922441548
1082531024
374581584
373442130
600752980
1074083926
1104590423
376081369
373442140
603954270
373381598
603323618
376064358
600828775
597567975
603953766
372932330
265458540
600978927
1208599025
1304787954
603323892
601029748
1080642804
373442168
1306424569
264358138
596178683
1304931196
373622782
1104613759
healthcare:speciality=*
61
597568641
265458177
597568643
600961281
600743171
264357125
372932355
373374467
1104433674
373409550
373410065
26023800
603954072
596178588
251697949
374580639
597568034
265458083
597568036
1163560355
1088210852
1103644714
603954094
1345340337
1345855027
603324982
603954230
1208598966
376081336
603323063
26023612
251698366
597568323
374583108
376000069
603954633
601029706
603943115
603324107
264357971
265458523
603323229
265458526
373409630
1082584162
597568611
600752996
372931942
374791654
603323880
1074069225
601029737
252057323
269374828
601031405
1345855214
373442162
1104587250
600996342
374667128
1104631161
health_facility:type=*
61
600525697
374582657
603954051
1104631160
251698309
373441921
26023685
264357256
1071036427
1073999118
600952080
1104444945
251207184
1304793113
1104611483
1345855005
1080643102
1082552989
597568675
373381668
1103960101
1082552997
1103682167
265458218
372939307
1071034924
372939309
1104437295
251698353
1104587313
1082547126
597568312
597568062
372932031
376320833
24959298
372932419
600752842
597567950
376001102
1208598993
373442133
601029718
376000732
1304997854
1345854943
26023648
600784609
264358239
373409635
600798183
374580328
269374836
1208599157
26023670
374791542
374375926
1162282875
603954941
600985598
251369983
healthcare=dentist
61
600752897
600752899
1080623108
1082576900
600764039
1304787975
1082522119
1103641227
603954188
265458189
603324046
1103666447
251697935
265458191
603954195
603955475
374582294
251208728
1103647768
1112355737
264357146
1104611485
600761247
1103682081
1161620643
1071206186
1080652971
1103644717
1112358190
265458742
600755384
603954233
1104592186
1080657339
376320839
374791625
1102915017
1082555726
1103606351
1345855187
264357334
1071003352
603942360
376081630
250833760
265458532
603323877
1103678054
1104611559
603323108
1080658665
600753003
597568620
264358126
1104613743
1208599025
1103666551
265458297
600996346
265458171
603942396