9
amenity=bank
61
600961280
1304793220
600755333
251698311
251369992
1104324878
264358031
376000912
26023695
1104324881
1103647636
1104324884
603942933
603323927
264358042
1074056223
374699551
373409570
596184227
603953700
1165293096
596178602
264358187
373441836
597568685
265458476
1074079792
600823216
1080632501
1103647669
264357685
1104631096
1103644729
597568311
251369916
603323968
596184256
376320834
252057283
1071159492
1112923972
603942393
376081232
603942394
265458515
269374804
1082536404
603324026
265458514
603942498
603323881
265458409
373442027
1208599150
1104444911
600752888
1104631161
1080610426
597568636
1104631165
372931838
barrier=hedge_bank
61
601025281
1345824898
251698307
600798214
1304926215
1304931211
374583820
250833803
1103601294
1082540943
1104330128
603953676
376336275
372938743
1104587288
1306424476
264357417
597568687
1071026736
1104631089
600761269
1104590518
603324598
1088211001
265458492
1208599357
251698366
1345824957
1103666496
1071006657
24959298
250833475
603323081
264357196
1080622797
1080639054
250833741
603323601
600752853
374667350
1103666521
1088211034
264357982
372932318
250833760
601029729
1104631136
597568610
597567973
603943910
600978919
601029734
601033446
1103614182
250833257
269374832
741685873
1345854833
1208599028
597567991
603954168
amenity=financial_advice
61
741685891
1104437251
603954183
250833799
374582024
1104613770
1104437258
603324044
597568271
373442065
597568019
600764051
374583700
1103601181
600525726
374699551
1103666465
603955492
1080624804
597568037
252057258
603955628
1080667693
251369977
1304997809
603324081
1304931251
603954167
603953717
922495798
603953718
603323202
1080608197
600743161
251369927
269374796
1082545997
1103681998
1304931282
373381589
600798169
603323483
1104427355
1103614172
265458270
1104631138
1208599268
376320871
1082569335
601031399
600753002
264358251
250833899
1104321517
374583279
1104631153
1088210934
603954551
1103647736
1345824761
1104433658
amenity=atm
61
1104613761
265458181
374581767
265458185
1082542093
251697936
604625168
251697940
1104445078
373410071
372939159
1103684119
604625053
265458462
603954079
1082569124
1112357540
1071038504
1104631080
1104437291
374375979
1104322863
264357808
376000047
374583475
250834099
373441845
1104631094
601029690
1112924092
603953725
596184255
1103666495
1080663363
1074037319
24959307
922441548
1208599372
1102915023
600823247
269374799
373393364
601029717
1103606358
1103644757
373409753
1304931292
600829280
376320866
265458148
1104590568
1071160425
1103606382
374699631
1103606386
251208947
603954164
265458421
1080642804
603323896
1080659455
office=tax_advisor
61
603953664
922441602
1082561799
604626440
600798220
264357388
1104324877
1103962131
600752917
373410202
1104437275
597568033
600752931
1112924068
250834342
597568296
1104427307
1088210559
604624048
1104590383
600823218
1304931256
373442232
1103644729
604625595
603953723
1104314173
1345854782
1205766846
1304793283
1082553156
1104423365
1082574664
603324104
597567946
922441546
1208599372
251207244
1112924110
1071004880
251207251
252057302
265458648
1074064346
1080664029
1103678047
1345854688
1080637025
597568609
1304793215
1304793188
1104433637
374377186
1104433639
1163560416
373441894
265458157
374699510
251369974
1345824762
250833791
government=audit
61
601033731
265458309
373409544
1104587274
1104324875
374583820
372939277
265458191
1345854611
603953816
1104437272
374376602
1112924061
264358179
597568677
603953702
264357800
1205773993
250833832
1080662828
40117548
1208582318
1082546606
1304793264
374583854
1208599090
374582445
1112355764
603953844
1104321466
603323835
1080657339
373388603
265458241
1104590401
600761283
603953916
1112924101
1104321478
376064458
376064330
373409868
374667471
604624720
265458001
373388497
1071009237
603954903
265458524
1104611549
1304793183
1345855203
597567973
1103647725
1071202286
269374832
264357746
601029748
597568630
1104611452
603954047
shop=money_lender
61
1205773952
1304787970
600798211
1104590467
1208599047
1304926215
596174089
373442061
1162282894
265458322
251697938
252057337
603324054
373441814
1345825046
603323929
251208728
376064541
265458464
603323305
1104322863
26023600
603942961
264357682
600784559
264357813
264358069
373409849
1104631100
603954240
1103641283
1082559816
374580298
374699467
264357196
600828748
600798158
1103606352
1208598993
373388496
1104611411
1103682134
269374808
252057306
1104631130
603323100
265458528
1304793209
374699489
600752995
603942498
603323877
373393377
603955681
1080630507
741685869
1304793198
600826745
603954170
1208599038
1104324863
amenity=money_transfer
61
374376576
374377091
265458052
250834309
1304793221
374376203
603953678
26023695
1104437264
1103682064
373341838
373441940
40117525
1080656660
1304931231
1080622879
1080607267
375981732
1104631078
603323816
1163560363
1080636332
604626477
603953712
376000816
264357682
265458226
1345340342
1345340343
264357174
264357431
1104631099
600778300
596184255
1071006657
597568321
603324104
1163560397
373409487
1304931280
1112923992
374791642
1082553564
1071015645
376081630
374582502
1104445031
603953766
1104433642
269374826
1103606380
600828783
1082553584
1304793200
600752881
251698419
600978927
269374835
372931958
264357753
596178683
shop=moneylender
61
372931969
1345854979
265458181
264358023
600755336
264357257
1104324874
1080662796
603954062
600525711
373341840
1104611473
251207184
1304931216
1345825051
1112924060
251698331
1104437278
1112924063
1080607267
372939299
372932007
377059196
1104437289
603953704
1208599216
1162282801
600755379
1345855027
1304931254
1304793147
600755387
372932034
1304931267
373442121
1208599370
603954249
1104322889
1112359376
922441554
1304793173
600752985
600829274
597568347
252057306
1304793179
1071021790
600829277
265458404
40117094
603943531
1103614187
26023792
1074050545
265458297
603953907
1080663798
603954551
1103682168
40117497
269374844