6
vending=parcel_mail_in
61
600961283
1304926211
269374851
1345854855
600752906
1104611469
597568016
600798226
1103647638
373381623
374667173
1161620647
373441961
600798122
1104631081
374375857
600823218
1112924083
1082566196
922441525
27114549
250833463
1208599224
372931770
1074057788
1112923967
251698369
1103647682
600752962
601029702
600752966
252057287
1112355275
1103669838
601029710
265458513
1103678036
1104611541
373442262
374667350
1304931287
252057305
1082584153
265458519
1103606356
597568349
1205774045
600752861
373388513
603955681
372931813
372938726
1208599398
264357995
376064366
603942894
252057330
264358132
251698167
1112924028
1104332671
amenity=post_box
61
603942916
1104427269
265458181
265458567
251369991
603953673
264358026
250833802
251369989
372931975
1205766926
1104437263
1208599052
1073999118
1162282900
251207962
1082577054
251208737
1104437282
1112923937
251698342
1071026473
1080635566
372931762
252057267
376081460
600755384
1074057788
600761278
1103666494
1102915013
373388486
269374795
1104322891
1208582605
1082542290
264357842
265458389
252057301
1082581591
604624088
1304793177
1080658009
1345854683
40117462
603323997
600823262
1304931166
264357215
1208599386
374699609
1071160425
603942895
372938738
377062004
1104631157
1104613750
603953782
600753016
1104433657
374582139
amenity=post_office
61
376011265
1208582658
374580739
1304922626
1304793218
1345854728
1162282890
1104613770
1103601291
251698317
251698318
603324047
1103647763
603954195
603323288
1161620633
1082565914
374376442
265458467
1304931236
597568296
1102915241
373409453
265458477
27114543
250832176
27114545
264357297
741685812
603324598
264357816
24959289
1104314174
1074089026
264358211
603323460
373442121
603323081
601029706
1082565967
1104321488
1163560401
1103601234
1104590420
603327956
250833749
603955673
603954144
265458529
1104445028
597567973
601029745
251208946
600743157
603954551
1104631160
1345824889
1080610426
603955067
1074088188
269374847
post_box:type=*
61
373345792
1104313089
1104437249
251698179
1304922628
1205773956
376011265
1074110215
251698311
250834179
603943564
264358034
373441814
376081563
1345855260
596174109
251208731
40117151
1104437281
603323303
264357247
252057258
603953707
604624940
376320813
603953710
1104314157
1304991667
1074107446
252057273
596178618
373433147
1103641278
1103666497
26023618
1103647684
374582470
1080612550
603323210
1104314186
1103960142
376320847
1103606351
1082521297
1103641167
265458135
1103614168
1304793175
1205774042
1205773921
265458533
1104445031
373442151
264357483
603953771
269374831
373622767
600823282
1103606388
603942392
265458047
post_office=*
61
604624129
1345854977
1304931205
1304922630
603324423
603954056
265458185
597568005
374376709
376081547
600755341
1103641230
1104611604
373381652
600752917
1104611608
1103647768
600755356
252057373
603942942
1088210973
597568293
1104427301
597568296
1074013098
603954604
603323821
603942961
374667186
600761267
264357429
26023606
250834103
597568057
603955517
596184254
1112924098
1112923972
1103666511
597568335
603323601
603324882
1103614163
1208598996
373410011
1345854972
1104631133
601007964
1206301023
600828763
252057310
1304793188
1104581348
1205773930
206991594
269374831
601029743
1082558067
1112924021
597568636
1104613759
amenity=post_depot
61
1205773952
250834177
603942915
603942534
603943175
596174093
603323918
1103632783
1104427282
603953811
374666900
1103962131
1103682070
597568019
603954200
596174104
372939286
1304931236
374583077
1103962154
252057260
1112924077
1102915246
264357169
373409716
374581812
376320822
376320823
1104611512
603953592
1304997816
376064317
1103644738
1103666500
1104314188
24959312
1082524369
373381586
603953619
1304787924
601029719
1112356952
1104611417
600828763
1104581340
250833757
376081630
1103682144
603955681
1104423394
1103614183
603323624
265458538
601031404
1104321516
26023660
601035503
252057332
603324021
603953781
374580597