12
building=construction
61
1304931201
373410051
603955076
376081157
265458059
1104437265
265458321
1104444947
600798099
251698329
604624667
1304931231
596174113
1071034787
1112924069
1112924073
1112923947
264357932
1104631086
597568049
1104332722
372932660
601000885
1080609849
264357434
265458619
600778304
250833475
603954245
372932037
1162459717
603323592
1208582604
603943885
1345855182
1104631116
603323216
252057301
1104427351
1103666522
374583259
603955550
603953759
1080634206
601029729
251698530
373393379
264357088
265458280
600784617
1080658665
264358126
1208599278
603323889
1104631154
600753010
1082521716
373374452
251369975
1080619130
1304931198
construction=*
61
374582657
376081540
597568645
604626440
603955465
373442058
264358029
1104324886
251698327
603323926
604625305
600798109
26023710
603323294
1103666464
264357922
1162282918
603324967
374581288
251698349
373409453
374376880
603323824
1104322866
603954612
251211318
27114553
596178618
26023614
251698368
250833475
1103614152
251207243
376064587
603323215
600752980
1104590550
1082560727
1304997849
1304793177
252057308
264358237
1205766751
1103614177
603323618
1103614179
603323108
264358246
373409511
373441899
603942893
1208599278
26023664
265458289
1082559728
603943027
251208947
603323125
1304931191
269374843
1162282877
landuse=construction
61
269374850
251208707
600985606
1205766535
1208599048
264358023
600798220
1208598924
603955732
1080664981
251697941
1082563224
1304931231
251207969
597568290
1104437247
1103644716
265458479
1103647663
1080612147
1304997811
374736821
264358070
603953721
600823226
1074057788
1103666494
1104314176
1104314177
601029702
265458631
1104427335
596178633
1104322888
603323212
603323084
1103641294
1082565967
1103601228
601029709
1103960146
600752980
1112923989
1080621524
373374424
1080604377
1112923999
741685855
265458143
1208599266
373442147
1103666559
374376808
250833257
1104631150
604624878
1104433649
1208599035
1103632760
603953787
265458559
highway=construction
61
603943939
1074042121
251207181
596174093
597568016
250833811
26023702
596178710
1104437271
1206300699
1104324892
603953691
1080622879
373381665
596178723
597568678
922519977
374376618
597568045
27114543
265458356
265458229
600755386
600755387
597568316
603323069
1082567870
603324988
597568707
251207244
597567949
376081484
603324112
597568593
373441874
603953619
373388496
1112788309
1304793176
252057304
373374429
269374819
600752996
1070997990
1104321511
252057320
252057322
374581226
1163560428
603943531
26023794
377875955
1104321523
1082558067
264358134
603324020
600752888
603953781
1104613754
1103962100
250833788
amenity=restaurant
61
251208962
1208599044
265458564
600798218
600752908
603954957
1082571021
251697935
1080660243
373374489
373409436
265458589
1112923934
603954589
264357792
596184225
597568677
1345854761
1104631083
600755372
1104631086
603954096
264357682
372931890
603324982
597568698
1103681979
1112924095
1103681984
1112923970
264358083
250833735
251206220
1103641167
1112923984
1103678032
597568594
603942995
1104611411
373442262
604626300
1112923995
601029725
1112356959
1205773927
1080636650
1103614187
603324909
250833774
1082529903
1304793200
1304793202
603323890
603323892
603953780
603943798
265458548
374582523
922495868
1104313085
600743166
amenity=cafe
61
250833794
603953666
1104433667
597568646
603323145
1104437262
603324047
1103606416
265458322
1103666453
1082525462
596184215
1104324886
604624667
597568031
251697952
374581288
264357417
250833452
264358061
603953713
1112924081
1208599091
1071014835
604624564
374580408
373381562
252057281
373410243
603954117
269374790
374582854
1104322885
603954633
600752976
374376147
1103669846
372931800
269374812
1080667868
1345855197
264357088
597568608
1103614178
1103614180
1080609766
1104321512
1088210665
1082553451
603323886
374583408
596178673
373442162
265458035
372932084
604624628
1088210934
603954169
373441914
1103647740
1071023870
amenity=fast_food
61
265458564
603954053
251698313
250833803
1104433676
603324043
603942931
373374485
1345855127
1080643101
1104437282
1304793253
1306136486
603954984
597568044
604624173
603323950
1104314159
373409583
1208599218
1080639668
603323188
741685814
1104611511
1345855285
1208599223
1112924092
373388480
1304997825
1208582466
1304931267
604626244
1082557509
603953742
600823247
374666960
603953745
1112923986
1104314197
1304793174
373441879
1103678040
603323224
373442136
596178651
1080637917
600752992
1104581345
264357219
600828771
603323109
600752998
1104321511
374580328
1104631144
1104433647
600828784
264357105
1104611442
251698165
1104631158
amenity=bank
61
374581767
1112923916
596174093
1082567185
603954580
603324056
265458457
596178715
374583453
1104590373
374666918
1104444967
1104631080
603323950
252057265
596178610
603324851
1104611509
1080657463
376320823
264358073
1103960122
265458491
1304793147
1208598969
374736568
603942976
1304793152
376000069
597568327
603324105
265458121
1112355275
251206220
1080651852
1104581328
374581584
1112923991
1103666522
372932059
603954270
269374814
922495840
1104321503
1104433655
373442020
26023654
1104611559
1103614184
1208599016
374583408
604625521
1104613744
603323120
1080641010
1208599029
265458167
603323256
603943673
373622779
377887869
amenity=pharmacy
61
1104613760
600961281
373341826
600525696
1082576900
1104611592
1112924043
603943948
600798223
597568656
265458069
374582294
377887893
373374490
1075522843
251207968
597568294
265458598
1104444968
603953705
603953708
1112924077
597568686
1103669811
1104590518
1205766711
265458487
603324598
373442114
1102915011
373388486
597568583
922441548
1208582605
1082545997
597568335
374582357
597568344
600823256
1112358236
264357985
1104590434
1205773922
1103682148
1104581345
1345855203
603323117
1163560430
603954159
597568625
1082557041
1304793202
373441780
376081396
600996342
1208599031
265458297
376000121
1080643194
1112924027
1345854710
amenity=bar
61
1304922630
1082522119
1304922633
1075520906
603954188
264358032
1104444944
1080657556
264357655
1103647643
251698340
597568676
600761256
1082540072
251208753
741685812
376320821
741685814
264357943
27114549
1345340349
1103681984
1112358209
1104322882
1080625731
1074089026
264358083
1103601222
741685831
1103632714
922441548
374736589
1080639054
1103960142
597568636
1208598989
250833746
1074017235
1080621524
603324628
603942358
1103606356
265458260
1103614171
1103614172
1205766497
377059175
252057320
922441576
601031401
601031404
1345855086
264357103
600826743
1112358511
600826738
251698419
600753011
1103682167
373409913
603954172
amenity=pub
61
604624129
1104313092
1208598920
1103601294
1104324881
603953810
372939283
597568277
251698328
597568667
596174108
373374494
251208736
1103666467
604624940
1103644717
374376493
1080667693
250833456
1082568109
1104587313
264358063
1104332717
597568308
264357688
596178618
1104423362
1103641283
1080608197
603324101
603953735
374582470
1103678021
374581198
1071004880
1103614163
600761301
1080643286
265458648
1112923993
264358234
603954141
600828768
1104581345
1205773921
252057313
265458020
603943904
374582758
1345855080
603323882
387532907
269374829
1080635374
1082529903
600752877
264357102
601029746
376081393
603954551
1104613757
landuse=commercial
61
373381633
1304931203
1208599044
1104587267
600525702
603955592
269374841
376064779
1304793230
603954197
376011929
251697946
1103647643
597568282
597568032
1103632673
1208599077
250833958
1082555174
603323814
1304793257
1162459696
373410096
1304997812
1082566196
1080609849
26023738
600823227
374582978
1208582722
1112356290
1112924108
1208599246
603953745
1071208404
1088210774
1104590550
1080604377
1208599386
269374812
1103678047
1103682144
373442147
596178659
1104631141
922441574
1103678054
374699624
376081384
1104631152
603954289
1345854833
251208947
1103647735
603324149
1103647734
373341815
600743160
1104433657
600743163
265458430