20
railway=subway
61
604625280
601025281
600752900
603954054
1082577542
265458183
264357129
600755337
1080604808
1104324876
265458061
251207182
374583700
922441620
27114517
603324055
1304793112
1208599064
596174107
1205773983
597568033
373410082
1104587299
1103666466
603323298
376064806
600752931
252057256
1103644713
1345340329
597568299
1082574764
603324081
265458610
603954099
597568692
600823220
601012536
24959289
597568700
1112923970
374667337
1163560397
265458128
374376272
1103960147
603327956
1104590369
265458520
1206301023
603323103
597568609
603954146
741685859
264358245
1104321512
250833771
250833775
603323889
600755320
597568634
railway=subway_entrance
61
373442049
1104324868
1088210957
600764048
1104324881
374376594
600752917
1103647768
596178587
603323934
1205773983
1104590369
1163560355
596184227
373410085
251698342
376320807
596184234
596178606
1104437297
1208599090
597568051
251208756
1104631093
264357943
600755319
597568314
265458496
597568322
1082521411
1304793156
603954245
1102915015
603953739
603954255
600828752
597568596
1162282837
1205766998
1082584153
1304931162
269374810
597568604
603323229
373381598
251698530
265458020
264357733
600753000
373393385
250833771
376000111
265458032
1208599025
600826738
603323888
1080625652
603953655
1103647740
1104590461
1074068734
subway=*
61
597568641
1104313089
603955076
373409670
1304926219
1082582412
1080605196
373442191
603954192
603954194
1208599315
1161620629
597568022
922441622
1304931224
596174104
1304793113
1345824761
1071003934
1112924062
597568672
1104437278
373442082
264358179
603954084
1074033575
1205766575
265458480
1070999480
40117560
1104611512
597568316
252057279
1082574148
600752967
1102915015
603954120
376320839
597568331
603953742
250833744
1082524369
1112924112
604624088
1345824990
1080637025
600823267
1103601252
601033445
1345854950
269374825
265458409
600798186
206990828
600753006
1304787952
265458292
922441588
604626041
264358138
250833791
station=subway
61
265458049
373409538
1074045445
597568269
603955600
373409554
1162282900
377009404
376011929
1306424474
1345824761
372939296
603323296
251698340
1104332708
1104587303
251698348
1082525613
603953657
600823216
374583345
1071001138
374583092
603954230
373409463
601029689
252057284
24959302
597568329
603955786
922441549
374377166
251206223
604624720
269374799
1104611539
265458517
603323097
597568602
374699609
265458524
1074021086
265458527
1208599263
265458145
601029730
600752867
1304994272
1205766756
1080609766
374667496
600753003
1104590575
1104444911
1104613747
596178676
1206301172
600826745
1103666556
1162282877
596178686
public_transport=platform
61
1205766532
604624262
264357767
374583303
1088210825
1205766539
374581902
251698319
1205766926
374376977
1104437267
1080656660
597568019
1082572182
373341847
1103684119
1071018393
1161620633
1208599066
1345854744
603955616
597568289
376000162
596178723
600752933
603324070
1103666469
600798119
1080650665
374667303
373388588
1345855148
373374511
265458480
265458492
600798144
376000704
26023750
922495815
264357961
1104423370
1104631121
1080649044
1208582485
600752858
24960091
922495840
264357995
26023788
372938734
603943663
1104631153
264357746
264357235
372932084
1104590454
252057336
600753017
604624379
603953661
372932095
railway=station
61
373441921
1104433667
597568004
1345854982
250833799
1112923916
264358034
1103641236
1103666454
1345855127
373409816
373409436
251697949
1104631165
372932005
1345340326
376081318
1071028005
252057259
1082574764
600784557
608603952
1112923953
597568306
265458098
1103632823
250833466
252057277
596184256
596178626
1080608197
264357832
600828747
603324108
1163560400
373388496
603323090
597568339
373374549
374582874
1205774042
1112923998
603953759
373433184
264358242
372938726
251209063
600823275
1103614188
265458157
373441902
1208599281
1104437245
373362291
1104590580
264357108
374667508
1104590454
376064760
600755325
1112924031
building=train_station
61
1104437250
1304926211
1208599170
374376709
1345824902
603954183
603323141
376081547
1103647757
1104444944
1104437273
597568027
603954971
1345855261
374699551
374667426
251698342
264357926
597568681
1103601193
374375979
596184236
372932274
1208582452
604624436
603953719
265458104
1103669815
600798138
264358072
252057280
1103666500
596178629
603954117
1103614148
1104631112
1104321483
1208582604
40117452
1082558541
603323088
1104581330
265458260
251207255
1345824728
269374814
374376415
264357983
1112924001
603323618
252057316
376320870
377009383
1103601255
264357098
603324909
1304793198
600798190
26023666
1103962102
26023672
highway=bus_stop
61
603954049
1104613761
1208599045
1208598920
597568011
1082571021
251207182
603324047
603323791
1104437263
251697938
1104324886
373442200
1345855260
250834076
600798108
1103666463
1304793119
1082552997
372932007
597568680
603954215
265458472
604624173
372932274
372932403
1208599220
1112355764
597568059
597568060
373442236
596178620
372932031
600778304
1080664258
600752962
1104423362
264357701
1104322885
376064458
603953739
265458507
1112923982
1205766863
1104631119
1104590545
600752978
603323089
597567960
601029721
265458265
26023642
264358236
600829277
265458270
1306423395
372932324
922441574
1104321516
597567994
1104445051
bus=*
61
1304787970
1304793218
265458052
1304787975
1104587271
603943944
265458302
1103666443
603323530
251697933
597568654
1104437260
597568656
373341840
603942931
596178682
373410077
1304793119
600761248
596174116
373381671
1074053161
374376618
1088210858
603954606
600798132
603323256
603323190
1304793143
603323575
1345340342
597568054
1074107446
264357437
603324609
373441991
1103606346
603955022
597567952
1112924113
1304931282
600761300
1112923991
1208599127
1071003352
251369950
600829278
603953634
26023780
1103601255
603324010
1103962090
922495852
1082582254
265458032
1304793203
603953782
265458552
597568634
1104433659
1345854974
route=bus
61
603954180
1304926217
600525705
603955600
1104437265
596184209
596174099
1082559637
922441622
600761252
1103601189
1306136486
1103644667
597568296
1345340333
27114541
1088210864
373409970
1112924082
373442100
374375992
1103647672
1104592188
1071002813
1206300990
1304997824
1103960133
26023624
1208599370
1104631114
374375882
1103647694
600743163
373388496
1205766865
1082546259
1103669844
600823253
374376403
597567956
1104631130
600752859
597568348
1304931166
376081249
26023650
1071007713
373341794
1103678053
26023782
264357096
375981674
374791533
603942894
265458035
264357235
251208951
252057336
252057337
1104433659
603942397
amenity=bus_station
61
250834177
1304787970
1104427267
600985606
603943942
251369993
1345854857
373341835
264358154
600764044
600764048
372932372
1103666453
1103962132
376081563
597568668
596178587
1208599196
597568670
251697947
1104587299
1112357540
1071034787
265458469
1112924071
1163560360
374581926
251698339
1103669819
1304793152
1071018817
1112924107
1104631117
604624077
1082569295
597567952
1103606353
1082534865
1103960147
600798164
374736846
1304793177
603954142
1205766497
264357219
265458148
1103647717
372938723
603954535
600826728
1205766506
603953771
604626157
1104631150
1074006766
1104444911
372939120
1082530293
1104313078
250833788
373381629
train=*
61
251698179
373409796
264357125
600755332
1304793225
1082566156
374667150
1103682063
1162282896
1345854736
603953808
597568280
372931738
1104437275
1304931228
600784543
27114528
1345855008
1112924066
603323811
264358179
600752931
1345854630
603323303
264358053
1345825057
1163560363
373409709
1345340335
264358067
1304793143
373409598
1304793151
250833475
1103614149
373441864
1080648655
1112359376
265458386
597567956
1104611541
603323222
251207255
600829275
597568605
1205766493
372932448
1088210913
26023652
252057318
601029736
600784617
269374826
1080650089
265458538
1304793198
265458162
375981684
1104613750
1112924022
604624251
bicycle=*
61
597568643
600961283
374699653
1104587268
603943931
1103601291
376011277
1304793230
26023695
603955087
603942929
265458450
374580756
1345854869
1104427288
1103601181
251208735
597568674
596174116
1103644710
1074033575
597568045
251698349
1071016441
596184238
376011955
251698355
922495798
1104611511
373441851
250834236
1103647677
264357693
374377154
604626626
1104322886
603323080
374375882
1112355275
376081484
604624077
601029710
600752849
603954258
1104581332
1104611545
603953761
265458658
1071004133
264357222
1104631145
600823274
1162282857
269374830
1162282863
1104590576
1345855231
1208599029
373341817
374582139
603323903
amenity=bicycle_parking
61
374581767
264357257
1082577289
600755339
603323148
603943951
373341840
603955732
1304931220
374580253
596178683
597568032
1104427304
1103644716
251208749
1104427310
1088210864
1082576176
600823224
596178618
265458619
1104321468
597568317
596184255
596178624
1104631103
1345855170
1112924098
1104631111
1102915017
922441546
600752971
1104314188
600828748
269374798
265458255
600823248
1103647696
250833360
1082524369
376081492
1104631124
1103682134
603943768
265458529
250833761
601031395
1208599010
1103678057
603323882
1345855212
600823280
603954546
376081139
603323893
374584181
1104631159
1104433653
1082550010
1103666555
1345854974
bicycle_parking=*
61
600743168
372931969
603943813
1080634887
265458056
603324041
250833799
265458059
374583052
600525708
603953678
1104324879
376336275
27114519
251208728
1104437272
1082566168
373442075
596178720
1112923936
373409570
373409576
372932655
603954096
596178610
1082571961
374667194
26023616
597568323
26023620
1103678021
1205774025
376064458
603943758
1112359376
1104581331
1080621524
603323220
264357334
603323095
600999384
1208598996
1208599386
1103682139
1208599131
600752988
1103666526
1103601247
1304793185
600829282
26023652
1080631658
372938734
250833777
1070999028
1082530293
376000630
603942519
741685881
1080657020
1071023870
amenity=bicycle_rental
61
1345824898
373410051
251208962
1304926217
251208714
265458322
373409554
265458073
373442075
1080643101
376000670
1074020901
1102915238
1304793125
603954088
596178605
264357165
1205766830
1208599216
596178609
600761266
250833460
596178613
265458742
597568311
385267896
1208599095
597568700
264358206
26023614
1208598975
603323071
1205774021
252057286
377059143
264357065
1103632714
1112923980
376011215
1208582352
373374419
600752982
1074050135
1205774038
269374809
1104581338
1074105725
1208599007
374791519
373433184
374582758
1103682154
603943531
596178671
601029744
597568112
372938736
373409523
374580597
264357749
1112924029
aeroway=taxiway
61
603954049
1104427267
264357637
265458054
600985608
1104433673
597568266
603954188
1103644690
603324052
1082563224
1208599196
922441628
604624289
596178593
374582563
1345340325
1080662953
1345855147
1345855148
603323181
1088210607
597568303
603954609
600778290
265458612
1103960119
264357816
1074028860
603324988
1304793283
1345854916
1102915013
1103641283
1205774023
376000069
603943108
373374538
1345854918
603324108
26023628
374376147
1208599252
603954140
373410141
264357982
264357215
603323110
600828780
1163560428
604625521
373441906
603942387
265458548
1103606388
376081651
603953784
1345824762
269374844
1104313086
600950015
amenity=taxi
61
1104587264
600968064
600985604
600752900
1082522119
603323530
376081291
373409554
1112924050
372932372
40117525
1088210710
264358039
373409816
1306424474
1306424475
1074056223
603954079
372932255
603324832
597568036
373442213
597568292
600784551
252057256
603323821
600798132
251211318
264358073
1104611516
373374525
1103669823
264357187
251369927
24959307
1071012987
1163560397
601029707
372931921
597567955
597567956
1304793174
1112356952
1345854688
373393377
372939236
269374820
252057317
1088210665
603324014
601029743
1112924014
376000111
1205766900
252057333
600753014
1304793210
1104332667
26023676
1104332669
375999743
taxi=*
61
251369984
26023680
264358146
372931715
251369990
376081291
600752908
1088210957
376000651
373374479
603943698
603954195
1080659604
603955483
373442171
1208599329
603953656
1080650665
1205766570
1104427304
250833965
27114543
1074079792
1103647663
596184242
1208598962
251208756
250834233
374375738
603953723
1104631100
265458747
603323202
1104321474
1080664258
1104321478
373442121
1082576590
374376147
1304931285
373393373
1103678048
372931937
376087906
1104631136
251698530
1304994272
374582121
1104433642
603954157
741685870
269374830
269374832
264358129
600823285
603323895
604672504
600753018
373622779
373409533
1104324863
share_taxi=*
61
373345792
265458179
1304922628
1104587269
1104427270
600798217
374583820
1104437261
603954062
1074052749
603954193
1080612628
206990103
603954071
251698331
264358008
597568669
374580126
596184227
264357668
1104631077
603955492
603953834
1071026736
376081460
251698168
1104590521
372932666
1103644729
603954620
1205766850
1345855170
373433158
373442121
376000463
603954639
1103641167
1080660049
597568344
1080659928
1206301018
377009500
1088211039
374375904
26023650
1103666530
603323876
1104631140
603955814
372932582
1103682151
1103678057
1103606383
600752881
604624115
600823285
373374456
597568635
372931964
603953661
1104437247