5360
4340
7459
1799
9198
2559
2142
970
4490
7570
4480
8530
7347
696
6389
8377
5747
2069
58
9419
9037
739
8325
5900
2325
2755
4635
4060
1737
423
6186
850
8715
7397
2649
1465
9957
4791
6387
4247
6113
668
6529
3260
1364
2718
5389
7111
4787
9399
83
7576
10138
8408
3277
2264
4915
1664
6324
6653
6039
6263
1255
8507
7412
3904
9972
7169
2447
6160
5169
8560
6828
1498
5572
8192
8169
761
9056
6708
10160
9139
4085
3850
1099
1114
10066
6014
2778
10143
6419
8817
6206
7674
7124
3418
5330
6897
4340
1529
6809
3261
3841
3437
8711
9413
5381
432
3926
8189
7141
7838
880
1026
1489
1979
2140
1355
1746
8870
1298
1917
7487
1256
3344
8364
8627
2426
9013
6719
3956
5622
3732
7797
9059
2243
7011
8192
6628
4689
6182
3569
2328
814
8547
7769
2794
4439
2876
8492
3109
4175
4161
396
9383
7505
2512
1562
9932
1325
8281
7640
6947
1813
5237
9758
8009
6000
7751
4437
490
7685
1758
2818
2251
105
4339
5045
4544
7215
7289
7653
5142
1251
1801
4326
2508
4314
5888
2240
5639
7922
9880
2387
3487
8870
5897
5248
4670
7400
9685
9112
4885
5195
5682
7137
5300
10021
5934
3596
7037
6976
1049
1979
8227
6803
57
4487
917
9898
6728
308
1372
160
6647
4859
9030
2345
10108
7453
9745
3345
6365
8383
8541
1848
9272
7593
5621
8958
990
2458
5734
5991
8390
7713
2594
2199
2001
7463
1897
2481
7772
3269
2641
4219
1881
5424
316
5741
2677
10062
2838
2794
1997
1179
8594
1069
2525
4016
10027
7467
226
5562
3258
8616
7027
5853
616
9028
7068
6465
1309
4640
3487
7903
2612
5368
3127
6880
909
9756
6742
3747
6302
8739
8879
4697
3560
5156
2465
3388
2423
2691
2702
5681
5060
9729
5286
5676
2310
2155
5893
3619
547
9380
5274
7111
8500
8401
3792
3161
1709
4286
661
8012
6778
3292
6461
138
8448
8926
7478
671
1417
10180
104
229
3462
9343
9857
9724
5250
5551
3143
5797
8683
2170
2709
6984
4323
6501
3897
6033
4539
4558
7797
1117
7850
8010
1256
6098
6736
8734
521
1905
2467
4578
2135
9881
3721
1792
9405
8971
1095
6300
8520
9779
8470
4981
315
2594
5234
4212
2379
9774
2523
10176
691
173
1738
1947
24
2226
4434
4497
4131
6901
9075
18
6582
6548
5763
5787
9271
610
1887
7592
189
158
2373
4456
6704
7608
2421
9083
7182
4944
2811
7873
5117
4549
3573
9093
6775
8007
3391
4658
4708
6218
8629
5042
2567
8144
629
1638
8754
6468
2982
8944
378
9308
7152
7082
468
9573
5965
7650
4317
2528
9275
3187
829
6600
2080
7604
4407
5471
6015
2867
1490
4444
7909
8009
2388
2290
3399
942
8759
134
3638
9137
9442
4543
9972
9910
3916
9689
1112
1986
2018
4139
5173
2847
540
7253
4204
8899
6477
3971
1567
1719
8415
3228
3480
4555
5519
6879
9449
8030
7013
6840
719
7
1183
491
9917
9051
3933
4781
837
5951
8921
9962
2550
9461
768
6754
1912
7245
525
3479
2716
2692
460
6196
999
9931
6827
4201
7761
7593
4793
2232
7600
9928
2724
7318
8779
6657
5851
3369
6360
4572
3131
8910
7785
3899
9417
9698
4896
3694
2977
7612
139
7389
7560
1138
7120
4188
9291
4681
1581
3884
6914
9181
3612
3390
51
6144
3799
5903
9513
3911
4227
2444
6573
1813
6344
9742
1311
1040
3237
8240
2405
3376
5430
9965
8466
2350
7905
7558
784
9486
5194
1450
2220
8807
8792
6223
4751
6343
5878
4064
4006
10106
260
379
5671
6604
10122
734
1397
3159
8974
3802
287
8156
7519
2505
4259
5225
10063
5043
4511
9010
245
483
7617
2789
459
6120
9132
6337
3936
2938
10195
4196
7269
9618
4553
7191
152
9902
4102
2879
3504
8341
835
823
647
5094
6048
4462
3889
4312
3272
8086
8747
4641
675
9206
561
9807
9296
8449
6497
3043
2446
3567
2462
751
4510
6566
453
8613
9445
7909
506
4033
2484
1153
9127
8533
5616
6769
6597
2640
4655
9096
7282
9283
8103
1595
8890
951
10045
9140
7946
6243
2507
4160
6994
769
527
1199
3134
3724
9108
3641
7757
1392
4794
437
3677
4162
7206
4026
6803
5613
2923
7837
4696
4778
9432
7339
5729
9277
6279
3475
5320
2538
1388
6066
3307
1915
1017
194
9591
3877
3835
7149
5270
8629
7586
2699
6544
8544
6726
7099
3957
9649
4736
2406
4227
3968
9745
3708
6998
9776
935
6070
6066
2323
5889
3125
8190
6906
3319
7582
584
7154
8483
9806
9536
5869
2305
5880
4213
2783
2779
1922
6184
1267
4328
4163
5235
7825
7871
5985
7401
2559
1856
3267
8834
7745
6393
577
4451
3464
8159
8987
419
194
8593
9955
6063
4651
9587
4028
7434
6118
9902
3419
7385
7983
7582
6372
5608
9206
2158
6762
5517
4014
3781
4151
5511
3926
4728
3714
7391
6639
2502
7810
6833
4847
1317
6648
9498
704
4428
485
6822
4131
3904
7959
1914
5238
4131
1274
8196
41
8036
3513
8007
1618
7665
3318
5544
6145
785
6687
2585
3287
4297
3170
1886
5614
9819
1185
70
4047
5622
644
8178
9526
8603
3844
8516
6487
5119
265
280
6907
3778
8288
8525
5195
5358
7822
1141
6143
4309
7678
3182
2359
648
5069
1725
267
6
5748
4315
5628
6392
6245
8906
8748
3842
974
8987
8961
1239
9267
5668
5018
7355
7946
3965
6466
9520
5106
6361
7581
2584
9544
9940
7185
8365
5418
7452
2123
966
5519
1503
7358
5517
209
9858
9359
1183
8645
1872
6375
7713
7540
1193
8820
9238
9110
5086
8558
4017
1248
5940
353
4544
9632
7538
6661
4850
8743
8784
9768
4062
87
6927
9579
4248
6585
2490
9383
5031
4362
5558
6496
5655
503
5116
4693
9614
3955
7004
7383
9155
6696
1488
3499
6128
9027
3912
4731
7570
2496
4299
5384
6535
4978
8716
4535
5316
1006
3718
4099
9321
3029
395
4776
3532
9463
9469
6898
3218
25
8033
2173
6721
9522
9624
6602
