0.0156525
0.00822977
0.00677631
0.000475118
0.00492664
0.00469218
0.00712639
0.0100808
0.00558179
0.00478963
0.00431079
0.00512783
0.011948
0.000297832
0.00592096
0.00458734
0.0045287
0.0054602
0.00682403
0.000255125
0.00694142
0.00659499
0.0065721
0.0121649
0.00247326
0.00294781
0.00518577
0.00235824
0.00189541
0.00338353
0.0042476
0.0100703
0.00266085
0.00377465
0.00370817
0.00263629
0.00154888
0.00341157
0.00560835
0.0113977
0.00240106
0.00310108
0.00267598
0.00154532
0.0029009
0.00425648
0.00164887
0.00063156
0.00223018
0.00370947
0.00217295
0.0034956
0.00227604
0.00225296
0.00069474
0.00244283
0.00425454
0.00365691
0.00373448
0.00259841
0.00196455
0.000661285
0.00256581
0.00372348
0.0025185
0.00491369
0.00417563
0.00264799
0.00050726
0.00176549
0.00314465
0.00168325
0.00298785
0.00259104
0.00168316
0.000541158
0.00213578
0.00352843
0.00168586
0.00331875
0.00620539
0.00184797
0.00195402
0.00347866
0.00474695
0.00337998
0.000494605
0.00177909
0.00309033
0.00191145
0.00406219
0.00547751
0.00237688
0.00261293
0.00262066
0.00217805
0.00158315
0.000533003
0.00184685
0.00281691
0.00208276
0.00371779
0.0066691
0.00237522
0.00242795
0.00303634
0.00200316
0.00153107
0.000483745
0.00182199
0.00273699
0.00169598
0.00323933
0.00565545
0.00175374
0.00205372
0.00266676
0.00263986
0.0021925
0.000799754
0.00278697
0.00365095
0.00230609
0.0086831
0.00892939
0.00272768
0.00282214
0.00392484
0.00391498
0.00346413
0.00101418
0.00266919
0.00347416
0.00171398
0.00314007
0.00529855
0.00161066
0.00161423
0.0027867
0.00380402
0.00289641
0.000710515
0.00177173
0.00305779
0.00172742
0.00321422
0.006323
0.0022501
0.00219627
0.00248108
0.00475158
0.00185921
0.000510112
0.00186746
0.00310873
0.00200075
0.00432439
0.00579289
0.00179286
0.0020367
0.00249628
0.0030365
0.00243464
0.000798411
0.00312725
0.00416182
0.00279343
0.00498154
0.0081646
0.0027758
0.00299412
0.00429041
0.00469816
0.00345271
0.0006336
0.00221005
0.00360796
0.00196501
0.002961
0.00528578
0.00156327
0.00234136
0.00269928
0.00835364
0.00812205
0.00150265
0.0103557
0.0114012
0.00636256
0.00135814
0.0103586
0.00691829
0.00120664
0.00979605
0.00629611
0.00136597
0.00562438
0.00180345
0.0074279
0.00881067
0.00125699
0.00554
0.00166741
0.00209513
0.00217295
0.00610018
0.00182628
0.00057442
0.0020795
0.00803621
0.00618031
0.00128273
0.00583843
0.00206958
0.00237855
0.00263473
0.00599966
0.00186861
0.000784818
0.00222989
0.00886402
0.00266478
0.00146944
0.00442994
0.00568526
0.00227376
0.00281586
0.00232955
0.00530449
0.00155966
0.000554925
0.00206448
0.00659312
