9
cycleway=shared_lane
85
264119298
292622338
1194775560
264119306
1182469138
1103986709
1131139609
1306995228
295232541
1182469155
1204987960
446361658
1204987962
1159958591
295232594
1205022805
295232599
1205022809
1205005920
277374561
1316540012
279101048
297525889
292622466
292716169
443980943
130213008
1129574555
445067421
297525918
278724770
1235206316
447549106
295232695
295232696
1104540860
1300611772
1295083213
445067473
264117458
264117460
445067486
263571691
292622061
295526639
279907056
445082353
443981039
446319859
295232763
295526652
295526658
500069131
1187958042
292622112
288193865
292258122
445028172
292782925
279907155
742656866
288239459
278484339
1235213687
1235787133
293561728
292622208
500918680
292355488
1128697763
292622251
1107376044
770666415
446361521
1194769849
1207065531
492335548
292782529
1179868622
293054428
1187957728
292622314
496415722
292959225
1158183935
share_taxi=*
85
1152902671
1182469137
1110299159
292621855
264119334
26122796
293055536
1235202111
447548996
1179868746
26122827
445082189
288228947
293055607
293055611
492816000
1235226243
1104540311
431947936
492394658
1182743207
264117424
792698547
445067443
444060342
264117431
445082302
493571774
492816063
493571781
1235206860
708249299
1295083222
1295083224
708249311
292782822
292782830
1260748527
1316575986
1316575987
130219255
295526648
90376958
1316585733
295526664
446319885
292622095
130219292
278485803
1187957046
1221776698
278727487
738950984
292782922
433469258
292258133
292583254
1159958364
292782943
492712291
292782950
702048618
292275563
445032812
1129572205
1219138417
269522292
292715897
1152888189
292622216
501766553
269562271
292959147
1214153645
292622256
1235787187
293561797
501766616
292715994
264119259
1182467551
1234721264
279907316
446361589
354963962
cycleway=share_busway
85
450323972
278486533
26122762
278728730
416364576
1152888359
1205022765
446361645
492383798
1204997174
1214153787
450324028
1235213884
446361665
279101028
264117350
26121321
264117357
280205423
445082228
1188224116
1298385015
292622456
648999036
493571718
446320781
292622485
293055637
1147943062
792698529
278724769
263576227
500143786
419725483
1298385076
278724789
278974134
292782779
899203259
493571777
135765195
1295083224
446317272
496415478
130212606
278728458
792698645
792698652
292622628
500774693
492712235
445053748
500335413
278726968
292782921
1204992336
293564248
279907164
277374308
292782959
770666360
500335481
430262160
319309718
1235787161
1159958428
292355490
525405095
277374379
446361518
446361521
1160030644
128684986
264119237
292622796
1179868632
1187957209
1316576229
1182467564
1316576237
1306995181
1235202034
295231989
279907319
26122750
route=share_taxi
85
1204987916
1204997142
1205005849
1155459103
416364576
1106228255
450324003
292622374
295232564
419275334
1204964423
1179868746
1204987981
702048333
450324047
1234721360
264119373
292587090
279906910
279907425
269524068
1204988011
1214153328
1235226225
26121330
269524083
278728308
280205426
1214153338
648999036
1235206270
293055626
280205471
520161951
446317216
500143786
445067438
269524153
1194803387
1147943103
278724800
264117440
493571779
433469145
1103986906
446317275
433469149
447549152
500774635
447565553
1260748530
1214152950
1316575991
445028100
297364746
445028107
135768334
433469205
292958487
279907098
1194803489
447565603
278485803
445053740
446319922
445082425
445053759
1129572177
701338452
598176598
445053783
445028193
292622197
292622729
293561744
128684946
1128697752
1179868581
279915959
419728346
501766624
1235213796
1316576236
1205005816
1159958525
amenity=boat_sharing
85
26122757
1306995205
1205022732
293054481
278486549
1147942938
450324001
264119333
295232556
295232557
447548980
1235213884
702048356
1298415725
279101037
450324083
279101046
1147943033
292782716
130212992
292588681
520161935
447549075
295232660
443980953
292716191
278724768
792698529
292279456
443980974
1235206327
447549113
447549120
278973635
1235206852
264117449
493571790
1104540367
420160724
447549143
292622558
295232741
292622056
447565558
292599038
295232770
500069124
269522182
1214153485
1316585756
292782880
130219297
277374243
292622128
292599090
648998199
1274575174
445082444
492335436
1182454609
598176599
445053806
708249468
293561730
292622730
525405070
702048143
525405072
648996242
500686228
277374371
1152888227
1207065512
1179868585
277374379
1207060396
277374380
436639193
419728346
293054434
1158183907
26122725
875810799
292621807
292621815
amenity=car_sharing
85
1306995205
1235213833
445099539
702048281
1235213864
450324022
295232569
1159972927
278486594
293055556
445099591
1182455891
293449816
292782681
1205005916
445088862
444058736
278728312
1152888443
297525884
496415876
293055620
1316540045
1214153359
1298385045
742656663
446317213
263576222
445067426
445067449
278974146
293560523
1295083218
443981015
292958431
292782815
443981023
445082342
1260748527
292970242
1274575115
1204968716
500335381
292622113
655308589
742656815
702048051
277374261
445053749
278726974
277374271
1129572176
292959059
278726995
445028182
293561687
445053793
292782964
770666359
708249469
715629456
293561745
702048146
445099415
319309726
1235787169
292355494
742656935
293561767
292782507
293054382
1306995119
1128697778
292622258
292621749
1160030646
436639173
1160030663
264119247
269567472
704801779
1214153718
419274233
264119291
445099518
amenity=car_rental
85
26122753
264119299
264119303
96493065
264119306
501766682
278580773
264119358
412237906
429205593
279907419
279906925
269524078
445082228
264117370
1298385020
493571710
419846280
447565449
1204988060
1204988064
263576226
264117412
447549097
1235206315
792698543
277374641
278973622
292782777
1031697596
407081173
708249308
292782833
447565554
1194803442
1316575987
295232764
269524222
292958995
433469209
445028122
1214152990
1160030506
269522222
280206141
445053760
278726976
263571780
278727498
293561684
445028190
269533023
293054309
445032807
1160030571
500686189
1219138415
295365999
130216316
242024336
1235787181
1204992432
292959153
269523890
492329905
444063156
445061042
1179868593
1179868599
1207060408
770666418
1204958135
446361534
1103523780
770666441
1152902603
446361549
292621789
445099486
292621791
26122730
264119276
1103651827
450323963
292782591
amenity=car_pooling
85
292958722
1235213828
1204997149
1155459103
1179868706
1182469154
1235213860
278580772
278580775
1214153783
293055544
1235202114
288228950
295232599
702048350
278728294
292782697
280205426
279101045
1235206267
297525892
297525902
447565456
1194803350
420785303
445067427
492381859
1235206321
443980977
1300611772
420160705
899203267
295232714
1316575952
1295083226
1214153435
447549150
447549152
292622562
295232742
445041896
445067499
500369133
433469175
433469180
26123007
445028097
295232769
278485774
295526673
500774680
293054456
445082401
445053736
708249392
1194803505
1129526076
292622142
1214153023
445028178
292782940
702048619
445032819
277374327
288239491
715629448
292958603
288239502
1235213711
430262162
1214153133
444063154
701338549
292622262
446361553
715629522
1103523809
26122722
492383723
1235207660
1103523826
1214153204
292621813
436639224
450323967
amenity=bicycle_rental
85
770666498
278725122
295232538
1235202078
450324004
278580776
264119339
292782637
292621880
500157008
279906898
292782676
450324053
295232600
450324060
445088868
1204988017
875810931
493571702
1152888443
1205022844
445082249
493571731
292622483
443980949
445067417
264117404
263576221
278724768
135774885
493571756
1298385068
1152888495
278724790
1209742520
500069048
1205022918
445082319
447565521
742656722
264117458
295232724
447565527
443981015
445082342
445067501
292622576
1316575991
278485764
297364748
708249358
1205026068
1103987476
792698647
292782881
1214153516
446319924
445028165
278726985
1182454613
293561687
445053785
277374304
445053793
1214153064
708249466
1295082362
1235787143
242024328
500918670
292783513
277374362
278973340
277374370
277374381
269523886
128684985
293561791
1306995152
26122729
1235207661
1295095791
1235213814
1159958518
1159958524