9
amenity=waste_basket
85
295232551
279907372
292621877
1204997173
445099583
430855234
278486595
1205022803
26122837
279906908
1221776488
278725745
1235206265
264117379
264117380
277374613
263576219
269533852
263576221
264117412
431947952
447565491
278724788
447549108
493571764
899203253
297525946
297525954
1187411659
293560532
1260748502
446317270
1194803418
500069082
293560541
293560544
1194803426
1316575980
447565556
130219262
1316585733
445028105
292622608
447565586
1204968728
433469211
1204968733
431178532
446319920
445028146
1113023285
278726967
130213694
292622657
280202572
269528908
500143950
292782929
500424017
292258133
500143962
445028190
1159958367
293561703
1204992362
293054316
500335483
1152888192
445028233
292622738
293561749
501766553
1207060378
715629469
1204992453
293561805
1187958746
293561819
770666468
269533672
446361577
1187957227
446361592
1103523834
1205022715
amenity=recycling
85
278974470
445099528
292621837
1192545805
278725137
292622367
295232548
278486567
500156981
292599350
492334149
702048331
500157015
279906909
264117342
279101026
279101027
292621925
292621931
292621934
1298385019
26057852
1316540029
493571711
295232648
277374613
130213016
297525925
263576229
446317224
1298385065
292302515
264117431
1221776573
278974148
292782792
1298385115
1235217629
445082342
1214153456
295526646
90376958
433469182
447565574
433469200
278485778
277374231
1187957544
292782888
445053742
292782897
278727487
738950984
277374281
269528907
292782944
742656866
1204992354
292275563
648996205
292622714
1235787137
292959109
648996232
293054351
702048149
128684956
292782494
293054379
1187134896
1316566973
293564351
292782532
525405124
1104540619
1207065551
1316566993
292622809
445061082
269567452
420782050
269567462
742657004
1204987900
450323967
amenity=waste_disposal
85
292622338
264119322
264119324
1204997153
292621863
450324009
295232562
293055541
445099576
1129559612
419275331
279907421
500157023
277374561
445088866
445088868
279907429
444058728
1204988009
1234721387
447549040
500157048
26057849
496415876
264117381
443980936
1235206283
493571727
1182743204
264117423
447549103
1235206319
1235217587
492381881
297525945
295232711
278973129
445082313
295232715
1205022921
446317275
295232731
295232734
792698592
649002210
1295083238
1214153462
295232759
445053694
295232768
130219276
447565582
292782864
292782865
277374228
655308589
655308592
1214153529
1129528134
292258137
293564252
130216286
445028194
1182454627
1182454630
1214153576
269567851
292583291
293561730
292782481
293561748
1207060376
293564317
292783519
1187134884
1179868585
292959149
292622277
1205005767
292622797
446361550
1214153193
269560815
295231988
446361593
bin=*
85
445099521
292716035
1235213833
450323982
280205841
242027539
1182469142
279906838
1192545818
1152902685
279907363
1031684649
1204997178
1214153284
1194775629
264119376
500069456
1214152786
702048353
1214152809
875810923
445082232
446317184
420785303
278724765
447565475
447549093
278974129
1298385082
420160703
1235206848
493571776
278973635
263571661
297364690
450324180
500069080
433469148
447565533
500774622
447565542
269560562
130219252
500143865
433469178
445053706
292622090
277374229
292959007
1194803509
292782906
130213690
1194803519
1182454605
269533010
277374293
292782945
292782948
130216296
288239465
1204992362
269567851
292782959
279907187
445086069
293054325
1235787127
1295082368
1179868558
419720604
500918688
444063145
264119211
1207065529
280205255
293561809
715629522
278975445
1235787230
1160030689
293564386
1182467558
1103523820
445099509
279907320
landuse=landfill
85
279907335
264119330
446361641
742657065
293055542
1204997179
450324029
1204964418
1204964424
1214152780
450324069
1204988005
1205022830
493571703
500424317
418194557
26121343
1205022856
447549079
1194803352
1298385049
269533851
292622492
447565475
1235226276
295232694
1298385084
278974155
1235217613
292622030
445082332
293057246
447549155
26122985
1214153456
649002224
292279032
1182447866
295526664
278728457
446319925
278726971
1214153031
1129528137
269562186
445053771
277374286
277374288
1204992337
279907160
1204992345
445028189
1214153569
1214153060
500424036
277374309
130216297
1160030571
1235213677
26058104
770666362
288239484
130216324
430262152
445028239
430262160
500918674
1235787157
1204992405
1221776797
292715936
292963758
1214153151
280205253
96490440
1235213768
436639178
1306995147
280205258
1152902603
445061073
292621788
1316579812
292716021
26122746
recycling_type=container
85
292958734
450323982
1205005843
1235213843
1235213844
264119322
279907358
264119333
1235213864
292621878
292958778
444058684
450324029
278486592
293055558
1234721353
292716115
293055588
269524069
279906925
1316540016
277374604
292963486
1194803362
492394661
1235206310
1298385066
447549098
292963504
493571761
292716210
447549115
1129478843
445067459
450324164
445067463
431947977
493571788
445067476
446317274
292599011
292583150
26122990
1214153470
292782863
277374237
433469220
292622116
293054462
1204968760
292622141
445053760
1214153031
446319950
433469266
269533017
292622682
1204992357
293054312
500335465
1103102830
263575931
293561726
445028222
292622720
293561730
278973331
128684956
742656935
292584373
446361526
1295097269
1306612664
292621754
701338557
264119230
1187958721
1152888263
1207065551
501766616
500147163
1235213791
770666468
1205022715
445099518
recycling_type=centre
85
292622340
292621833
1234721289
1204987916
1235202068
26122772
1152902688
279907367
444058687
1204964420
293055556
1205022793
292622419
292716117
295232598
279101017
1204988006
500157036
293055597
264117357
1204988053
447565466
278724762
293055645
263576222
297525918
446317219
1316540072
264117421
792698541
295232691
493571764
278724790
277374651
1300611777
447549125
135765196
1298385104
277374682
447565531
1235217629
792698592
433469155
500143861
279907062
295526660
112664325
500369160
1214153485
447565582
1233599757
278485789
445028131
445108014
433469237
292622647
292782910
130213695
278726977
292258119
615999822
269533018
500424027
445028186
1160030574
295366007
1152888185
1295082362
1152888187
295366020
715629445
500918671
242024340
1128697751
1128697763
1159958441
292622258
1103651762
1214153142
292959173
1306995145
292622806
293054428
269533668
269533673
amenity=waste_transfer_station
85
500147204
436639238
1192545813
702048278
446361636
292782629
1204997166
292621873
419275321
1214153280
278486593
445099586
26122828
295232599
1205005913
279907419
445082205
1204988006
278728295
1316540015
1205022851
702048390
899203220
1235217565
447565476
493571764
493571765
1235206841
264117434
297525953
1031697602
293560521
500069066
1194803402
899203276
130212558
1260748515
500157170
295232762
1316575995
269524223
792698635
500657423
295526673
130219282
292622616
292782873
277374236
648998174
445082401
446319913
445028149
1129526076
1274575179
278727505
288193877
1129477985
445028200
288193899
292715889
319309697
293561739
500666266
1214153628
770666397
278973340
277374378
445101997
292959149
292584366
1187134896
1182450115
1104540613
446361543
280205258
1316579788
500335566
292621775
264119258
292622818
1131140070
1152902636
26122732
292963822
269560815
waste=*
85
446361605
292621834
292622351
264119320
1204987943
450324013
293055538
278486590
292782664
1204964427
445082194
292716115
450324051
295232601
295232603
445088867
297525899
293055638
1235206300
1129478829
278724788
500069048
297525947
1209742527
1214153408
297525954
433469133
130212558
1316575965
26122982
445041895
292622568
500157161
445067497
279907056
433469173
292279031
292622072
130219256
263571706
130212602
269522180
295526663
447565578
433469200
433469211
1214152996
708249406
445082430
278727492
292622664
269533014
292970326
292959070
614870880
445032803
445028200
292715880
1214153082
648998271
729859455
500686210
130216323
277374361
1244598170
293561761
1204992430
292622766
500335534
1204987836
525405121
446361546
446361549
1214153683
1214152660
292622819
1316567012
269567461
269533671
1316576232
436639207
264119282
1295095794
1158183927
264119291