16
building=warehouse
85
1182467593
295232543
1235213856
1204997161
293055531
1214152747
264119343
1204987962
419846205
1234721346
293055556
429205593
279101019
278728294
418194548
445082230
292782712
447549058
500143758
445082255
446317202
297525907
1235206302
792698529
1194803363
1001203369
278974123
297525931
447549115
493571774
293560521
447549140
1295083224
446317273
446317275
1152870634
1194803442
292963578
295232767
500369156
297364746
447565582
708249361
292958995
445082389
433469209
433469216
278485799
292622128
708249393
292599090
433469243
445053755
445028179
598176599
1204992346
292622682
1219138402
648996205
702048118
729859448
293054328
292715897
729859454
278583169
702048129
292622215
278974855
293561735
292783513
293561763
701338533
292782502
525406122
279101873
1235787185
501766581
1204987831
445061057
525405123
1214153681
1182467551
292783591
26122739
292622845
industrial=warehouse
85
26122752
1103134723
264119300
1205022731
450323994
1205022751
269524521
269524526
1214153266
445099579
1204987964
445099587
1031684685
447549027
279906921
279101033
292782703
1204988018
1152888435
292622473
493571726
1194803354
278724765
1235206311
899203250
297525944
443980986
899203260
1194803399
445067466
1316575948
445082330
1214153435
292622047
1316575976
433469168
447565557
1295087868
295526652
433469182
297364741
269561096
446319883
278485775
447565586
277374230
292958487
269522201
708249369
278485788
445028128
280205615
648996144
292622129
292782920
445028187
1129477987
1103102822
293564262
292583285
1187957622
293054325
295366023
293561735
292622730
500918671
1204992408
278973336
1204992419
1235787176
292355498
292584373
1306995126
292355514
293561789
770666436
445099465
1204958168
293561822
269567458
1235202024
292621809
1103523831
292621816
1179868665
landuse=industrial
85
1205005825
292716039
292621831
242027546
801924131
292621871
1152902706
278486582
419275327
419275336
1194775629
292958803
292782681
26121325
26121327
447549048
1204988029
1204988041
520161938
1182743192
1129574556
297525923
443980970
899203248
500424380
297525951
1221776576
269567683
1205022918
500069066
500657874
295232723
293560542
295232736
295232740
1110303473
433469173
112664310
130219258
1194803451
445082365
500069121
292782855
447565575
269522185
297364746
112664333
500335384
277374272
1204992332
278726988
1274575182
1182454615
1182454623
614870880
1129572192
1129572205
446319984
277374321
292782962
445086067
648996213
445028226
1214153608
279907210
1207060362
715629461
292783517
1221776797
277374371
292715940
292355494
277374376
292959153
264119220
293561783
445099454
1235201993
1235201998
1204987854
292715990
446361565
1187957728
1205005796
269560809
amenity=loading_dock
85
501766663
1306995208
1205005843
1204997140
501766680
1306995232
1204987943
447548980
279907386
1179868732
702048319
1235202111
447548995
293055558
445082190
450324048
444058718
444058726
279906926
1221776499
297525881
295232638
447565442
297525894
420785292
1235206285
293057174
277374614
445067421
1187957410
1316540071
1129574577
1129478840
447549113
1235206841
1235226298
1298385082
447549117
269567681
431947973
445067471
450324178
445082326
433469155
445082342
263571691
1316575981
295526649
292782848
500424452
269522188
445028108
277374232
292622617
279907124
738950965
1204968762
1129526075
1129572176
279907155
269561174
445053786
292782963
130216325
279907205
292963722
278583179
430262155
500666253
292958603
770666405
292584366
1306995123
1207060406
292622775
446361526
293561812
1221776341
1152888277
292621790
292959199
293561828
436639207
420782056
26122743
shop=department_store
85
1187957760
1103134723
26122756
264119310
1235202068
1234721306
242027547
1182469146
1131139619
450324004
269524518
293055528
702048296
1204987950
445082194
445082199
269525090
269524078
1235226228
1205022842
1205022856
445082251
292621964
1205022862
293057172
445082261
278724763
443980962
429200553
447565490
445082292
899203259
447565499
1209742525
500157118
264117439
447549122
492381892
1205022921
447565528
445067484
1295083239
443981040
1316575992
447565570
278728455
446319898
292622112
292782884
1214152996
1160030512
1129526072
278727499
1187957070
269528912
292782931
1129572184
614870880
280202598
288193899
293054316
288239469
1204992370
1152888185
500424063
445028226
278974855
1235787144
293054348
293054351
96491413
278974871
446361505
525405102
445099441
1103651764
293561782
292622788
1207065541
1235787214
292715985
1214152657
436639192
436639206
450323961
shop=variety_store
85
292621835
264119312
280205841
26122773
702048281
1147942938
1205022751
1204987939
1205022765
1204987950
1214153262
1204997168
1205022777
444058683
278728281
292782684
1316539997
500157031
1159972975
1194803338
295232653
1316540054
420785303
500143786
292302515
443980983
292782787
500157130
292782799
445082321
445067497
445067501
292970222
433469181
269524222
433469185
292782858
130219280
295526673
292782868
1316585753
1204968731
708249384
130219304
292782890
446319913
292782893
492712240
445053754
292782911
1214153023
445028171
293054288
708249433
292782943
1214153060
292275563
292782961
269522295
295366008
1204992380
292622212
1235787141
500918673
292355479
319309724
500918686
1152888227
436639156
436639180
446361550
1179868627
1214153687
1274592730
419728346
1205005792
1103523809
292622818
1295095780
1316567012
1182467558
1316567023
26122740
292621816
770666493
shop=supermarket
85
1235202068
278728731
450323996
292716067
1225463844
702048298
269524526
292587055
295232563
500156987
278486588
445099580
447548993
1159972933
419722311
447549008
1204987993
278728290
1316579941
279101029
292621928
875810923
445082225
264117372
264117375
130213003
447565465
1204988058
1235206303
1106138282
419846317
1298385072
431947954
292622516
264117429
1194803384
292302523
292782779
447549116
447565501
443980992
447549121
264117461
26122998
130219260
278728458
1214152989
278485789
269522212
648998182
445053741
130213680
445082421
1221776698
1214153532
292258119
277374281
446319952
278727512
500657511
496416104
1219138410
445028211
701338487
279915902
288193921
279907202
702048143
1187956630
1179868577
1152888227
1204958122
501766578
1295097269
1204987833
1179868607
293561793
436639169
702048212
1214153692
501766621
292958684
1160030687
436639203
1182467555
shop=doityourself
85
292716037
242027544
1204997149
292716065
279907362
264119331
1131139625
278486580
293055545
264119365
1179868745
702048336
295232601
26122842
293449818
279907425
292716132
292782706
1147943033
420785283
1214153353
493571727
520161938
292970130
1204988051
269533851
1235206300
436639229
1298385070
792698557
445082308
493571781
1194800326
264117449
264117450
899203279
345292498
264117460
500774622
447549156
433469172
1214153460
26123000
445028096
445053702
292782865
277374226
447565585
1204968728
278485785
263571742
278582567
445108014
277374263
445053755
445028155
1214153021
500335428
708249415
1160030556
130216286
1219138410
708249451
293561719
269522297
1295082365
278728081
293561751
1129875863
319309722
1207565722
702048154
264119207
292622258
1207065526
264119224
1214153683
292959187
446361577
269560810
1152902636
269567473
1159958515
293054452
1214153213
shop=convenience
85
278486532
702048260
1204987914
450323980
1192545821
412251686
292621873
295232561
292358195
1179868725
295232566
419722311
450324053
1214152793
444058716
445088862
1152888419
292958845
792698494
295232646
443980936
1235226250
443980940
1187958414
293057171
1031697558
292782749
292621988
447549092
1298385063
445353654
447565499
450324160
1147943110
345292496
1298385113
500657882
295232735
500069095
292622568
295232751
447565566
708249344
445053698
446319887
130219282
445028136
130213686
292782906
278727499
1204992332
293054287
293054290
1187956578
445032806
1214153064
708249451
278484341
500666231
288193918
278727551
1160030596
770666376
292622729
500918668
288239501
293561743
292621711
1207060888
1207060384
1204992425
292622266
292959166
1214153151
446361540
1274592726
278975447
1187957723
292621791
1235787235
26122724
770666473
269560816
436639217
1316583923
shop=clothes
85
278725121
26122762
450323988
1182469144
444058679
292358202
278486587
419275325
419275332
447548999
701341256
1204997196
702048337
264119377
278728281
278728282
279101036
500917356
702048374
418194555
292782719
702048385
130213000
1205022866
443980947
1298385044
278724766
297525920
292279457
447565483
1204988086
447549119
445082313
447549131
1129574609
447565525
447565528
445067482
792698590
445041889
1316575972
445082355
792698611
792698615
130219256
112664314
278485772
1103987476
277374230
648996119
445082409
445028153
277374271
293564227
279907144
433469258
292622667
269528913
598176599
770666333
292959070
288239476
702048122
292622208
288193923
1160030601
430262158
500918673
278728085
278728086
1179868576
1187957152
292959147
1306995125
436639157
1204992453
1187957714
598177746
1316567014
436639207
1182467565
269560815
1214153718
292622840
292782591
shop=hardware
85
354963969
292622338
278725132
1131139606
242027542
1131139619
1214152747
500424243
1204997174
292358201
26122810
295232574
295232584
264117331
278976085
295232603
280205420
293055604
493571701
297525878
492816000
292622481
493571732
263576222
447565473
1182743204
292588711
419725483
292782763
277374640
899203251
292782777
493571771
1235206851
445082308
493571781
1235217608
264117452
1205022932
292622047
292622053
295232753
263571706
1316585725
292782848
1214153479
292622090
269522199
445028123
277374242
1244605730
278582564
1160030507
445028147
293564227
293054276
263571780
708249415
292599121
319309651
445053786
1152888168
445028204
130216303
278484335
445028215
292622203
1160030601
1129875861
277374362
445099419
264119204
702048167
770666408
292959149
525405105
269523889
445099468
1214152657
292715989
770666472
26122729
1160030703
450323958
269523959
shop=furniture
85
1152902656
1204997129
1192545806
1179868692
445099541
1235202082
292622374
1234721327
450324020
292782647
702048319
292621892
292782660
1204987973
1179868751
295232609
293055602
264117363
293055607
1334063740
1187957374
295232639
264117387
1235206289
264117394
297525909
446317206
293057173
1194803361
278724770
447549101
1129478831
269524144
445082290
297525939
792698567
297525963
264117454
292782799
1129574612
277374680
292622560
292622562
1260748527
1214153458
446319861
792698615
295232761
90376960
708249350
130219274
269522207
500774693
277374245
655308591
742656824
277374270
263571777
278726978
288193860
288193861
875811148
1129528142
492712277
293054297
269533018
1160030560
277374321
1204992384
292622722
269523889
1306612666
1179868603
292959166
128684993
1204992465
1187957714
269567462
436639206
1204987892
26122742
269523958
292716027
292622846
26122751
shop=electronics
85
292716035
278974468
278974470
1235213831
446361621
278486551
26122791
26122797
444058670
292587055
26057803
450324044
293055573
450324060
1204988002
264117349
280205420
500917356
278728306
279101048
420785293
445082257
292622485
446317213
1194803362
447549098
493571758
1235226286
1194800321
493571785
1235217613
292622030
135765197
445067476
1235217627
501754597
292622565
26122983
263571691
292622572
269524211
292782837
433469181
26123008
295232768
1316585733
292782877
292959014
655308590
292622638
445082417
1129526074
277374268
288193853
269532989
278727496
263571790
292782926
292782936
445053790
445032806
288193903
293564281
288193930
430262154
292622732
430262157
500666259
701338515
1214152596
1207565719
500918680
1179868584
293561770
1107376047
770666426
1159958468
1205005768
278728655
446361554
264119253
419728341
292959199
1295095784
26122728
shop=mobile_phone
85
292621832
1182469140
26122774
1152902681
1182469147
292716067
1306995237
269560879
26122807
1204987960
26122813
419722311
1205005896
1152888408
292782681
293055577
447549024
1298385003
269524080
26057852
297525885
292782722
500157060
1214152843
493571735
1182743192
420785307
446317219
1106138277
1194803370
419725485
292782765
431947950
444060337
277374645
492394679
428672191
1205022918
447549133
420160718
263571664
1235217617
1295083228
292782814
445067487
447565539
295232741
1235226350
1194803439
446319856
292622616
277374238
1244605733
1160030505
1160030507
1160030509
1129528131
1182454609
269533011
708249428
1219138399
446319970
500335489
278974856
492383625
500918668
500918672
278973333
293561750
1204992411
292783523
293561767
1207060392
277374376
277374378
135769017
293561796
436639195
292621792
292622818
269533668
770666468
420782054
770666487
354963966
shop=shoes
85
1205022720
1274592773
278974469
1214152714
450323983
1204987937
264119330
278486562
492815913
702048298
295232557
292358191
26122801
292358194
295232563
293055540
1179868728
1214153790
26122822
1204964424
1204964425
500069456
1204987996
1298384999
292621928
279907434
278728302
295232623
419275891
447549063
1235206286
278724763
445067421
492394658
500157099
444060332
1235226293
1205022904
1187956922
447549114
1205022907
450324163
445082310
269561036
708249301
1214153440
649002210
447565545
447565568
445053710
292782875
445028134
708249388
1204968753
1187957046
770666325
277374314
445032821
1160030583
288239480
263575931
708249468
293564304
702048146
277374361
1160030619
1160030620
1214153628
444063142
292621739
292622251
292782509
292782513
292622258
446361526
278728647
702048202
446361549
1306995154
436639188
702048220
1160030700
264119281
278973430
251059197
shop=alcohol
85
445099521
292621829
446361611
445099533
26122769
702048276
278486549
278486557
279907363
279907364
430855204
279907367
450324008
293055531
264119352
445099577
292319807
295232575
445082192
1295098449
702048354
279101032
1187958389
702048374
493571703
493571702
278728310
130212990
447565441
446317188
292622470
443980937
1235206281
1235206284
420785297
493571735
446317253
445067462
297525959
443981006
708249296
445082326
1298385113
1235217636
447565542
500069095
26122989
500657390
295232754
279907062
292279032
445053699
278485766
433469201
292782868
269522207
292782886
703267116
445082413
1187958063
445028147
1204968765
130213707
500424017
445053782
1129572195
292782950
293564265
295366005
1235213691
1204992393
500918678
242024343
501766553
1204992412
292355485
280202660
292355495
1179868585
1283848113
292622788
1152888263
770666442
1235787229
501766624