8
amenity=school
85
436639237
1205022737
801924131
269524518
292622388
264119370
450324048
445082192
1205005904
1204997203
1316539999
1205005923
292782696
279907433
278728298
279906925
295232623
445082225
278728307
277374579
292622462
447549055
648999040
447565442
264117379
493571718
293055623
1194803346
447549079
492816025
1316540059
444060328
264117423
447549104
447565495
1221776573
269567677
1209742527
447549121
899203267
450324170
297364691
445067476
1316575979
292622060
292963567
792698616
500143865
269524218
292970237
445028096
90376962
1316585740
292622608
445053712
447565594
277374236
130219303
278726967
433469248
446319950
445028179
1182454621
615999842
280202598
1295082359
269522302
295366028
1179868558
445028239
1207060382
1204958131
292622775
770666424
1306612666
280205252
1179868618
292622819
436639213
26122734
1160030706
770666489
770666490
251059195
450323964
building=school
85
292621837
1235202073
1204997145
278728730
446361625
264119329
1205022772
278580789
1179868732
278486592
417995845
1179868754
279101021
26121324
500157036
264117357
648999023
26121335
493571711
1235206279
1204988039
1235206288
130213008
447565459
493571731
445067426
1298385062
264117415
447565480
492394672
1204988087
1187956922
295232704
450324161
293560521
1298385102
433469150
292963555
1214153458
443981043
295526665
278485770
500069131
446319884
292958995
130219287
292622132
446319928
130213705
293564234
269533005
278727502
293561694
130216288
293054316
708249457
1295082364
770666369
445028228
1204992391
1160030599
1128697743
500918682
1207060380
277374364
702048160
319309729
1179868582
648996264
492387754
292970414
279101873
1207065522
770666421
293054397
446361533
1179868611
1235213763
500335569
292959194
292621791
436639202
26122730
501766647
292782584
amenity=driving_school
85
1316579840
436639237
279907335
1234721292
292621853
26122783
292716064
292716066
1225463844
292716077
1204987955
264119351
293055550
295232578
292716114
292622427
1204988010
1234721388
1187958389
295232638
1235206272
447549075
1031697558
278724765
447565470
278724777
1214152876
264117421
292598962
447549109
445067459
1147943110
450324171
295232715
1194803404
1298385102
345292495
264117452
1235217617
1235226357
500143865
278485772
1204960532
292622112
500774699
500335409
292782900
1104540468
277374262
703267129
292959060
263571798
292258137
648996185
293054299
445028194
288193901
277374318
295365997
269567856
277374320
1160030578
500424052
292959095
1204992376
1204992381
445028223
770666368
1207060368
293561757
292970910
292621729
277374375
444063150
1235787195
292782525
1204992451
1207065550
293561810
1235787221
1205005785
1274592734
436639204
1235207660
1159958525
school=*
85
436639232
278486533
278486547
295232540
1182469151
293055521
295232548
295232554
295232555
430855219
500156990
1159972927
447549004
264119376
1204987988
1031684695
1205005913
445082203
279101020
1316539997
278728288
447549034
26121338
493571721
443980945
1204988051
1298385058
292621988
297525928
293560522
297525964
447549136
293560537
297364699
1129574620
293560543
292622054
443981037
26122990
1260748527
447565556
1235226357
292622581
433469180
295526660
269522207
445082415
292782911
278727498
292622676
708249438
1204992356
277374309
446319972
446319974
445028214
1235787133
500666238
293054336
278583174
1207060367
278974872
446361510
292782510
264119214
1207060400
446361518
293561778
293561785
445099454
1316566977
1214152643
293561796
264119250
292715994
1187958746
269567455
292621791
293561827
1235207657
269567469
419274230
419274231
269523964
1187957245
amenity=music_school
85
445099533
446361613
450323983
278728728
292599335
278580775
26122797
278486574
26122817
1159972936
278728285
444058724
1205005927
279101033
26121322
280205425
279101049
1298415738
1316540029
493571722
492381837
1155459222
420785306
1182743196
447549092
1129574575
492394672
1106138292
297525940
447549113
295232699
1129478849
295232708
1235226316
295232721
295232728
407081183
446317286
1214152941
1204960502
295232761
447565566
292622592
278728451
295526664
1274575117
433469201
277374233
492333353
292622644
1194803509
1214153018
130213696
293561684
501757271
1274575192
1214153567
288193893
280205670
292782965
269522295
770666368
130216324
1160030597
1160030603
242024332
500918668
277374359
1207060392
525405097
292622253
701338542
1214153145
445099457
128684997
1204992462
292782554
279906779
1103523806
1295095782
1235207660
1179868656
292621810
1316583923
1295095796
amenity=language_school
85
292621832
26122762
445099530
279907338
278486564
1031684646
278486567
278486571
278486580
1214153790
295232589
295232590
26057813
1205022815
450324069
1316579941
292716134
295232627
297525884
420785283
293055623
500143758
419846292
263576217
280205473
1187957410
431947938
445082286
292963504
447565488
500657332
899203253
445082294
493571766
278973622
295232697
1031697596
447565501
500069056
269567681
1205022921
500657866
1235217611
420160713
500143840
433469157
407081189
1152870632
500157161
708249321
445067500
443981039
500369137
278728455
130219295
278582567
1204968755
278726965
1129526075
445053759
130213696
278727513
319309657
269533021
1160030559
708249445
277374321
1214153078
279907192
292622724
319309702
1235787153
96491413
1204992405
292715936
292970401
319309730
293561761
1235787198
1182450116
1316583896
446361570
1182467569
436639219
264119289
amenity=dancing_school
85
770666498
292355590
292716040
445099530
242027532
293054480
1316579868
279907359
1235213858
446361636
278486569
135772223
419275331
292782660
292958277
295232596
292970581
278976087
292958812
269524079
648999025
280205426
450324083
278728309
292782724
130213002
493571729
443980953
431947934
1235226273
431947938
297525929
445082288
899203263
278977730
492381892
500069073
1316575955
443981023
500657390
292622579
269524212
295232767
447565570
292622105
292782877
433469216
278582564
445028139
875811119
292782897
277374264
288193851
292782917
500657479
278727496
445028171
445028179
1182454614
277374305
445053794
445028200
445032809
292970862
496415608
500335483
279915902
288239492
1128697745
1235213719
292355487
525405096
1128697778
292782519
1187956668
436639177
1160030667
269567454
1235787237
436639207
401573867
436639213
1182467565
1274592755
1316579835
amenity=ski_school
85
278486533
292622341
1214152714
264119315
1182469140
278486549
279907358
1204987937
445099554
1187956772
293055528
446361641
1205022766
450324016
1179868729
264119354
278486591
1316579911
279906912
292587106
875810931
445082236
1205022858
443980943
1205022869
264117397
130213015
443980953
292279456
1006031520
264117419
899203250
292782775
295232696
269524153
277374649
1194803384
445353661
1194800321
649002179
500369111
447565528
1194803417
292782818
1152870626
1260748515
708249318
295232748
447565552
1110303473
130212602
130219265
433469186
1233599749
447565578
280206141
269532989
278726983
269533008
292715859
770666327
1274575192
1182454622
1214153571
293561707
277374326
1235213686
445028219
288239486
1204992395
295366030
525405072
445028241
278973331
445099434
293561783
501766592
1179868611
280205255
419274220
279907314
293054452
446361592
292622845
1159972863