4
healthcare=*
85
1235213833
242027532
278725134
501766673
446361621
1205022745
1131139625
269560879
1152888367
1204987959
445099577
292319804
1205005891
445082195
277374547
288228949
26122838
500157023
279906926
26121332
130212989
648999039
292588673
702048390
447549065
500424329
297525903
1204988053
292622490
297525915
1182743196
1187957405
1129574559
292958881
1235226273
492658851
280205473
493571761
1129478838
1235206840
493571772
447549117
1205022921
1214152907
293560538
292622556
447565535
292622560
708249317
433469161
292958961
447565562
500069131
295526669
277374232
292959014
130213687
1221776698
263571772
1129528141
500143950
278726990
292622672
292782930
269533012
292583268
1152888168
742656881
279907192
292782969
430262147
770666376
293564300
277374350
1129875854
295366037
525405114
1204992443
501766589
1235787210
445099468
292622300
292622821
264119286
1205022715
healthcare:speciality=*
85
278486535
1205022734
1204987924
264119333
1031684646
1205022772
295232572
293055560
419275336
450324042
264119372
278728284
278728290
444058734
278728310
264117368
493571706
292782718
419846272
493571732
1147943062
493571740
1131147944
264117424
277374650
269567679
500069066
278974155
345292496
1295083218
1298385108
443981021
295232735
1214153440
447565538
445053690
278485760
446319873
446319875
433469201
292782873
269524264
277374251
445053740
269524269
708249398
492712247
1104540474
1214153539
293564231
648996176
1129572177
278727507
770666324
492712277
445028183
292782940
292782949
293564274
293564285
1152888189
292959106
130216324
715629456
1235787153
292782481
293561749
293561765
525405098
445099441
1207060406
1204987831
292599226
128684987
1204987836
770666431
1214153668
1159958480
293054434
26122725
292621803
269567470
419274230
292959225
412318718
health_facility:type=*
85
1158183940
278486533
1152902681
1205005858
1204997155
292716067
269524518
292358195
1316579894
135772223
278486593
1204964424
444058710
26122839
444058712
447549024
1205022817
1205005923
279101028
292716131
279907437
1334063742
297525888
496415876
447565452
447565462
500657817
292599454
135770273
1129574563
264117413
431947945
493571764
1235206847
297525954
278973635
1214152899
445082308
1214153416
278973129
1194803400
1214152907
1235206860
295232716
420160721
447549155
447565552
26122992
1182447866
292782846
445053696
708249345
130219265
292782862
446319902
292970787
130213680
292782899
292782906
269532992
1129528131
492335436
446319954
770666324
277374296
1219138408
445028208
445053814
269559169
702048133
715629458
288193943
292355498
292622765
445099452
1160030659
292959173
1205005767
500335566
1179868632
500147165
496415710
292783595
742657004
445099509
healthcare=dentist
85
1131139601
1205005849
1306995227
26122781
1214153758
295232554
292358194
1159958584
295232569
447548988
446361661
447548994
446361668
1187958352
292716115
264117337
1316579931
1205022825
1204988021
26121340
297525894
1235226249
130213005
292622483
1205022869
130213016
1131147932
792698525
1194803363
1205022887
792698536
447549099
278724781
1300611770
292782778
1214152894
278977730
450324165
708249294
420160721
445082330
447565533
407081181
445041889
447549155
292958961
26122993
292782845
90376960
446319872
278728453
278485765
500657418
130219277
292782872
1316585753
292782884
278582565
500774693
702048043
279907127
1214153539
598176599
277374302
445032804
1221776749
500424052
1001197949
770666369
1235213735
525405096
292622761
492387754
292622256
292355512
128684985
1207060409
1306612667
1187956668
1160030654
292622308
1235787241
269560813
1205005806
419274224