9
amenity=bank
85
279907332
1205022725
436639238
1204987917
264119312
264119315
450323995
1205022750
1235202078
445099571
292621878
702048337
26057813
264117337
264117348
269524075
520160370
1298385013
493571705
295232636
1235206274
446317188
493571719
295232648
130213012
130213013
292958364
493571740
493571745
1129478819
1205022890
1235206315
447549103
445082294
1300611770
444060352
293560519
493571787
742656722
447565522
792698589
1316575970
292782818
500069095
292970731
26122996
708249339
278485774
445082388
446319892
1244605733
738950969
1129526076
278726980
277374287
278727504
292622678
278727529
1219138416
288239476
1104541045
1001197946
1295082365
130216319
445028234
292958603
500918679
419720600
1235787164
1160030621
292355489
1128697778
293054392
293561790
293561791
292959181
1204958158
1194769878
292782559
293561823
269567456
436639207
1152902633
450323952
292622333
barrier=hedge_bank
85
1316579840
450323969
436639232
242027527
1204997130
450323982
1131139601
1204997142
292782625
279907361
875810853
279907368
1214153262
26122808
26122812
278486589
26057803
450324044
293055567
447549008
292716112
264117343
1205005927
1234721388
26057849
292958845
447565456
1235206290
1235206294
493571735
1147943062
292716197
1209742517
1300611775
1147943103
292622019
1235206858
1129574619
447565535
1187958496
1316575976
500143861
433469173
264118520
447565568
278485765
278728456
130219277
130219278
1316585750
277374246
703267111
500335405
445082415
292622652
293054273
1129528132
278726995
292782941
1219138399
277374305
269567853
293054321
1219138418
277374357
278973334
278974871
1214153624
702048156
492329895
1152888237
701338542
292621747
1214153151
280202687
445099470
292622286
269567452
292622300
770666468
269533670
1182467559
292599287
1221776379
354963967
amenity=financial_advice
85
419274241
1235213835
242027551
278580774
1159958573
293055539
293055544
1204997178
292622407
1205022793
279101026
278728292
1298415725
26121340
443980943
1235226255
447565460
264117397
1204988054
446317206
520161951
292716203
297525938
297525949
1209742525
1235206845
264117440
1205022915
450324167
446317264
446317271
433469158
1131137254
1194803433
1214153456
292622066
1260748530
295526651
292599038
26123007
447565577
269522187
292782873
277374236
292782879
447565600
431178533
292782893
738950965
708249398
292622650
277374268
292782910
288193860
1160030532
615999814
500335432
130213704
492335436
292258130
319309651
433469268
445028187
278583168
319309697
1204992395
525405075
1214152596
525406122
292782507
1204992430
293561774
279101873
269562296
293561792
293561796
1235787210
1234721227
293561808
770666460
446361565
269567456
269533667
269567460
26122744
amenity=atm
85
1306995203
445099529
1214153738
242027530
445099538
1159972892
446361631
293055523
1235213861
1031684646
292358197
444058681
278486590
447548996
1204987973
1204964427
295232590
1316579920
292587090
444058728
1298385022
447549055
1194803345
520161946
493571745
1187957410
292622498
698801315
445067435
1193634988
278724781
1205022900
277374649
297525951
1209742527
292782790
420160720
443981015
292622047
447549153
500069093
1260748519
90376957
446319875
26123013
130219278
792698639
648996119
433469216
269524256
292622626
1204968744
445053740
445053748
433469238
446319928
277374285
1159958384
293054321
446319984
445053814
445028226
292622724
430262154
1214153620
1160030615
1103651754
445099437
292622766
269523887
1187134895
1235213745
436639161
264119226
292782532
1235213767
280205256
1235213770
292622800
1214152676
436639205
1205005804
26122732
26122744
1182467583
office=tax_advisor
85
450323969
1205022723
293054468
1031684626
1205005843
1214152736
264119330
1204987939
292621859
1031684646
1204997175
264119377
292970581
293055574
444058712
1316579928
269524066
26121320
279101037
444058736
1204988019
1204988023
1235206263
1316579960
447549051
1214152829
445082255
447565457
297525910
447565470
297525923
1182743204
446317221
278724776
493571754
277374642
899203261
345292498
1298385110
293560535
292782832
292782837
1214152950
446319863
708249340
297364746
292958995
278485783
1204960535
433469209
292622110
292622113
1194803495
292963623
875811119
292622659
293054278
292258119
445082439
1182454605
292782931
445028183
446319966
445053794
293054316
770666353
269522303
293054348
1129875854
1204992403
277374357
770666405
292783527
1207065520
1235787185
445099459
1204987850
1204992465
1235213786
1179868635
1187958235
1179868638
1103523809
446361579
1234721261
government=audit
85
278974465
278974470
1235213831
280205841
446361618
1204997141
278728730
26122781
500424237
702048303
1179868729
278486592
292319810
701341256
26122825
293055564
492334158
295232590
264119375
293055566
292621925
278728296
269524075
742656619
1204988018
445082227
292716169
277374603
1214152843
1235206289
292970130
292782755
1235226276
278724776
278724780
277374638
445082290
1204988087
443980990
269567680
445082304
269567683
1147943108
447549132
1104540367
500069075
1194803420
500069107
295232762
1110303484
278728455
1194803466
292622608
500774680
1214152989
492712235
130213681
708249414
292782921
292622672
278727506
770666325
492712281
500666207
445032816
1235787138
1104541074
277374359
648996250
1204992419
1107376039
444063147
264119213
444063152
269523890
1235213754
445099452
264119249
1235787230
292621790
436639203
1235207658
1179868652
450323957
450323958
shop=money_lender
85
1159972867
1103134723
264119299
96493065
1204987922
264119318
1131139606
295232537
264119321
264119330
702048293
292358197
1205022794
295232590
500157011
269525092
279101028
295232623
445082227
264117368
26121338
297525884
297525895
1214153353
1235226253
1214152848
493571730
293057171
1194803352
1182743206
445067433
445067434
1001203369
264117422
500143799
445353655
445082296
295232701
1300611777
450324176
447549138
433469154
295232748
1110303484
1214153472
112664327
1235206418
130219286
277374241
648998182
445082409
130213684
445082421
277374299
1214153567
492335458
293054312
649002362
292622714
702048131
1204992388
288193935
1129875856
292355479
1128697755
419720604
292783520
293561761
701338533
445101994
292622765
292622254
1235213757
292959166
436639171
1204992451
280205260
292599246
496415702
436639190
293561818
292621791
1214153190
292621803
1205022710
amenity=money_transfer
85
292622343
278486544
1031684644
446361640
292358191
419275336
1204964427
447549006
492815952
279906909
1316539999
444058720
1234721380
278728301
1221776499
1298385023
1205022851
130212999
1316540040
446320785
292622485
278724766
293055647
520161951
447565480
444060332
445067438
297525949
792698580
264117461
292970711
1316575962
293560540
792698590
295232742
1235226342
792698599
501754602
433469173
792698615
1316575991
130219258
263571713
26123009
297364743
130219281
792698643
446319896
445053742
738950969
292715837
433469248
293564227
738950980
293054284
293564248
1204992345
445028184
288239459
496416101
293564262
288239466
278727533
1235213681
279907192
1204992395
242024336
702048146
293561762
1204992419
293561768
1179868597
1128697781
1316566971
1182450115
1205005768
445099464
264119248
1179868637
770666468
1160030693
26122729
419274222
295231987
1205022717
shop=moneylender
85
1152902656
1234721289
1235213835
450323979
1204997141
264119318
1182469142
242027544
1152902679
1306995230
450324002
1205005858
269524522
295232569
1103987260
1204987970
430855238
1214153293
295232595
295232600
293055577
1205022818
269524070
1221776499
420785283
496415876
1235206294
447565467
1194804896
493571745
292716193
278724776
292622505
295232690
500069051
899203261
445353662
293560532
1316575970
26122996
90376957
1316585731
292599059
292583188
445053719
278582565
1204968742
130219302
277374255
1204987903
445028163
278727491
130213703
280202572
292622676
1129528149
708249454
292715889
292782966
500335479
1235787133
269522301
288193943
292783518
1207060387
1187134884
445101998
1283848111
269523888
1306995121
278580147
292782519
293561783
445099464
278728655
1187957714
1204987868
292959199
292622820
1316567014
292783593
1214153713
1152902642
702048247
1235213823