6
vending=parcel_mail_in
85
292959258
1205022751
1205005858
1131139619
295232555
450324014
1205022777
1234721346
447548996
26122842
279101018
445088870
1205022825
1159972972
1204988018
264117366
292963464
445082251
292588688
1147943062
263576217
297525915
1235206842
1214152894
899203264
1235226311
1316575948
1316575952
1129574613
1194803414
501754587
1235217632
293560544
1316575973
649002224
1214152950
295526651
90376957
295526672
292622615
1204968733
292622119
708249384
1160030506
277374264
433469246
269532998
1214153571
500335465
1129572204
269522293
729859450
1152888187
130216323
293564300
292621712
525405072
1207060375
500918682
292782494
715629472
277374371
292782503
445099436
1235787181
292621741
770666421
1207060408
264119224
525405125
1103523785
292584395
1204987851
501766607
1204992465
496415702
1235213783
292621787
445099486
1316576226
1306995172
1306995175
1214153193
1159958513
26122743
amenity=post_box
85
1106228255
1205022760
450324009
269524523
264119342
264119343
26122800
447548980
1159972923
1205022789
1205005898
450324063
450324069
419277417
269524078
280205425
418194548
450324090
1235206275
1214152843
1298385035
297525901
420785292
447565466
447549091
1106138277
445082279
297525943
1194800318
445082304
1235226311
297525960
447549138
1316575958
447565529
447565539
292782830
500657398
264118520
112664315
26123005
295526661
295526667
278485777
1182447893
492333340
445028127
1214152993
263571777
292622659
292622664
648996176
446319962
292275559
130216297
293561707
1235213687
1204992378
319309697
292622214
278583176
293561737
292622732
445028239
1207060370
128684948
264119193
292783517
293561760
1204992421
1204992423
1207065533
1179868611
1235787210
433073106
445099476
1235213783
1182467556
1182467559
742657009
1182467574
292621816
450323963
293054460
1182467583
amenity=post_office
85
1204987908
292621832
292963852
278725133
1103523856
1182469139
702048278
279907353
1316579868
1103513123
278486564
702048293
1204997156
450324014
444058670
1131139632
450324017
295232565
446361661
446361665
1235202120
1204964425
293055563
1205022798
278728283
293055595
295232627
1235206272
419846280
1235206282
295232653
420785294
293057173
493571741
492394654
280205473
1194803361
698801315
1194803370
445353653
445353654
792698552
447549115
1235217596
708249296
293560539
433469152
269524212
500369141
269524219
500069119
269524225
447565571
279101194
433469200
447565586
292622629
1160030504
648998190
445053742
25449273
1129528139
614870876
292622685
1219138416
715629440
445086081
1160030601
292622223
430262164
446361505
319309730
445099433
1103651762
293561788
701338557
1179868610
702048201
292622290
1316566998
1179868638
292599264
1235202019
264119278
702048250
post_box:type=*
85
1316579840
436639236
292716041
264119306
279907339
1204997138
278486548
26122775
292782635
430855212
450324013
26122811
278486591
447548992
295232580
26057801
1179868754
1204987986
445088868
1205005927
1298385000
500157040
447549044
1235226228
292958845
447565444
446317191
264117391
1147943062
292970137
1235217562
899203239
444060328
899203250
295232694
501754550
278724790
278724792
292716217
493571778
297525959
1104540367
792698577
1129574612
501747416
433469148
292958940
500774628
447549158
292622568
650793196
443981039
496415478
292782839
297364746
445028109
292622625
445028134
445108007
492396871
445053774
288193871
500335439
598176598
277374309
288239465
702048619
1204992365
445086063
708249467
1295082366
130216320
1295082368
292621714
500918678
1214153624
293054373
1214153637
293561767
293561776
292622773
1204992445
492329966
1179868659
1158183935
post_office=*
85
436639232
1205022723
436639236
278725136
26122773
1192545813
1306995225
1192545817
416364575
292622374
1205005863
445099577
447548988
1194775629
1205005902
1179868754
1205022805
444058720
278728291
264117355
292970616
278728312
445082234
292622462
1194803337
445082251
292716172
297525899
1205022862
493571728
500143761
1205022875
1205022885
297525941
1204988086
277374650
264117435
295232699
431947965
447549132
292302542
293560532
500069080
446317275
501754591
433469158
446317287
292622594
446319875
130219267
1194803478
445028121
445028132
1160030504
269522222
433469237
433469239
277374272
292258135
1129572184
293561689
445028184
293054299
292622682
269533022
500657511
729859455
292622725
1128697736
1234721161
1244598153
278583177
277374350
292783517
293561759
444063137
445099441
292782518
1207065537
436639184
1179868627
420782056
419274218
292621808
26122744
amenity=post_depot
85
1205005825
436639238
292958221
264119310
292621849
1205022760
264119339
450324030
278486595
292319815
26122825
1204987983
447549008
1187958352
500157019
1205022818
295232628
292782712
1316540029
500657795
264117381
130213001
297525906
1316540052
1194803350
1147943080
444060331
297525932
292970682
1209742529
269561036
493571790
447549144
447565553
500143865
292963582
130212606
278485763
1214153479
130219271
1233599757
708249360
445053713
1182447893
130219285
292782874
445028123
792698651
1194803489
446319906
130219297
269522216
1129526075
500369213
1160030554
96492895
1219138402
130216290
1204992357
1235787111
278484341
269522293
1235213686
1001197949
445028228
295366023
445028233
500918666
293561747
1207565719
278973336
293561756
292622243
277374372
292782505
1207065518
1159958468
770666441
1103987145
1204987858
1235207652
292622820
1235787238
1160030700
293054448