12
building=construction
85
292716036
264119313
279906838
278728726
278728731
1205022748
292782623
26122790
269524522
264119345
1214153790
279906898
293055573
292970581
279907428
279101039
1221776499
279101047
500657795
500157060
1235206279
1235206286
297525912
135770273
429200553
292622507
444060334
493571764
1235217593
292302523
493571772
1209742525
269567679
278973635
1204988100
447549127
493571784
297364699
407081187
292970731
1316575981
447565549
708249333
447565558
130212602
445053693
292963585
130219283
292622615
1204968731
431178532
292970789
445108004
500069168
708249393
445053749
278726969
130213699
277374284
293561684
445032800
1219138408
1160030578
445086072
269522304
288239489
1128697736
278583178
701338515
1129875861
292783526
1103986599
292622759
1234721202
1306612672
1194769859
1235213767
1316566987
1204958158
1207065550
702048212
1316567012
446361575
269567466
1182467567
construction=*
85
278486540
278725135
1106228248
450323999
242027551
269524519
1235213869
446361646
26122798
1204987953
1234721360
444058716
269525085
445088867
648999019
264117358
292782707
493571708
297525895
447565458
1205022873
1129574556
496415906
292622502
292588711
443980979
135765196
278974159
708249301
277374681
447549147
295232737
295232753
500657398
447565558
708249336
25449723
292599038
278485764
1187956486
447565581
295526670
269522195
446319906
500774691
1214153023
130213700
292258118
446319942
269528908
1205022711
293564245
292782937
1182454628
293561700
293564262
445028203
269567856
770666360
1235787141
445028231
770666376
1204992391
430262154
295366026
292622738
293561748
293561753
293561756
292355489
292584361
436639156
1207065524
1207065526
701338557
292715980
269567458
1205005796
450323952
292621808
292782577
292622324
450323958
278973431
292622840
landuse=construction
85
1274592768
500424198
1306995207
26122761
702048267
450323991
1205022746
1192545821
430855208
1214152744
444058670
445099575
447548985
26122812
445082182
702048336
450324048
264119382
264117352
293055593
279101038
648999032
1235206281
493571722
500424338
292970134
445067429
293055654
493571760
297525939
500157114
493571773
1209742525
1235206849
447549122
445067462
1194803404
500657359
447565523
277374681
292958940
1235217652
447565561
295232772
1194803466
447565578
419749132
292959001
278582567
648996144
500335415
288193848
445082427
492396871
269533001
1129528137
292959075
292622697
130216315
292715904
292622722
715629451
1179868560
1235787153
278973331
701338542
269523895
1207065537
436639171
1152902602
1103523800
293561816
1235213786
1187957723
1235787232
1214152672
269567463
1295095784
292783594
1182467565
269560817
450323954
269523955
26122746
1316579838
highway=construction
85
770666501
264119304
446361609
278725132
279906834
264119318
450323995
1235213869
26122800
292358193
1204964418
1204987970
293055554
417995845
292716103
496415829
450324071
293055596
447549036
742656637
447549062
447549065
446320785
292622483
297525908
447565466
435206314
297525932
899203245
292782765
445067439
1235206321
445082296
899203261
447565502
1209742527
297525951
447565521
447565526
292958940
292782815
407081187
446317287
295232748
292963569
447565554
292279030
447565562
130219276
279101198
292782864
292599569
293054239
269524256
431178533
500369190
648996144
1194803505
433469246
292622658
1214153039
269533008
1182454621
293561700
500335461
1214153576
288239473
1187958655
295366036
278973338
1207060382
1129572269
292584366
525405121
1235213770
1204958159
1103523794
702048212
269567449
1152902633
1179868650
1235213815
1204987898
702048252
445099518
amenity=restaurant
85
292621831
1214152714
420023308
264119311
1182469139
295232558
446361658
419275331
1187956804
447548996
292782664
295232590
1205022803
444058720
500157028
279907430
450324075
278728303
445082234
26121339
1204988031
493571712
1205022851
292716169
443980943
493571727
500157076
446317212
278724781
1129574577
269524153
446317242
1031697596
792698565
450324178
345292499
445082327
277374682
500657882
1316575967
1235226354
292279028
1316575989
1233599746
433469205
278485786
648998174
446319908
445028136
1204968753
1129528128
269528908
1182454609
319309657
500143962
1182454622
292959075
445028201
1219138410
1129572205
708249455
1129572211
292782969
729859452
1128697729
278727553
288239492
715629451
292622230
1207060376
292783517
292715936
1235787171
292622762
292782509
293561774
492329905
1204992461
445099484
293561827
26122730
1306995179
446361586
269523956
1205022719
amenity=cafe
85
1106228234
292622858
1235213837
450323989
279907354
1204987942
295232555
1214153775
1205005873
295232563
264119350
419275323
1205005889
264119362
447549006
279101027
292716139
295232626
418194547
1316579960
500424322
1235226247
292716169
1235206282
130213008
1204988064
447565474
492381859
1235217582
269524145
1209742517
1152888503
278724792
447549118
278724799
420160703
297525954
445067459
1235226311
1316575948
293560525
446317264
1235226321
500657874
295232730
130219255
292782839
792698620
278728451
278485766
269522186
1194803470
1204960526
278485784
269524262
277374248
1244605738
875811119
277374264
278726977
278726983
292959059
1214153558
1235202041
277374320
1160030578
26058104
1221776797
500918688
444063139
292715951
1179868599
501766584
1306612669
264119235
525406148
1207065550
436639189
419728346
1235213789
446361565
26122724
1179868659
419274232
26122745
amenity=fast_food
85
278974470
1214153244
429205574
295232582
702048326
1179868757
500157015
1204987996
1147943018
500917357
264117373
445082239
297525894
702048392
1205022860
443980945
1194803346
500143764
792698523
263576223
1209742502
429200553
1106138282
431947960
292716217
278977729
1194800321
450324162
492381892
297525956
1194803399
293560519
1295083215
292782799
292782801
792698590
447565535
443981035
1204960502
292782844
26123007
295526657
278485761
446319875
295526667
1194803491
277374245
433469222
445053742
280205616
130213175
1194803511
1194803528
277374285
269533022
1159958368
1235787114
445053805
288193903
130216311
288239491
128684941
500918671
264119193
702048163
278973348
293561770
1306995120
1128697778
1204958134
501766589
1204992449
293561794
128684997
293054422
292622806
1204987871
269567455
26122725
269533672
1182467570
269523958
419274230
419274234
436639230
amenity=bank
85
293054468
1235213833
293054480
26122773
1306995234
450324013
295232563
295232575
293055551
293055555
1204987975
26122827
418194547
279101045
264117372
1205022844
297525891
297525895
292599433
1147943053
447549073
297525913
1316540065
447565478
899203239
1194803370
269524147
496415925
278724792
445353657
1209742520
292782777
1300611770
493571780
297525962
295232716
264117455
447565525
433469146
1295083227
433469155
295232749
1316575985
292782834
25449719
446319869
447565575
1274575125
1316585750
445053719
1194803485
500774691
277374244
1113023285
279907126
280202572
277374287
277374289
1129572179
1182454619
1182454627
1129572198
1182454632
770666368
293561741
293054358
292355479
702048150
715629466
293561755
292355490
292782500
269523885
292622767
1160030659
436639173
1235213765
292622285
500147168
446361570
1204987876
1103523826
1187957746
1159958524
292782590
amenity=pharmacy
85
264119304
1182467594
501766680
264119327
1129876515
292782629
702048296
293055541
293055543
1159972923
447548999
445082202
279906911
279907430
278728299
1205022833
279101045
500157052
293055623
293055624
447565456
1194804880
1194803346
292716179
1194803351
493571736
1204988063
292279459
447565484
278724782
297525941
1235206848
1300611777
1147943108
251059195
292782801
443981013
1260748502
112651991
1129574617
292622044
293560544
26122993
292622581
447565563
292782843
269522187
130219278
1214152975
431367953
278582567
655308589
500335413
445053752
433469243
500335435
269561173
1160030554
445099516
500424052
1295082365
1204992402
1207060382
1191377827
1235213738
1214153645
1207065522
1187958194
1306612667
1306995145
445061067
292599246
419728339
1187957723
292621795
420782054
634130406
436639209
1235207658
419274219
264119280
1204987890
1316576244
501766651
1204987900
amenity=bar
85
1152902656
278974465
242027527
501766663
278486549
278486552
1235202075
702048284
1204997155
1152902706
444058677
450324024
26122809
447548993
292621892
293055573
1204987992
702048356
26121322
26121324
1316540015
742656637
445082249
297525909
443980955
1129478819
431947950
278724789
264117439
278724799
420160709
292622030
293560531
447565535
263571680
1131137253
292782824
792698607
292782833
1316575986
446319861
500369141
292782845
90376957
447565570
297364740
130219281
1182447893
292959001
292622105
445028128
278485798
445028135
445082415
445028183
1235787111
1159958378
269522292
278727541
1295082363
445086077
295366025
1128697749
500918677
702048150
278973336
1159958428
278973343
292715936
292622760
500335534
292782511
269523891
1214152630
292782519
293561786
1214152641
1204958153
501766607
1103523806
1235202019
1214153190
269560807
1160030703
1187957245
amenity=pub
85
501766656
264119299
251059205
501766663
1205005836
293054480
279906836
1221776404
1205022746
1205022751
292621857
279907363
1205005860
1179868708
875810853
1179868712
1204964394
264119351
1204997175
1179868729
445099581
1194775629
1179868754
292622419
292782698
444058732
292782702
1147943037
295232646
420785291
446317202
500424348
698801315
135774884
1235206309
899203245
292302513
1106138292
445067445
447565496
428672190
1235206849
1235206850
492381892
1205022919
445067468
1298385108
447549160
1235226344
443981040
295232767
277374231
445108010
278973231
292583223
292622659
279907139
1129528142
445028179
279907160
293054299
1182454621
445028194
1204992356
293561703
500686189
445032816
1235787120
292583285
295366032
1207060375
1235213732
501766568
293561769
492387754
501766572
292782525
1194769857
1214152659
446361555
1316576226
501766632
492329966
1179868660
251059197
landuse=commercial
85
1205022722
446361603
445099539
1204997141
264119319
295232542
278580767
445099555
1187956772
444058668
293055532
295232558
1234721327
445099573
278486591
445099583
26122828
1316540013
1205022836
293055606
264117373
292622462
297525888
1225463430
420785297
742656658
443980951
447565475
278724777
292782775
1235206840
295232700
292970689
297525964
1155459284
447549140
1235226324
295232736
1316575970
292622054
447565542
295232745
500157161
26122990
26122997
269524213
433469175
1235226367
292963585
295232770
269522179
26123014
297364748
1214152975
446319890
292622098
292622116
446319922
277374261
1214153023
445053760
278727494
278727495
500657479
1129528143
292782930
770666327
1274575196
433469278
445028199
288239485
500657542
1235213719
445099416
1160030620
319309730
277374370
292782508
293564333
1205005770
278728652
492383723
1214153207
446361593
1316579838