20
railway=subway
85
419274242
450323980
445099538
1235213861
446361650
278486581
26122814
1204987977
277374540
1104541266
1182455891
1204987989
269525086
702048354
279101026
279101030
500157036
1147943025
295232631
26057852
1204988036
292622470
130212999
278724760
447549082
431947934
520161954
445082279
1209742520
278724793
295232698
1205022905
899203265
1235206857
445082336
445067489
295232741
292622568
445067499
1260748527
26122999
792698615
26123005
26123013
447565575
269522184
130219274
269522193
292970787
292782885
446319920
278726961
278726981
278727500
445082446
288193872
292782929
445053779
1187956564
1209620308
1214153558
278727529
130216315
1235213711
128684946
770666390
292622230
277374360
277374376
525405102
444063152
1204958135
1204987831
501766588
1214152646
1179868624
1204987857
1179868638
269567455
420782050
1306995183
436639217
1274592755
292959222
446361595
railway=subway_entrance
85
1205022725
279907343
26122775
450323997
445099552
295232548
446361640
446361643
446361652
293055541
292621880
447548985
450324028
445082186
279907418
1204987999
444058724
279101035
26121329
297525878
1298385022
420785284
295232646
500657799
292716172
493571726
493571732
493571735
1194804888
445067420
1152888477
297525918
493571747
1182743205
297525939
297525941
292302519
431947960
1235206851
295232708
264117444
450324171
708249292
293560537
445041895
430273263
292622063
295232761
1295087868
278728451
792698629
1204960522
279101198
445028114
292622101
292622617
447565600
292622625
269524261
1244605734
278485800
269524270
445028148
446319928
278726969
269562186
292622679
277374304
1214153073
708249459
292621715
1187134867
1221776801
1316566973
1182450116
436639173
293561809
264119249
292959194
1235787235
1131140070
1179868646
1235207660
419274223
436639229
subway=*
85
501766656
278486542
269524517
450324006
1204997183
26122824
445082205
279907429
1221776488
447549034
279906925
295232626
493571701
295232636
264117378
297525892
293055620
1205022858
431947950
297525934
742656686
447565496
447565499
278724796
445082300
1194800318
278974155
1214153420
112651985
445067476
293560534
445067478
263571680
1214152933
295232744
443981040
1235226354
500157170
130212602
292782857
292622098
446319894
445028132
445028134
445028139
655308590
445082421
278726978
292782915
288193867
1204992332
269528910
292959060
1159958364
1214153569
445032820
445086076
875811197
288239486
288193916
1295082365
1295082366
288239495
319309722
292355489
1194769830
135774119
525405096
445061042
293561783
1160030656
292959173
292959179
264119259
492329954
26122723
292783591
269533671
292716007
419274223
1214153713
269567473
1187957748
492383732
264119284
station=subway
85
280078858
450323979
278486543
279907343
445099551
295232547
1205022762
278486571
26122798
1234721327
445099583
1204987970
417995844
26122836
269525088
1298385003
1104540780
293055602
416364667
292782724
297525898
447565453
446320793
264117407
1194803361
1205022884
1001203369
277374640
1129478840
1147943099
1209742526
447549119
292598978
292782802
293560539
447549151
1316575969
295232741
445067494
1316575978
263571691
26122991
292279026
1316575990
26123008
1214153479
1233599755
292959001
263571752
655308590
738950972
292782910
445082435
292588883
292715859
500143955
445028183
614870879
130216290
445032809
702048618
130216302
445028215
1189471609
770666362
263575932
1128697731
295366025
292621711
430262162
742656919
319309724
278973344
292355488
770666408
1179868584
1214152621
1283848114
501766588
702048209
269567452
1274592732
1235213791
279907316
419274229
public_transport=platform
85
278486532
1274592773
278486536
1182469151
1106228255
416364575
1131139626
295232556
278486577
26122820
1205005898
1205022803
496415829
500157023
444058734
418194546
278728312
500157060
447565460
899203220
1235206295
264117404
1129574559
1001203369
443980979
293560518
1235217610
433469133
297364691
500069078
1316575966
447565535
1235217634
292963582
445028096
263571713
278485766
26123014
708249350
1274575115
1214152981
292622623
446319914
492712240
702048053
288193851
292782922
292782923
277374285
1204992345
1182454618
1235202041
446319968
319309665
292782960
445032820
292622199
1204992377
278583178
770666388
445028245
1235787159
292970904
278973343
292783519
701338533
292621741
292584366
293561775
446361518
446361524
1204958135
1179868610
1204987854
1204987857
293564369
292782550
1204987868
264119264
436639201
420782050
1316576232
1187958265
26122747
412318719
railway=station
85
1235213828
278974469
450323979
293054481
445099549
292622370
279907363
1182469155
264119333
1234721327
1179868725
293055554
1204987973
445082193
292782677
295232609
450324069
1316579946
292716139
1147943019
280205424
1205022836
496415876
447549062
293057174
493571740
1194803357
1001203358
447565470
431947942
1209742508
447565484
295232688
445082288
264117431
1209742520
450324162
277374668
445067471
445067485
295232735
447565539
445082359
292963583
130219264
792698627
130219271
1204960527
278485782
648996119
445082394
1274575132
278485803
130213686
263571772
292622667
1214153039
1182454621
1129572192
1129477988
280205669
130216303
319309697
278728085
293561750
1160030618
500918688
715629478
1214153645
264119216
292958643
1152888246
293561786
501766588
445099454
264119232
293561794
1159958468
293561796
701338577
702048212
496415716
1235207653
1159958525
419274239
building=train_station
85
293054468
420023308
293055534
444058679
1235202116
702048333
702048350
292716132
419277417
277374579
419846263
278728311
445082236
445082240
297525889
130212995
292622468
496415885
493571730
292970130
443980949
1316540054
742656663
297525915
447565467
493571742
278724766
1316540065
292782755
278724773
264117416
1235206322
493571764
1204988085
500069053
428672191
500657359
1104540367
1152870628
295232741
500069107
447565559
446319869
295232765
263571717
278728457
445028107
1316585740
1204960526
708249360
269522193
278485779
292622627
277374250
293054275
269528908
433469262
292622684
269567851
293054321
292782961
708249461
649002362
293054332
500666238
278727552
445028231
715629458
742656923
1235787168
292783526
1207060397
1152888237
293561783
525405123
1194769878
292621788
280205277
1214152676
26122725
401573872
292621809
1179868659
292621819
742657023
highway=bus_stop
85
292621832
292621833
264119306
501766677
1204987926
279906839
292716066
1235213861
26122792
292782647
1204987960
1204997189
269525092
279907429
1204988011
277374579
279101044
26121333
1187958389
1298385020
130212995
446317188
1235226253
297525918
278724769
435206314
445082290
493571767
446317242
295232706
295232711
447549127
278973129
1295083214
708249296
445082321
297364692
445067485
279907037
500069093
445082342
1194803435
443981040
292963578
792698621
446319878
269522183
278485769
445028116
446319914
130213681
292622651
1221776717
1204992336
708249425
292782928
492712277
130216284
702048619
288239469
295366001
702048115
1160030581
293564281
1214153082
500335491
130216324
770666379
702048143
770666385
500666259
1204992409
715629469
436639151
445099440
525405104
1179868593
1306995128
292959194
702048220
1235787229
292622819
1235213796
1182467572
1306995197
bus=*
85
264119298
1205022723
279907337
278486544
278728728
450323994
1204987932
1131139616
264119335
1187956776
292782631
1205005868
1204987959
292358201
1204987965
419846205
26057805
279101027
419277417
702048376
292622456
1316540045
447565462
1204988054
445067417
445067422
264117412
445082281
292782765
269524153
447549131
292782799
1205022933
1316575973
292622056
447565560
1103987451
292279036
445082365
292622591
278485761
295526660
445053705
278728457
278485783
433469208
1160030506
292782891
292782899
738950978
277374275
277374282
279907149
319309647
433469264
292970326
288193884
130216285
292782949
496416101
292275561
295365999
1129572209
1160030577
708249457
1187957622
445028220
288239495
1204992393
500918670
128684944
648996242
278973331
1128697752
278973337
288193950
1207060387
715629478
292782511
1283848113
1194769859
1235202022
436639206
1295095784
1103523834
route=bus
85
446361603
1192545805
242027545
292782621
26122782
1182469150
292716064
1103513123
292621862
295232550
295232558
292958768
292621878
446361655
278486582
26122822
445082190
1182455891
1205022809
445082203
450324059
279906909
292716132
742656619
264117355
1204988018
279101044
418194555
130212989
493571711
493571738
264117404
263576221
292782750
1194803363
292279461
1006031528
445082288
447565488
297525942
1194800318
269567683
135765193
450324172
1295083213
446317264
447549151
1214153440
292963569
26122994
447565556
1182447866
792698618
130219272
292958995
500335384
1274575128
278582565
492712235
277374267
292622141
1160030526
500335432
1182454606
500335439
292258130
445053783
1129572192
293054306
445086063
292782964
419720601
1179868576
500070817
292622762
1159958468
1316566985
96490441
292715981
436639192
269533671
292783594
501766638
1214153713
1316579827
amenity=bus_station
85
500147204
293054468
292716041
1205022732
1235213840
1159972885
26122780
292621859
1155459107
1204964394
295232561
292782647
1204987962
292319807
419275332
26122820
1147943019
278728309
264117385
1194803338
264117386
420785293
1214152846
277374608
277374612
420785312
1194803361
1235226276
447549098
419725483
500069058
445067459
450324167
292622030
447565526
501754587
292782812
792698591
279907041
292622568
1316575979
292963565
292622065
447565559
433469175
1295087866
295232763
295232770
1316585733
295526665
135768334
445053712
278485779
1233599766
292782872
492333340
1204968733
445028129
292622626
269522212
269562177
446319942
263571790
292258130
1182454613
293561692
1219138413
288239478
288239488
292970883
445028235
293564300
293561746
293561747
128684948
288193949
292599198
1235787187
1152902596
1204992461
446361549
1187957728
1160030700
292963822
293054452
train=*
85
1205022722
292716038
1234721288
1234721289
1204987914
450323979
292782609
702048283
264119324
450323997
416364575
292621856
278580773
1159958588
1204964418
702048324
292622419
444058716
278728287
293055597
280205426
702048371
292782708
447565439
1205022860
446317216
292963504
1209742512
269524147
792698552
264117435
792698569
1235217617
443981013
1194803420
292622560
1214153440
295232748
269560562
295232756
292622584
130212607
445082372
708249351
295526670
446319914
445082413
648998190
292959023
1160030513
445028148
263571766
278726978
445028164
278727504
292622672
708249430
446319974
130216303
445028208
293054348
445028242
445028244
293561749
278973339
1128697755
1207060383
715629475
292783526
1283848111
292782513
770666422
436639169
293561797
1152902602
1316579791
419728339
292622292
280205277
1204987869
1316579811
1179868650
446361581
419274230
269523964
bicycle=*
85
1182467592
1214153744
278728730
1204987932
444058666
1131139626
295232559
292621880
279907386
450324050
445082195
1205022810
279907419
293055578
292958812
26121321
1159972970
278728300
279101038
297525880
1147943033
1334063740
1205022845
702048385
264117378
292716169
446317206
446317214
899203231
1235226272
500424356
899203246
1221776576
447565504
295232708
1205022920
1295083218
295232732
443981025
1214152931
1131137254
292782823
445041896
292782839
295526651
445053695
445028096
269522187
446319887
500657430
1214153503
447565599
292963629
446319921
433469239
445028153
288193865
446319948
278727503
708249426
1160030556
614870876
293561698
293561710
1214153586
26058104
269522297
525405075
1214153620
445028245
1128697756
293561762
525405097
292970955
1234721227
278728653
446361552
1214152660
269567452
292782557
1235213789
292621793
264119276
501766644
1316576245
amenity=bicycle_parking
85
1182467590
1158183943
1152902666
278728731
501766687
278580774
412251686
279907369
1214153775
26122802
295232565
292782670
292782681
269525089
279907429
493571701
1298415737
1235206265
297525885
445082240
264117381
1205022853
292621964
447565453
1204988046
1193634960
1204988052
297525913
446320793
431947936
263576226
792698531
264117416
447565481
443980970
1106138282
899203244
447565492
1235206845
1194800318
444060352
295232710
500424391
899203279
278974159
446317268
501754591
447565537
447549154
1260748515
292782821
500774639
130219253
433469179
1204960530
277374228
1214153493
792698647
445028119
445082398
446319917
130213682
278726965
269532989
1182454614
1204992345
279907164
288193888
269533024
269567854
292583285
278727541
1235213687
269522301
295366017
1160030613
1207060888
770666407
292355497
292782507
436639180
264119266
292783591
26122729
264119278
bicycle_parking=*
85
96493066
278725138
1204997141
702048281
1316579868
292621856
292319807
702048319
293055553
1234721346
419275331
292622407
293055566
279907419
279101030
1104540783
1214153334
1235206278
447565453
493571725
500157076
420785301
443980962
1006031528
1298385068
444060332
445082286
292622516
1129478845
444060356
420160711
445067465
130212558
1295083225
1152870630
708249322
26122994
433469172
26122997
1316575991
446319870
295526660
112664325
278485765
1221776650
279907098
292782894
1104540468
292622650
446319942
1274575181
1129572174
269528913
292258135
1182454616
500424027
130216284
445028209
1214153588
500666231
269522297
1152888195
292622212
715629458
500666259
702048150
1104541079
1214153626
277374373
1152888231
1214153133
293561776
292958643
292963765
292782518
1204958137
292959166
1306612671
264119233
128684996
1235787223
292622815
269533671
445099509
770666486
amenity=bicycle_rental
85
1158183944
1103523850
293054474
1192545804
1182469144
264119329
445099554
1204997155
269524517
1205005863
278580782
295232575
1204964416
293055553
419275332
492334149
419275335
1234721380
279101037
295232625
1316540020
742656630
418194550
447549046
278728313
493571708
792698494
447565439
297525889
293055619
1316540040
420785299
25613459
1182743200
447565482
792698541
277374647
1221776573
420160703
295232706
447549125
445082310
130212551
1295083218
708249316
407081189
500157161
26122991
445053682
25449723
278485762
295232770
278485765
278485772
130219283
277374247
445028150
433469241
445053754
445053758
278727488
263571799
292782941
292782946
130216299
648996205
1160030594
278583175
278973338
1207060387
292622767
293561780
446361529
742656960
293561793
292958658
702048202
264119244
1158183907
292716004
1235202027
279907318
1214153207
1187957244
251059197
aeroway=taxiway
85
445099521
1103134724
1182467593
278486539
242027542
279906839
450323992
1131139619
295232567
264119356
26122823
445082189
447549006
1152888403
278728291
702048371
418194549
293055620
292622481
293055638
445067417
445067418
447565467
899203229
1152888477
297525917
278724767
297525925
1205022888
1194803369
493571761
1209742520
1205022915
899203279
1316575952
1316575968
292782832
500157170
447565559
292279037
292958975
446319875
297364740
26123012
708249369
446319897
269522205
445028131
1244605734
277374252
445108015
278726963
292959055
445053790
1182454631
288193896
130216300
293564285
288193923
288239494
1234721161
1204992395
128684941
293561742
1187134868
278973338
1234721179
1160030621
1221776797
269562271
1179868583
1179868585
445099436
264119213
770666415
1187958194
444063158
293054401
445061067
598177746
445061077
770666454
1214153190
292783591
1182467583
amenity=taxi
85
292622857
1110299159
295232540
278580768
292622374
450324013
1204987950
279907386
292716112
295232599
292782681
1316539997
445082225
418194555
130212990
1204988037
297525898
297525907
443980949
447565463
1204988060
292716191
135770273
899203246
297525935
1129478831
445082296
292782784
899203267
1235206857
1295083227
295232733
792698591
447565535
1152870625
292782822
292970731
492816108
292622066
112664310
269524225
445028122
292782878
446319905
1244605730
447565603
1221776675
278485797
292622119
278726962
130213691
278726977
445053768
1274575181
1182454606
277374288
319309651
288193880
292782940
500424036
130216298
445032816
1128697725
1235213711
278728084
278974872
1159958426
445099419
293561756
702048158
292355500
293561792
1221776324
770666441
770666447
500335569
1187957714
445061077
1187957209
445099486
292621804
419274222
436639220
26122742
1204987900
taxi=*
85
445099521
279907332
1235213831
278486538
292963852
1182469148
26122783
292621856
278486564
295232565
292621880
444058682
293055555
1204987977
277374540
295232589
1104541266
1205022810
702048350
1234721388
1187958389
493571710
297525888
447565448
1214152843
500657805
447565457
1235206298
420785306
1204988066
496415906
447565482
1129478829
492381881
500157114
293560520
292622026
445067467
1298385104
500143825
447549140
443981025
292622568
1295083241
501754602
1214153452
26122992
792698609
445067509
292782838
26122998
792698620
277374229
1194803481
292782883
263571752
445053750
292622142
1214153539
269561175
701338472
702048622
1204992368
26058112
278974855
430262153
1128697738
1235787145
1128697745
445099428
292622251
1187134894
1187958703
420776893
1235787198
292622785
292621777
1316583896
292622300
26122723
292622820
269567460
401573872
436639226
1316579838
share_taxi=*
85
1274592773
251059206
450323979
293054477
1204997137
278486548
279907358
1031684644
293055532
430855219
264119351
1204987981
269525087
292782712
292782719
446317184
264117381
420785294
520161951
292622496
263576225
1205022886
278724779
493571756
445067439
492394672
292622516
297525960
447549132
293560525
293560526
446317268
1129574613
1187957472
501754594
1131137255
1235226350
742656755
292279029
26123003
792698621
278485764
445053701
1214153479
445028105
1204960522
447565578
292622102
292959007
292622112
1187957544
492333353
433469225
277374251
292622635
292782911
445028162
1182454603
445028178
445028203
288239468
445053805
1219138418
280202108
701338494
269559168
1234721161
128684941
702048150
242024343
293561755
444063142
292622760
444063156
1204958153
1152902602
292970955
1234721228
1214152670
293561828
770666475
26122734
269523956
446361593
445099516