9
cycleway=shared_lane
29
1173444099
1167369732
1160107524
1187119110
1173452808
1158156572
1197705247
1174117027
1173424934
1187121703
449815982
1173452726
1183623225
1149057854
1321544256
1174116545
1113220422
1173487049
1149039182
1174120917
1173452885
1149024603
1318750816
1187136608
1178253289
1321544553
1192542582
130212984
1174124541
share_taxi=*
29
1113220231
1187121672
1173486730
1113220497
1161020690
1188236822
1113220375
278970270
1159931563
1173487020
278970287
1194766770
1160057012
1194769846
1187139255
1173425208
1191397564
1191393728
1159931329
1173424961
1321544133
1308678988
1187086290
1174117332
1187086182
1318750829
1173425017
875810812
875811198
cycleway=share_busway
29
1173425152
1188414083
1186458763
1173425172
1321544473
1187134881
1161008035
1161020710
1194766758
1159931451
1187130556
1300611773
1173486524
1149027143
1299524308
1179851736
1173486812
1174116445
1187136608
1188232546
449815786
1159958251
1158156524
1321544561
1187136626
1190255731
1298415736
1174116601
445088891
route=share_taxi
29
1187121672
1185825673
1183630346
1185825683
1173425176
1191393818
1155459105
449815971
1194766757
1191397558
1191397561
1321544378
1299524296
1173452745
1178253256
449815887
1194769874
1159066074
1173452763
1174116828
1159066077
1174124513
1187086306
1188232545
1191482476
1159931373
1159958253
1173425146
1174116479
amenity=boat_sharing
29
1191507720
1113220235
1158156430
1158156432
1187086235
1321544476
1321544222
1187070112
1186511143
1174116776
1179851694
1103651760
1193302839
278487480
1188225849
1173440057
1187087937
1189056706
1321544134
1321544136
1113220313
1174120926
1174116833
1149041893
1321544040
1149024618
278486894
1173486577
1113220219
amenity=car_sharing
29
1185825679
1174116627
1194760983
1173486878
1321544479
1173424928
1166043424
1187134880
1191411620
1187070117
1183641769
1187070126
278970287
1173487026
1178835892
1183708724
1173487029
1321544382
1308680644
1174116806
1299524302
1178253266
1173424983
1192542573
1178253297
1188233970
1173486706
278486907
278486911
amenity=car_rental
29
1174124545
1158156552
1185825673
1161008015
1187086232
449815838
1173444003
278730281
1179851690
1194766764
1193624364
1193302832
1321544508
1187086141
1321544130
1173487048
1313209161
1187130574
1149039182
1149052113
1187136593
1159931485
1187086308
1173452774
1187131624
1298799465
1186466929
1113220213
445088894
amenity=car_pooling
29
1173487109
1174124555
1166052499
1188236822
1187542812
1173425180
1187119132
1187086120
1158156458
1173440044
1104540465
269567666
1187549365
1183621570
875810760
1183641802
1155513037
1190301007
1299524305
1174124508
1321544157
278486882
135806316
1187136621
1173486959
1178253299
130212982
269567735
1173425017
amenity=bicycle_rental
29
1173452818
1185825687
449815834
1113220379
1103651615
1194766758
1187087912
1187070129
1191397559
1183623225
1187086141
1178253246
1179851713
1187130566
1187130568
1183641802
1180139982
1183621583
1174117200
1113220308
1299524314
1173444060
1173452768
1183721314
278971117
1190311156
1321544053
1191393786
1174117243