9
amenity=waste_basket
29
1174116994
1113220232
1183641865
1173486863
1183630352
1173486865
1173452950
1190255769
449815962
1161008035
1183641778
1188198835
1187130550
278487480
1158164537
269567672
1173486528
1158156481
1318750790
1174116682
1321544523
1188232530
1149039189
1188232546
449815779
1158156660
1192542583
449815802
449815805
amenity=recycling
29
1185825665
1165960708
1187121669
1113220235
449815820
1159931405
1166043410
1173452948
1183630363
1158156577
1321544098
1158156451
1185825698
1194769831
1173486760
1187134892
1155513008
1187130548
1160057012
1187086270
449815872
1321544521
1155513037
1321544399
1183621585
1149024602
130212980
1187086199
1187119100
amenity=waste_disposal
29
1113220224
1103651843
278486919
615304328
1167369736
1321544072
1166036879
1174116630
1167369750
1173425180
1173444006
1194769831
1193236904
1183684012
1187134899
1191397557
1174116673
1187136582
1178253260
1186482384
1159931475
1166052441
449815899
1321544156
1173486689
1187086306
1298799458
1104540771
1193302783
bin=*
29
1192542595
1174116617
1187139240
1173452972
1191453614
1103651760
269567667
1187139255
1183630393
1187088700
1173486909
1173452863
1174116545
1149027139
269567684
1193320899
1194803526
1313209161
1174116684
1166043469
1198751054
1187130575
1158156501
1194769884
1191453538
1321544040
1178253291
1173486706
130212980
landuse=landfill
29
1113220480
1321544321
1187119105
1194804869
1158156437
1103651609
1321544221
1193624352
278973346
1187139235
1158156451
1173452837
1191411622
1174124583
1321544490
1191397547
1187130544
1187087935
1183641795
1321544651
1173452878
449822809
1160057049
1174124507
1159931362
449815786
1299524330
445088891
1173439999
recycling_type=container
29
1298403714
1159931401
1173452809
1113220234
1187121678
1185825686
1193130393
1173457697
1193236904
449815979
1321544365
1193218606
269567665
1178835891
1321544500
269567671
1191507768
1173486524
1178253248
1149027137
278486604
1299524315
1158156650
1192542577
278486900
1183630327
1174120952
278973433
1113220479
recycling_type=centre
29
1173486723
1159931401
1194804874
1173486730
1188391438
1158156559
1187086353
1187119127
449815831
1187542810
1321544222
1158164526
1179851698
449815864
1191393855
1173452991
1160057037
1193130448
1166043475
1187130584
1183630439
1158156648
1159958251
1191482476
130212978
1187086326
1321544311
278486906
1193218555
amenity=waste_transfer_station
29
1192542594
1167369731
1321544584
1185825673
1161020683
1186511128
1321544221
1321544222
1321544224
1187119136
1173425061
1321544613
1186511145
1173487019
1104540465
445099443
269567669
1194803513
1183623239
1179847762
1149039199
1173440095
278486881
25449701
1173444069
1321544039
1187136630
1191393786
1173444094
waste=*
29
1183684097
1214153474
278486917
1187119113
1173486730
1188414094
1174116753
1173486871
1321544345
1187086248
1191397556
1191453629
1188232517
1174120906
1179847754
1178253261
1173487059
1187136596
1188198868
1158156504
1166052442
1113220316
1174116575
1173440100
1173452774
1187136620
1113220461
1174116465
1173425013