10
tourism=information
29
278486913
1191478920
1166052493
1161020685
1194804882
1159958291
1187139221
1158156447
1187134883
1187130534
1158156458
1113220397
1187130545
263571638
1191453622
1321544502
1187087936
1173440074
1178253259
875810905
1173452763
1188232546
1187131627
1173439981
1187136621
1321544429
130212980
1173452790
1321544187
tourism=hotel
29
278486913
1103651715
1158156552
1183684104
1185825678
1173440023
1182447896
875811101
1174117162
1160057006
1178835891
1173494071
1173486653
1178253246
1183621571
1193130444
449815889
1113220307
1166043477
1149039190
1190301015
1149024603
1104540771
1183721316
1187086189
1188232562
1321544437
1192542588
1174117117
tourism=attraction
29
1173425152
1161008015
1194804881
1185825688
1321544232
1173487019
1173452924
1174117042
1183684147
1187087922
1187139252
1321544246
278487479
1166036794
1185825984
1321544138
1173487052
1186482388
1178253270
1174124505
1149039199
1183684195
1155459304
1187131625
1183630324
1166052470
1189052408
1191478779
1173439996
tourism=viewpoint
29
1183630338
1160107524
1321544198
1187139206
1185825678
1173486998
1193302811
263571489
1173487010
1174117156
1194769831
1321544109
1173487022
1113220397
1189510578
1173452861
1308680645
1321544135
1188232526
1155459155
1178253270
1173486689
1316588131
1187086180
1321544039
1183721324
1321544557
1158156524
1183641846
tourism=guest_house
29
1187086210
1298403717
1113220235
1186519697
1166043413
875811225
615304347
1173424928
1191393829
1183641766
1174117039
1194803385
1173452743
1113220424
1174120909
1308678990
1155459154
1174124505
1183630426
1321544282
1149024603
1321544414
1173452902
1194803432
1187086316
445088876
449815918
130212980
445088893
tourism=picnic_site
29
1192542594
1183684103
1187119112
1192542602
1188391439
1191507728
1194760979
1187139223
1186511130
1187121698
1191393830
1159071655
1187139242
1191507762
1187130547
1187136562
1174116916
1183630403
1149027140
1321544136
1174116684
1160057037
1179847757
1161008082
1321544412
1191453538
1155459309
1173486959
269567738
tourism=artwork
29
1182447872
1103651715
1149049224
1185825675
1158156432
1185825682
1166043410
1173440033
1321544226
1214153508
1173424932
278730282
1187139242
1174116908
1174117039
1187130544
1174116787
1321544372
1174116789
1149039183
1190301009
1190301010
1173452887
1155513053
1165957857
1173452789
1192542584
1166052473
278486906
tourism=camp_site
29
278486912
449815940
1174124550
1186458763
1187121677
1185825682
1173424923
1193130399
1158156580
1174116648
278970283
1173452972
1158164526
1321544624
1321544372
1193130423
445099447
1159931324
1193130429
1173452989
1173444041
1191393737
1198751054
1188232526
1188391382
1158156506
1174116712
1174116585
1321544043
tourism=museum
29
1214153474
1166036869
1174116869
1174116617
1113220491
1173440011
278486925
1187119119
1188236817
1183683993
1194803487
1321544096
1103651757
875811251
1173452728
269567673
1174116545
1183621571
1183641799
1161008082
1178253277
1159931363
1191453540
1174116837
1321544557
1104540143
1187086321
130212978
1173487097
tourism=*
29
1186511113
1194760976
1321544465
1197705241
1173440030
1187119135
1321544096
1321544228
1173452837
1189510569
1161020721
1174117303
1187086265
1149055290
1188198843
1173486915
1113220425
1173425101
1318750798
25452377
1321544157
1158156522
1173425131
1174116982
1159931511
1183684088
1173425017
1173486838
1173486971