16
building=warehouse
29
1183630470
1188236823
1321544219
1185825698
278970275
1191406250
1183641773
1160057006
1321544621
445099442
1187130550
449815870
1113220417
1321544130
1113220422
1173487047
1173487048
1113220430
1193320915
1318750804
1193130453
449815896
1183630426
1179851741
1299524334
1113220465
1178253297
1158156663
269567740
industrial=warehouse
29
1113220227
1321544069
1187086213
1190311175
1174117000
1183641865
1321544336
1173440023
1194760985
1167369754
1187139237
1183684008
1187087922
1183621561
1174116933
1159066058
1173487052
1191393743
1183721296
1193130453
1316588126
1189469438
1178253291
1188241520
1187086326
1174117114
269567740
445088894
1192542591
landuse=industrial
29
1321544070
1191478922
1187119115
1174117003
1174117262
1166052499
1173486742
1173487007
1193130402
1158156451
1160056995
278730279
1187130539
1191444660
1321544378
1103651643
875810880
1173486801
1178253266
1166052450
1299524322
278486888
1149024623
1191393779
1174116724
130212981
1298403706
1174116604
1167369726
amenity=loading_dock
29
1159931511
1186511112
1194804873
449815949
1194804891
278970270
1158156577
1173457701
1187121703
1194766761
278974125
1174116653
1183684144
1173486648
1178253241
1183684157
1187086288
278973137
449815892
1103651670
25449703
1173439978
1321544557
1321544429
1173487087
1159931506
1298415732
269567735
1173486847
shop=department_store
29
1321544320
1183630346
1174116757
1185825688
1173486875
1185825692
1187119137
1159931555
1158156455
1183641769
1187070122
1103651757
1191397552
449815986
1308680637
449815870
1155513023
1174120906
1179851733
1321544407
1149024603
1173452772
1178253287
1149024616
1321544559
1173487091
1188233972
1173486843
1187119100
shop=variety_store
29
1173487109
1183684102
1167369733
1174116613
1321544461
1321544589
1191507728
1194804890
1193130401
1183684008
1187087917
1179851695
1159931443
278487478
1159931448
1178253243
1149057852
1194800323
449815759
1187086298
1158156510
1187086175
1187136609
1193324396
1192542573
1193302894
1321544563
1321544316
1187119102
shop=supermarket
29
1167369729
1173452931
1173487109
1187086343
1174124555
1191386381
1166043420
1187119133
1187087904
1188391457
1173487022
1173486768
269567667
1173486774
1173425208
1174116545
1183684040
1188391371
1161008082
1174116562
1321544532
1179851736
1174120928
449815779
1174116966
1174116972
1158156527
1189469436
278486909
shop=doityourself
29
1103651843
1321544195
1193324421
1174116879
1174116753
1185825682
1103651609
26122779
1173457697
1174124577
1173457703
269567665
1174117170
1193318580
1149057849
1173486524
1187086140
1183623229
1188232514
1191408706
1193302858
1113220427
1308678988
1178253261
1187535059
1113220325
1321544041
1166036842
1178253290
shop=convenience
29
1192542600
1190311179
1189513997
1187119119
1187119121
1183708696
1167369755
1308679580
1193302813
1158156572
1187121693
1173424923
1187070116
1173452732
1159958460
1194803526
1178253262
1103651666
1174117332
1173444058
1173452901
449815909
1159958247
1174116710
278486889
1321544170
1191393771
1149041893
1187136629
shop=clothes
29
1214153474
1321544067
1158156555
1174116881
1188391444
1321544348
449815842
278970276
1193320878
1113220401
1173440050
1183621556
1188198843
449815872
1321544655
1187086162
1316588116
1187086295
1173486807
1159931479
1180139996
1166036829
1178253282
1173425001
1159931370
445088876
1113220461
1173486836
1321544190
shop=hardware
29
1113220227
449815941
1186519695
1173486994
1193130386
1308679576
1174117144
1159958298
1187542810
1194804889
1194804905
1183641769
1187070125
1173452978
1149055284
1183684152
1103651643
1173486528
1188232517
1174116811
1183684044
1173424978
1321544403
1173486807
1187130588
1174116575
1318750820
1183630460
445088895
shop=furniture
29
1188185991
1185825674
1194804876
278486926
1194804883
1186511130
1149049244
1187134886
1187121703
1321544375
1179851708
1173444030
1155513023
1158156481
1178253253
1174116936
1173425096
1308678993
1113220439
1190301015
1178253275
1321544285
1149039199
1316588128
1174116833
1113220459
1183630447
1190311158
1173444089
shop=electronics
29
1193124738
1187139216
1174116881
1173486610
1321544601
1191411620
1214153508
1194766757
1191411622
1174116911
1174116527
1159931569
1183641778
1191397552
1193130426
1187139260
1194800317
1173444030
1149057855
1104540617
1180139985
1187086162
1321544403
1193130453
1166052442
1188232549
1321544429
1188185969
1159931511
shop=mobile_phone
29
1186511107
1188414085
1174116615
1173452808
449815818
1188414094
1173452834
1159931429
1321544230
1189510572
1193624365
1173440050
875811251
269567668
1321544128
1187535059
1179847769
1173444058
25449700
1183630439
1173439978
25449707
1174116588
1187086193
1155459187
1187136627
278486906
1187119102
1173452927
shop=shoes
29
1321544583
1160107528
1187139215
1187121679
1173452951
1187121690
1187087904
1187121697
1174117156
1194766757
1173457701
1191406250
1165960703
1160057008
278974128
1191397568
1174124484
1113220423
1160057037
1183684046
1191393743
1174116431
1187086163
1321544535
1149024605
1158156640
1174120928
1321544318
445088895
shop=alcohol
29
1174116867
1193302788
1113220491
1321544594
1321544082
1194803487
1187121696
1174116517
1160057004
1183641773
1189510574
1194769846
1187130551
1183684152
1308680637
1321544136
1321544525
1173486798
1158156624
1103651666
1159066069
1149024600
449815903
135806310
1194769898
1174116972
1321544561
1174116982
1173486840