4
healthcare=*
29
1187119107
1113220232
1158156684
1321544597
1113220250
449815962
615304347
1321544100
1158156458
449815981
1193320878
1173425204
1191397561
1321544506
1187139259
1191393854
1158156607
1113220298
1174116811
1187130577
1174116945
1183684053
1159066073
1180139997
1174120925
1318750820
1155513071
1174116719
1173486579
healthcare:speciality=*
29
1173424898
1166052491
1159931405
1187119127
1167369752
449815805
1191393818
1174117147
1167369769
278730286
449815855
1158164526
1191453617
1173425089
1321544261
1187130568
1178253261
1173440083
1308678996
1174120917
1299524312
1308679000
1149024615
1321544041
1299524332
1187086193
1173486587
1159931517
1187119102
health_facility:type=*
29
1160107528
1158156424
1149049233
1166043416
1185825688
1185825690
1187121694
1173444006
1173486631
1173452715
1159931440
1173452976
1174117042
1187070133
1187086265
1149057851
1193302846
1183621572
449816008
1193130441
1173452752
1158156624
449815767
1308679002
278486882
1183684204
445088886
1173452922
1192542591
healthcare=dentist
29
1174116996
1183630470
1193302791
1191393808
1321544597
1188391446
1191478779
1185825688
1188186008
1193130406
449815979
1174117036
1321544110
1188236846
278970287
1113220271
278487478
1187130558
1191397566
1193130444
1173452878
1321544532
1159931477
25452376
1173486809
1173452896
1174120949
1173439990
1188391931