9
amenity=bank
29
1183630336
1194804876
1173486612
1166052500
1173444091
1185825690
1185825691
1159931552
1185825697
1167369765
1158164519
1113220394
1183684142
1188198835
1173452728
1187088700
1173452863
1173444039
1313209161
1174116684
1183721300
1174116441
1316588128
1321544162
1173486571
449815915
1174120946
1160107515
1174117117
barrier=hedge_bank
29
1192542592
1187119107
1191404040
1190311179
1149049230
1321544079
1187119127
1193130399
1173424927
278730284
1174116673
875810760
1313209161
1188232526
1149021657
1321544285
1165957857
1174117091
1187086180
1174116581
1321544426
1149024618
1192542573
1190255731
1298415732
1318750837
1183630327
1173486968
1113220217
amenity=financial_advice
29
1188185986
1194804877
1187139223
1187134875
1197705247
1158156580
1158156453
1173486760
1173452843
1191397551
1183652018
1183630387
1174117170
1113220279
269567674
1191453629
1318750790
1189056711
1174116811
1180139988
1193302744
1159066073
1183630427
1298799469
1159958253
1321544053
1160107513
1191478778
1187136635
amenity=atm
29
1321544072
1192542604
1174116496
1113220497
1174116630
1113220249
1235202077
1161008035
1113220390
1191393831
1179851690
1173452843
1158164538
1160057029
1183621574
1159066064
1113220439
1159066086
1192542573
1299524334
1173486577
1187086321
1167369715
1190311156
130212982
130212984
1173425017
1187119099
1173486847
office=tax_advisor
29
1194803456
1186511107
1159958279
1113220232
1174116617
1191507720
1174124555
1155459098
1194766751
1187087904
1321544479
1173452837
1173487020
1187087920
1155459251
1174120906
1299524303
1187130577
1113220308
1178253271
1174116575
1178253287
1318750824
1174120935
1173425005
1191482482
130212985
1187136636
1173439999
government=audit
29
1186511107
1174116617
1166052491
1193218576
1173452821
1318768792
1191398808
1173486875
1187119136
1321544613
1174116776
1173487019
1187087920
1191507764
1113220276
1183621570
1155513037
1179847759
278973135
1321544401
1103651666
1173452881
1179847769
1149041893
1178253286
1299524330
1298415732
278486905
1166036861
shop=money_lender
29
1159931520
1321544586
1183701899
1187119119
1173457679
1166036879
1173457690
1194804893
1173452837
1174116908
1179851694
1321544110
875811251
1113220281
1187086265
1179851708
278487486
1191453640
1190301007
1174117200
1180139994
1187136606
1173444062
1173452769
1187086306
1194769894
1298799465
1155459187
449815930
amenity=money_transfer
29
1182447872
278486914
1174116867
1174116996
1160107524
1186511112
449815953
1190255761
1186519700
1174117144
1187121689
1187070114
1167369765
1173425064
1193130408
1191397557
1187086137
1173444029
1321544135
1188391367
1183630409
1173487052
1173486540
1159931475
1173486685
449822826
1298799469
1173439982
269567736
shop=moneylender
29
1173444096
1214153474
278486915
1113220482
1165960708
1193302797
1174117267
1173440022
1173452953
1183683996
1173424924
1185825694
1179851691
1187070131
1173452728
449815738
875810880
1173486528
1174117196
1174120911
1173486934
1103651670
1178253281
1188232546
1298799465
1194803434
1158156524
1318750836
130212985