12
building=construction
29
278486916
1186511109
1183630343
1167369754
1321544094
1158156447
1214153508
1186511141
1174116648
1187086124
449815981
1183652015
1103651760
278487479
1183621561
1300611773
1190301005
1321544403
1113220310
1173452887
1179847769
1173497308
1149039198
1173497313
1188232549
449815909
1187086319
278486905
1186511103
construction=*
29
1214153474
1186511120
1191507730
1321544468
1318768792
1186511130
1187134888
1174116908
1189510574
1113220274
1187086260
1183630392
1187130565
269567686
1183623242
1159931475
1183621590
1155513050
1187086298
1187136608
449815777
1321544162
1165957861
1316588135
1187136620
1155513069
1113220336
1155459187
1192542591
landuse=construction
29
1192542595
449815812
1158203141
1321544585
1186519697
1194803474
1187086355
1187119128
1188391455
1194804901
1187134890
1187134892
263571500
1179851698
1166036794
1187086266
1194803388
1187086270
1104540617
1178253259
1187086288
1183721300
1174120925
1113220322
1194769894
1174120935
1318750824
1183641842
278486899
highway=construction
29
1191404040
1185825674
1158156684
1187121680
1321544339
1160056992
1194760992
1193624354
1321544615
1187130537
1187086255
1183621555
1173452725
1191397566
1174124484
1113220298
1113220427
1180139982
1173452881
1178253272
1298799449
1187086298
1149024603
1113220316
1173486816
1194769894
135806313
1191494003
1321544316
amenity=restaurant
29
1173486723
1167369736
1321544585
1191507720
449815820
1185825677
1173440014
1167369755
1185825694
1321544183
1188232494
1189510578
1173440051
1103651646
1178253246
1189056711
1174120906
1190301006
1174116949
1193130453
1192542584
1173444069
1191453542
1187136619
130212980
1183641846
1173439990
1174120952
1183684094
amenity=cafe
29
1173424898
1194803458
1186511109
1159931405
1173457680
449815842
1187139235
1187130540
1174116653
278730286
1187070126
1103651760
1183630384
1191507762
1173440051
1174116673
449816001
1179851716
1180139982
1113220313
1149039198
1173444062
278486887
1299524334
1321544559
1191393777
1318750840
1192542588
445088893
amenity=fast_food
29
1183684097
1187119106
1193218564
449815941
1173457683
1159931414
1173440022
1173452837
1174124583
1187086270
1160057031
1173452745
1161008075
1308678988
1178253262
1194803410
1173487062
1187130582
1321544026
1173444062
1113220324
1158156648
1191482476
130212978
1173452790
1159931511
1187136634
269567739
1192542588
amenity=bank
29
1158203141
1193124746
1188391438
1190255763
1173425174
1321544342
1173440025
1159931555
1321544100
1174116783
1113220275
1183623229
1191397567
1191397568
1149027143
1183621578
1160057037
1174116562
449815772
1298799452
1149024611
1188232549
278486885
1187086319
1173486964
445088886
1173444091
1166036861
875811198
amenity=pharmacy
29
1187119107
1187086340
1187086215
1166052491
1321544589
1155459344
1159958294
1191393815
1194804890
1183684005
1173444006
1159931558
1321544232
1173452971
1174124592
1187070131
1187130554
1186482366
1159066061
1158156496
1173452881
1187130583
1173452766
1183630430
1173486695
1299524327
1155513068
1167369717
1193218555
amenity=bar
29
1321544066
1158156421
1193302918
1161008009
1321544587
1173452950
1165964694
1194804893
278973347
1194766761
1179851691
449815851
1173452717
1183684152
1173440060
1321544125
1193320895
449815875
1183621583
1174116433
1190301011
1308678999
1173497308
1173440095
1321544166
135806310
449815913
1178253290
1173425131
amenity=pub
29
1183630338
1113220482
1193302788
1321544585
1173486730
1193130384
1173457680
1187119120
1194760983
1187087904
1187139237
1186511141
1173487022
1173486900
1183621556
278486598
1183641802
1173494091
1183684046
1299524305
1321544407
1179847769
1187130586
1316588128
1173444067
1173452901
1183630457
278486907
1191478783
landuse=commercial
29
1113220224
1185825671
1183641865
278486923
1188414093
1187139216
1187086228
1187119127
1159931417
1187119132
1182447907
1187087914
1189510572
1103651759
1149055284
1187086263
1173486648
1173452743
1113220302
1179847762
1159931482
1298799452
1173486942
25449704
1113220458
1173494125
1298415726
1298799469
1193302780