20
railway=subway
29
278486912
1183684097
278486917
1191507717
1190311175
1188391430
1193302794
1173425058
1187134888
1183641770
1188236844
1193320878
449815867
1173452732
1183621568
1173425096
1174116936
1159066064
1174116441
1173486700
1318750829
1321544429
1187136623
445088880
1155459187
1191494003
1192542579
1174120952
1173425017
railway=subway_entrance
29
1174116482
1165960710
278486926
1191507726
1190255761
1173486610
1194760979
1321544594
1187121685
1321544094
1173425055
1173452968
1174116776
1158156597
1104540602
1178253250
1313209161
1179851733
1190301013
1183630430
1187136607
1187086310
445088873
1159931373
449822830
1188241520
1298403702
278486904
1183630462
subway=*
29
1321544321
1173452931
1190311172
1187086340
278486918
1191404038
1185825670
1174117257
1194803366
1113220264
1183641769
1187130537
1174116776
1113220401
1178835892
1173440058
1191453631
1113220417
1155513031
1173452743
1161008075
1174120911
1299524306
1187086291
1158156648
1174124520
1173425139
130212980
1187086326
station=subway
29
1159958272
1103651843
1174116492
1321544591
1321544339
1161020696
1173425177
1187139237
1193624363
1183684012
1187087922
1173440050
1104540981
269567669
1173444027
1193320892
1188232515
1187086281
1183621581
1174120917
1183630423
1178253272
1179851739
1165957858
1299524322
278486884
1174116982
449815802
1191453566
public_transport=platform
29
1193302788
1167369733
449815951
1318752273
1187119121
1161020692
1186511131
1194803355
1185825693
1173452830
1194803487
1160107516
449815851
1194766770
1193130429
1191453635
1178253253
1187130567
1158156616
1193320904
1183621581
1321544656
1193130453
1187130585
1103651675
1173425014
1187119099
1173439996
1173444093
railway=station
29
1188391438
1158156432
1191386385
1321544597
26122777
1190255771
1193624355
278970276
1191411622
1193624366
1321544249
1149055290
1194800317
1158164548
449815884
278486605
1174116684
1190301007
1183721296
1187136594
1103651670
1193302744
1321544026
1159066084
1166052453
1191494005
269567733
1187136633
1174116991
building=train_station
29
1173486851
1158203141
1187119112
1183630348
1173486739
1187086355
1194804883
1167369752
1193236904
1183641773
1174117039
269567665
278973433
1191453629
1113220419
1178253256
1187130569
1149027145
875810760
1149052116
875810905
278486905
1165971553
1155459304
1174116585
1299524332
1321544431
1183641842
1113220217
highway=bus_stop
29
1113220224
1182447874
1298403717
1321544198
1187121680
1113220250
1173457690
1173440033
1174117291
1191397552
1187086257
1321544260
1188391364
1173440075
1173452878
1190301007
1318750800
1149052113
1194769874
1173440083
1186482388
1159066064
1103651672
25449701
1158156524
1193324396
278486894
1187136624
1185825663
bus=*
29
1183641865
1158156427
1321544589
449815827
278970270
1158156577
1197705254
1194766761
1161020718
1188232494
1187070126
1193320882
1187130546
1187086135
1193320895
1149039188
1321544280
1183630426
1173494107
1158156636
1173486944
1173440100
1321544420
1159958247
1174116972
1298415726
1183630449
1191393781
1158156668
route=bus
29
1321544194
1187121672
1173440011
1188391438
1159931410
1190255769
1191411618
278973347
1187070116
1161020721
1194803507
269567669
1193318583
1113220281
1178253253
269567688
1173424893
1173452752
1174116945
449815890
1193302744
1174116445
449815909
449815913
449815915
1159931373
1174116590
1158156541
1173444093
amenity=bus_station
29
1193302791
1174116879
1173425174
1321544347
1321544351
1158164529
1173487026
1187070132
1191397560
1183641795
1188391931
1104540617
1166052475
1187136589
1190301010
1173440083
1188232532
1191393750
1166052448
1178253289
1183721322
1178253293
1174116978
1188233972
130212983
278486906
1187119099
278486908
449815933
train=*
29
1183684103
1103651721
1166052491
1191507724
1149049230
1149049233
1173452830
1155459233
1179851686
1194766758
1173452968
1187134886
1173452973
445099446
278487479
1183623225
1191397564
1178253244
1308680645
449815883
1173452887
1158156504
25452378
1149024611
1113220325
1113220458
1113220336
130212982
1183630457
bicycle=*
29
1197696386
1186511112
1187086216
1113220234
1191453579
1174116753
1214153508
1159931517
1158156590
1178253241
1321544510
1178253247
1187139262
1158156483
1158164549
1173444037
1193302730
1158156501
1321544026
1149024603
1183630433
1149041893
1149024614
1173452774
1298799465
1187086193
1183630327
1160107516
1187136637
amenity=bicycle_parking
29
1187119104
1174116487
1191453583
1174116881
1173486994
1173457691
1187119132
1174117152
1187139239
1187134888
1183641769
1191406250
1187087914
1113220276
1187130551
1188232507
1149052095
1183708735
1178253250
1160057031
1193130441
1173452750
1180139982
1188232531
1174117332
1166036836
1183721317
1149024616
445088886
bicycle_parking=*
29
1187119105
1174116627
1166043413
1185825687
1173425177
1214153113
1321544220
1173425055
1158164517
1173487019
1173487020
1191393838
1104540465
1187130545
1194769846
1173444027
1185825984
1193320904
1299524297
1183623240
1174116692
1166052453
1321544166
1187131624
1174117097
1174116842
1187131626
1173486836
1183630462
amenity=bicycle_rental
29
1214153474
1183701895
1187119114
1187119115
1173452819
1186519700
1159958298
1159931549
278970272
1191393838
1104540981
1173494071
1187086266
1193302843
1214152903
1113220300
1179851733
1190301014
1173486807
1178253269
1149024614
25449704
1187136618
278486894
1298415732
1187136632
1173486971
278486910
1165960703
aeroway=taxiway
29
1190311170
1194803458
1321544198
1161020683
1166052493
1161020690
875811225
1155459230
1113220392
1191411624
1159931563
1173424941
1321544367
1321544624
1187549365
1149055289
1173440059
1308680636
1173425086
1187130558
1159066065
1173494099
1299524328
1158156651
1183721324
1187136621
1187086320
1173425139
1188185981
amenity=taxi
29
1321544587
278486925
1173457680
1155459344
1188391446
1161020694
1159931417
449815834
1321544349
1160056992
1173452834
1161020713
1174116905
1103651759
1155513008
1193302839
1178253247
1194803526
1173487049
1174120911
1187136593
1149024601
1174124508
1149024605
1158156643
1174116585
1183684206
1321544047
1113220476
taxi=*
29
1185825668
1174117000
1173486871
1173424921
1194803355
1321544220
1113220252
1159931549
1194804895
1321544226
1173486760
1174117291
1321544375
1183630393
1183641795
1313209161
1318750798
1193302867
1173497303
1149052120
1316588126
1298799455
1165957857
1191453538
278486882
1321544168
1174117108
1174117114
1183684094
share_taxi=*
29
1321544069
1321544585
1192542603
1103651724
1191478925
1321544079
1159931410
1185825683
1174116757
1173486871
1186511137
1187130534
1188236839
1187070129
445099447
1183623225
1187130559
1187087936
875810760
1174117196
1299524301
1193130446
1321544401
1031684701
1149039198
1155513068
130212983
1166052472
1197696383