9
cycleway=shared_lane
200
899109381
1342433285
695844361
288201228
722797580
482697742
482697743
365405202
1237060628
1225520660
695844374
591663638
842542101
913256476
699018269
242708510
512536095
699016738
913255972
502401067
776213552
1194015282
1106704437
1089042998
1215928888
1225470009
1089042494
410309183
1215966793
1089042505
410309193
410197580
1202330705
242553429
1194015318
483545175
913164374
1215966820
699017829
26267240
699016811
480403565
1106536560
1250119294
1285024387
226219142
1214767244
241942673
913164439
263557271
1194015385
26266777
1156874398
674001572
1251308196
301414055
275952296
211400874
1244222636
242110124
1239875758
1282996399
699017903
485961394
939127475
1106340020
1250119348
226540215
263371448
1194015415
1244222651
242144955
1089043135
1250119362
1236745923
263371971
1214767299
226540234
1214765567
1236745932
229108939
1194015434
699018447
512536267
244026578
1089042642
241670354
1234663125
1229498069
1229498072
480404185
242170590
26124282
1226137316
615938790
494857447
1236196584
357586671
232374000
235533040
232374004
244049655
1234666232
243010298
1236401915
26131709
1237236991
513899265
1089043713
354971395
515107076
242543364
361091337
1239258377
26270473
1219271949
513898768
1239875857
224566552
1214767385
26122016
1234666273
410114852
485877540
25268007
512517415
485961513
1207265578
1089046830
494911795
224575286
213768511
1250188097
1241069891
1234641737
480425803
213768525
1239875919
211425616
305776463
512536058
1205623123
699017561
410199898
699018078
253473631
913256807
1234641769
490891116
1239338865
1109164921
494904703
1089043839
208954755
880373636
913324934
1234666378
1331166091
490893196
1156874127
213781905
776295317
235529624
1207166370
878781347
1243859875
1207258025
262732209
899109299
913256371
1284292021
1290769848
1089042366
263370687
513898944
243857857
1239717314
1202331075
667876808
275956168
1238570953
1235815883
242553292
913255882
262729686
1143811544
1207549401
26270683
1107639263
365407721
1215966698
229856235
409463791
1234624496
699018227
367588342
699018234
485971963
1229497854
591663615
share_taxi=*
200
1236703759
913256977
1243012636
494858269
367588384
264344619
264344626
242637877
241936437
776213557
1327623221
263370810
518783546
229406780
367588413
1241460799
1243093569
218617922
213728835
231896130
485961285
410309189
698841671
699018313
878781514
1242340939
1154331724
880393293
1236196429
1236401745
1232769618
494857300
1215944283
242172507
1236565596
1224442974
367575135
213757536
232368222
365405792
275975266
1202330725
488558183
494857832
1243093608
365405803
1234664557
1214767213
1234666609
722797682
698818676
343677045
1234664570
1251308159
1215966848
242637439
1282996353
1244195971
485961346
515108480
1143811715
1178983051
224572044
241942677
1227805333
674001560
1239709850
242110109
1236696223
1195883172
1219271851
215752878
699017903
213786293
667893432
242636986
252925115
1300547773
226540222
1236745919
1106483902
518783681
242144957
218645693
480404164
213786308
218645697
485961415
1250119368
215752898
224600866
303185102
512517332
913324756
1225632473
1229498074
699018458
1237076702
695409886
26268386
1106483939
275952358
241935080
263370987
213778668
244049650
409460983
512517374
275952384
1237076737
224566538
1290782478
26122000
1239267602
354972948
1236401945
1244205850
1235346204
1241184541
697309982
213775138
354972963
218648868
1207265573
513820453
673845030
699016997
1106483491
1237073192
224575275
1251276076
224575278
1089042736
699017722
527351094
1310449463
242649914
218631482
26270522
1109164349
697310014
913324863
512545086
263371072
1214767428
699017030
1089042249
1241255756
269592398
1205623119
1234666319
1236402002
699018581
26269014
494856535
1236494686
1229497695
699017567
945710433
232370018
699017062
210955622
697297256
945710446
485876608
1207257987
232344964
913255818
211420558
1089042325
1228194718
1243859877
26131878
878781351
515107237
218655663
1207258032
1207258037
513898941
687323074
439351748
1234658250
1106787788
1234605517
226624470
264346071
1202331096
232367067
26270683
1156874203
232367071
1089042403
699017702
1215928807
26124265
1089125364
264344570
409463803
913255934
512517631
cycleway=share_busway
200
1251308548
1244225030
1234624520
231903241
699016714
1343692811
494370828
1244210699
1241464334
242640904
367590416
914277393
1225469970
254120468
482697750
1236401686
913255961
699017755
1234666523
213728799
226220065
1239706660
365405220
502400510
262732327
698805802
502401067
26270763
1089043498
1234666542
722797622
1225470006
439359544
1106704442
1227829311
1106483780
26267204
914277446
1214724167
1219159624
512453191
502400586
1239706699
242978381
1224442961
226210898
1202330705
512453204
26124377
1215944282
1207489117
490893406
1215944288
1241968737
913256036
410070635
1236565613
1215966830
26124402
878781556
1235091572
699016824
1226137210
483545210
244031614
1243093635
242648195
1239875715
242174089
215751310
699016847
288201870
1089042580
1235091613
512536231
1237236907
1251308205
275952301
1089043632
485961392
518783665
1194015413
227110581
899126455
1259846845
218645694
242144959
485961410
776295618
215752905
275952339
1236401876
1214696152
1089043164
242650334
698827489
1109164267
262732012
913256686
213778670
263370995
1235346163
232374008
1305967865
410147577
319277310
1237236991
699017985
1241184513
242639107
490893574
1234641672
776295177
252927242
1234664202
1250188044
488557837
1343040271
1226137874
1154331937
1234839842
354972961
494911780
1214767396
1343040294
1244234539
1229497648
1234666290
1234664245
1237237048
224575289
940346682
1234666297
1143811903
1244205891
494856518
226233158
224575304
945708362
213721936
232370006
1243605856
212990820
490893162
1234641771
1225632109
945705839
490891121
26270070
1202331511
1202331512
213279099
235528574
1142067070
913255814
1226136455
1239338886
1225520522
242987410
262732179
275951510
1215966615
512516506
226528668
1234666406
269593515
1156874156
301414833
513898930
1243859889
512517557
1236525493
913256892
26261951
1236494784
494858178
244031429
269593542
913255877
26261961
241945038
1089125328
913255891
1236401628
1251308510
26268639
1202331103
1282849251
1243596772
288201189
913256932
1202331115
1215928815
512536048
232380912
1107491318
1128714744
1234666489
1225469946
1236703742
route=share_taxi
200
1142067200
409463809
1227805190
1226137606
695844359
494856713
1225469968
1106536469
699018265
26124319
365405220
1241460772
1207258151
776213545
288201259
242645550
914277427
1236401715
1243587635
1234664502
1236525623
1106536499
1089042484
776213563
241936444
485876283
485876287
1215919680
1243093569
1241460800
262728266
213728848
262728274
213728854
1109164631
26124375
1225470042
1243093595
1226138204
367588445
242975839
365407328
1154331745
365411425
1286945891
248804964
1229497959
695845480
1202330729
699017324
244035693
722797680
698818673
1234666610
1239272564
1229497977
410070651
1202330748
1214711934
1234664575
722797696
1237236868
699018373
502400646
263557257
512516241
667893399
699016855
1194015385
263370906
1236439708
674001565
1236745885
679754396
242114209
241937573
679754407
775308456
1178983082
1219271851
242144940
1236565678
354970287
26264239
275952307
1227805364
649706168
775308475
1236745922
1250119368
355733710
1227805392
1236401873
1236745941
1236401878
1234666203
242543325
512536289
1236439779
409464550
1207584999
354969832
275952361
1214767341
494857969
232374002
263370995
242639092
1226136823
1225496315
1237138175
1234622722
515018504
513898765
1225496339
1225496341
913324825
1237237023
512516385
305964323
213721891
527351077
1156874537
1234641706
26270507
1109164332
485961520
26270519
913255737
1250188095
301514048
913255744
213750080
1143824704
213750084
1234641732
699018235
1202330440
512515914
1234666315
354970446
485876046
699017551
1229498201
232370010
253986654
1236402015
482712934
1235389287
1106483560
699017069
1234641775
1284291951
1156901234
1283045242
1236439419
518783873
698831753
208954762
512516491
502400908
512545163
213781905
1207166355
26270099
1284291990
1202331543
1089042839
26131873
1109502374
1234666411
485876141
1202330543
218655669
1237265337
689392057
269593531
494858686
253987263
1236525509
26267590
513898955
878781391
485876176
452617169
913256915
1237049815
1243859931
1249888734
1237049826
494858211
699018214
482697704
1310125545
1342433259
354970097
288201201
1215966710
409463799
1310125563
amenity=boat_sharing
200
512517632
410079235
1239273481
1236745738
1227805195
1237060619
512536079
513820177
232349201
1241464342
1236703769
512536090
913256474
1106536476
1229497883
264344609
1214765601
1224442918
1236745773
1215966776
211376184
1239706683
1202331196
512517182
480403524
776296004
878781514
512540235
1242340942
1178982991
1207604814
1229514332
1226136161
1243012707
1286945892
213728867
1234666602
1234664556
1234666604
1194015342
253421679
1286945904
485875828
913324662
410070648
722797689
410070650
1236196472
1224443000
1236745853
913164414
1215966846
244031616
410070654
263370882
1234666635
1156874380
288201868
215751314
1243093653
1194015387
1236696225
1224443047
1237236905
1236439729
485876914
513898675
775308468
213786292
899126455
699017916
1106896060
242166460
940341949
288201213
305963713
1154331845
241670343
699017418
208957132
1236745940
513898710
1207233752
1002809050
1239720668
242110175
275952352
243037409
1202331133
242543331
1285024485
1234666224
1154331894
945705719
242133240
494857977
1227805434
913256694
1244232954
1244232964
354969862
1237073160
224566543
1234641679
1239267602
213775124
913256730
1251357978
1236401949
26122020
226209063
913256232
229722408
483544873
1156874542
1343040303
213750063
1107488561
229722419
241934645
208949049
1202330425
697310012
1250188099
26122051
1205623108
262731080
305964360
231906122
512515915
243048274
518783315
1202330963
1214767449
26270556
699017053
1236494689
288226150
1226136427
1236746093
210955635
1156901237
229722485
1207239544
1109164922
1234641791
1226136448
515107712
490809218
485965698
490893189
305776520
26270601
1284092298
1089043856
1207258001
262732178
1225520534
26270104
211401626
343671198
215856033
367585698
275972514
26270626
229118373
1343121320
513898922
245548972
1109164464
913255856
410079154
1236525491
673845172
776338357
410079153
1243859894
1243853245
1237265345
1236494786
1219272136
699017672
1229497801
1234605518
409464782
244029906
1202330579
26270163
224568276
1106787795
1089042912
1239338980
242169316
26124263
241937896
1156874219
1202349040
1139460081
482697725
1215966718
amenity=car_sharing
200
482697732
231903237
1224683526
1310125575
482697736
1194015245
1226138126
1227805202
1202331156
26124308
1089125399
485877272
226220057
1251308057
1227805209
367588380
264344605
1215928858
722797599
26270751
1215928863
480404002
242645536
26269736
914277420
494857266
1106536499
878781491
1243477047
1241460794
1207258171
1109502524
232363581
367588413
208971327
231896127
1224442944
1156874306
1106483779
485961285
241942597
245058631
1089042504
674001481
1251308108
1224442956
1225632847
242978386
518783571
1286945876
494857813
252931672
1243093593
1204081755
354970205
1241255520
213757541
1236745831
698818681
367576698
913164417
1178983046
512536198
699017863
945702537
494370447
1089042577
1241255569
1240053907
913256081
26266777
518783644
288201888
1178983073
242114210
242168484
913256101
354972845
913256622
1236439731
213786292
1207584951
226540218
305963712
1241255622
1106896073
252925131
245549779
275958807
409460951
1239691480
242543323
1202330843
210610907
409460957
303185120
1227805411
913256675
1214741731
303185128
699017449
262732010
354969836
512516845
242170606
262732013
485876977
244049653
699017977
1236196602
1109164291
242639108
699017992
488557837
1251357967
26122001
26270487
242110235
1234839835
211374365
1250188062
1234641701
218631975
697309992
1225496364
226209070
1234664239
1229497648
235529010
1207265589
1106340150
480425784
1225211196
1205623101
913256254
410118465
697310017
263371075
361090886
1225520455
480425800
1229497675
263371086
1225520463
262732112
1229498193
512539986
913255758
241936725
213768534
913256282
494904667
1234641759
695777122
305964392
1225520490
1226136428
262730094
494892912
945705842
213733753
880373634
1207257986
490809218
1214767496
216283020
305776526
26270104
880373656
1226138009
1234653595
1109164957
512516512
275979170
26270123
410079160
275977147
1207239613
410079169
241939394
1202331587
275977158
512536007
1106787788
275977165
244029901
288201167
1202330577
673845201
1106483674
913256414
1202349030
343667177
1229497835
512536048
502401013
1214765558
410079227
1227805180
512536063
amenity=car_rental
200
410079234
361091079
502401032
1244225039
241942545
213713938
410079251
699018260
26270746
1232769563
1237079580
1226137118
263371813
343671333
365407271
502764591
26270769
1089043508
1156874298
1225470011
1244209724
367588416
776295490
242111560
1227829321
1234664524
698815565
1236525650
1243477082
899109466
699018337
1239706721
1235091555
213728867
1196724321
365405801
1215966829
1286945903
674001521
1236696177
1236196467
232346739
1234664565
667871860
878781556
410079230
1250119289
242636410
343677046
1225106044
699018356
224572031
1243093632
208928897
354970241
1239883909
241936007
288201865
1285024397
1234666637
512517267
667893396
1229498003
494857877
776213651
229859992
1236196506
253471899
213274270
1244209824
1244222624
1235091619
1239875748
1143811749
301414055
1236745896
913256105
913256619
226239153
1244215481
913256635
667893436
490890941
1285024446
215752894
253477563
494370497
913324742
878781639
1194015434
1227805386
208957131
263371978
494858452
275952346
1234660574
242543327
1237236961
211328738
210610915
1236439779
695409890
263557350
615938791
494857960
357586672
1154331898
410147579
1244205819
242543357
697309950
1236745983
1227805448
490893578
1214691595
1109164307
913256724
1089046809
513898778
1156874530
242553123
25268004
527351078
218631978
1156874539
1234613546
410114864
1234664243
512545075
1214767412
1154331958
1142067005
1235389245
485876033
1235389252
262729208
1225520457
354969929
1236401999
224576338
482712915
213265749
361091415
242110296
1225632601
243777880
269592411
253986652
1234666332
1241195354
242553689
1202331492
365407077
232370020
1089042791
1239338852
26270568
913256809
699018107
1109164927
699017102
242992017
699017106
515107729
1225520532
275979158
1234641833
211368362
1236494764
410079153
913255860
1234658239
591663552
699018177
1234666434
243857857
410117062
1219272136
494858696
1089125320
490809293
1202331087
1234641873
913256922
485876699
26270685
26124259
1202330596
1156874216
1202349033
367603691
263370736
1227805169
229122035
26270709
1214765558
880393208
1106483706
367603708
1244212734
amenity=car_pooling
200
913164294
245549574
243001357
1239273486
914277392
365405203
227022868
699017237
1251308058
1241460765
494370846
213281822
1237079584
343671329
698805794
1229497891
365411875
1343692833
1227805222
213728806
242645544
275958825
485962282
242645546
1251308080
242644532
1234666549
241936440
940347966
213757504
242642498
226616390
699017799
213728841
1106483785
1243012684
1286945869
1225106000
1234664529
343668305
1219272283
1236196447
1156874337
1286945890
1241968737
226223716
913324648
365405801
1241968744
698815597
1234664560
1241255537
698818674
1225106040
263557243
494857856
518783618
1106483843
945711749
1240053894
494858887
490893447
1236196489
1178983055
512516241
1178983057
490893459
1235091601
1236401813
1089042582
1224443031
253472412
1236401820
1106483870
262728352
679754400
1236401826
494857380
1244209833
1107607212
1214767278
776295094
1106536632
242636986
699017405
243037374
1235091648
1236148419
1236401862
679754440
354972873
1227834586
357586651
211435739
1237076705
242543330
242170598
1234664174
213778671
410117872
26270458
343675643
263372027
940342012
1234666240
1251357953
354969858
1236439808
1235346177
490893574
1214677766
232389896
1234664201
213775114
1251357963
494858508
1236401932
485961487
518783249
305964307
1343040276
1237076755
1237237012
1229498132
211374363
1235389214
1237091103
1236746015
1251276067
1250188069
241675557
263371561
354969901
242110253
1214767409
512545074
1202331442
1290776371
945710397
494857022
913324863
1234666303
697310016
1106483518
26122054
213721929
1241255753
1241195339
262732110
1241195343
512517457
1089042770
512536404
1236494677
699018590
269592415
1205623139
1244210024
512536425
1236402026
288226155
512536433
512516472
343667064
1236439418
504793473
695777155
213716371
1284094363
1207234974
1237056927
253420452
1207258028
490890670
275977137
211368369
913255860
232364983
1202331069
591663551
546319812
563094980
275956168
1282849224
241674184
673845198
913256910
673845200
1225520599
357590487
26270681
1237049820
275956194
1156874221
699017198
512453615
263370736
215738868
1234624501
1104772600
amenity=bicycle_rental
200
242976775
1244225032
1236401674
1202330634
699017226
26264063
1227805198
1107643919
242638352
232349201
262729743
1156874261
1207258136
262728219
1237079581
1236401694
1236401695
1244225058
343671332
512516645
365405222
914277421
1225470003
699017268
1089125430
518783543
242637880
354970169
1244225084
1156874302
1154331711
1236401729
1214724162
1202330689
232363590
1207221830
208971334
1108139591
1236703816
1243477074
1215944277
1236745818
1236196443
26124384
1236696160
1178983012
275975271
494857320
698815594
410070635
878781547
213748334
1251308148
1236565622
1250312321
242637442
699018371
213268614
1236401798
213748361
679754378
945711756
1235091598
253421712
518783633
1106536597
1156874389
211427480
1106483869
242168479
512536224
354970273
1109164193
1241255584
1219159724
1250119344
354972854
913324728
699017916
242110140
722797760
1225632968
303185100
679754448
1214767313
1214767316
1239691486
243037409
211328738
699016932
26267367
357586666
512536298
275952363
1235389165
1106340086
410147576
490890491
319277310
26270463
1156874501
512517382
515018504
245275913
275951371
1343040268
1250188047
1234666258
1244205842
1236746005
319277334
1241184539
1214767389
26122014
485876511
25268000
1214767393
697309987
25268003
241675558
494911784
242140972
1207265583
263371569
480403762
1251276085
1229497659
262729030
357591367
361090888
224576344
305964378
213265757
212990821
305776485
354969959
232381800
242963310
1156901232
1205623153
689391474
697297264
1241255795
231912307
227107702
1228194678
502400891
1226137980
1202331522
1241255813
945710472
1089043336
208954762
1239706504
1109164429
275979157
1156874139
494858143
494904738
262731683
1236494756
515107237
1343121320
513899436
245549485
1109164976
913256369
305776562
913255858
913256371
1207258039
211384250
513898944
1234658245
1235815884
1243596749
1202330575
1109164496
26270163
1225520597
269593558
1237049818
410079195
913255900
1234630619
482697697
673845218
1239338982
699017193
1236401641
698805742
502400494
1207230448
494857711
1215966704
494858227
913256953
1207258106
1225520637
698809855