9
amenity=waste_basket
200
913256449
482697730
242640904
26124298
213710858
1225469965
695698958
482697743
213728789
410079258
1224442908
485876253
365412383
1109502498
275958821
26124328
1236745778
1239706679
1242340921
485961279
1214724162
1243477067
263557196
439359565
699018315
914277456
410197587
1224442963
1226136662
1234664536
1243477082
1207489117
1239272541
367575136
365405793
698815594
1236745835
1109502573
1236696174
1229514351
1286945904
1234664561
1224442996
699018356
1250119294
1237236863
1236439680
1251308163
1236745861
224572039
1239883912
263371920
365407377
1229498003
776338580
1106483862
1243093656
1202330777
1089042586
699017893
1224443048
775308457
242168492
699017389
512536241
1250119346
1236401850
480404155
1239266491
1207233725
242144960
305963712
1236745922
242113227
1207584973
1235389133
1236745936
1089042642
409464020
502400725
1239720666
242170592
218641632
1227805411
242543334
1343037673
1236745961
1227834603
26268394
494892783
1229498103
697309944
26131707
1225632507
1235389182
354969855
354969861
354969862
262731527
361091337
1343040266
1237237002
1251357966
1243590414
1089046800
776213776
1234622735
1342433271
1241184533
518783769
913324826
1225632539
26270491
275951389
218648863
512516385
1207265572
490891050
213721898
699017005
1154331952
741582641
263371059
263371574
513898806
1106340150
229722424
1235389244
512545088
231906115
673845068
689391437
512539982
211425615
512516433
1241195346
26122067
1225211221
262729211
262732120
1236494684
242110309
512515944
1239706478
1241255793
1202331506
354971511
494858104
227107705
288226170
899126651
1214693758
485876608
1234641794
485876102
213781896
1202331528
235529610
699017104
213716370
1234666389
275972509
512515999
480403871
1202330532
1284292006
1236439463
504793516
515107761
305776562
494856626
26270644
1106483638
354970043
410079164
1225451966
512536000
241939394
1251308483
699018180
242553291
354970066
226624472
26270681
1215928794
673845211
1236525533
288201189
1234605542
232388072
1106483691
1156874222
367588339
1202331123
1236565494
26124279
1202349048
367590395
512516093
512517119
amenity=recycling
200
241936384
776338432
26124293
242976777
245549577
241942540
231903245
26270221
367603727
26124304
213713938
26270231
1156874264
1224442906
1109502495
1207221792
1194015264
1106483743
1202331168
1227829281
1243012645
880393252
1106483753
1239687210
1194015276
1224442933
1089043512
26124345
1215928891
1202331199
26262591
878781503
229406785
367588419
1226138179
1241968715
698841675
945709643
1225105998
1224442961
232385106
913164370
410079223
263557205
1236565590
242172503
1286945877
1236401752
1089042522
367588443
1234664542
913164383
698841696
913324647
1089042538
1240053868
244035694
674001521
490893427
1234664565
343677046
1229497975
1251308160
263557251
1235091590
288201866
494370447
1227805329
1229498002
288201874
215751319
26266779
242110111
343676066
1244209827
494856868
1236196518
1236565671
1224443048
1300547755
242144944
1236196528
303185092
1156874437
494892741
1106896070
513898700
513898703
1106483923
913256664
679754456
210610907
1193997020
485876445
1234666207
355733728
1239720674
1236525559
699016932
699017447
494892775
515107564
262732013
490890476
263370995
1237236980
1109164277
1234664180
242133240
244049659
354969854
235533065
1234641674
1106483466
354972947
1343040276
1244205843
485877012
1241184538
485965596
1205623072
1250188065
253475106
242647844
527351079
697309993
1109164841
1234641711
365407025
1234641714
494343987
1236401973
224575285
1202330423
305964343
1239338807
1235389242
945710394
361089850
913255744
213745474
1202330946
232348484
26122053
269592395
263371086
880373584
262732113
1234667351
1229115225
212990812
354969949
269592414
1236494686
494859104
485967201
252927331
697297258
699017592
252924794
1234666363
262732158
913256834
945705860
512545158
26270090
699018638
355988368
1236439446
354970518
1284291990
253420952
1106483611
839229339
1202330526
224597409
232364966
1239263146
269593517
26270640
243677112
275977145
275956157
1202331584
513898944
26261953
1224690117
1107639249
229884375
1202330586
263370716
1226138076
1229497827
305776614
410079207
1251308528
1106483700
1202349046
305776631
1168209916
amenity=waste_disposal
200
410079236
913256968
1234603534
1215928848
367588368
242640914
1160266258
1156874259
1237060630
512516631
1239706651
1284088860
26124317
1234666527
1237079585
367603746
242961956
1089125413
1244225062
494370341
699017256
242961961
1202330667
365411883
242637870
1109164079
480404018
722797619
1089043001
229406780
512536125
1236401724
385738819
1224442948
1251308104
213757516
698815565
385738828
1234666578
1250119251
502400596
494892117
490893398
1236525654
878781529
1250119260
1224442974
698815584
1236196449
275975266
878781537
1143811686
1235389035
1236401771
494856813
1250119277
1106536561
1239256700
1239706749
1236401795
1106536586
1236401811
494858900
1239721111
1239883937
1106536612
1236196518
253472935
674001579
699017389
1240421042
485876409
303185081
1236196539
775308474
253471423
1157073089
1251308225
1089043143
1239691465
1342429898
275952331
354972877
354970318
1154331854
1239720659
1236745941
699017942
354969815
1250119383
1225496284
1236196579
1235346148
357586659
262732010
215730923
354970351
213778671
1244205810
1214732534
1225496313
1244232958
25267967
1089043204
1109164293
242110214
1290776327
1250188036
1089046793
1250188044
1202330893
305964303
1202330901
26122007
1227805463
410114850
494858532
480445222
1227805479
242553127
241675561
365407020
1205623092
1205623095
1205623096
305964345
1214670138
243005754
226231612
703116608
269592392
263372109
1241195342
913256272
512517457
482712914
229722451
482712917
1234666333
490890590
945710435
410199910
1235389287
913324910
945705841
914327410
1239338867
699018612
1236494709
1202331509
699018620
262732156
1236494722
305776515
1139459972
26270603
1284291983
229109136
26131861
1202330518
26270614
1109164957
518783389
343671201
269593508
1239338918
1107639208
513899436
480403888
913256369
218655664
1236494773
913255863
513898942
1107639233
1225451970
563094980
1226137541
699018182
244031431
699017672
1142067145
1282849232
1089042391
1225632216
26270681
1239706585
263371744
252924896
913256419
1202349030
746747880
224577514
1235329003
1239338990
1342433268
215738872
1224442876
776295933
242649086
bin=*
200
698831360
1202349058
842542083
1236525572
1089042441
288201225
288201227
1194015244
512517133
699017234
1215928855
699018265
1215928862
878781471
1226137631
226220065
1234666529
1226138143
1226138150
275958823
288201255
913255979
1239269422
913324592
494858800
1215966773
229113911
242637880
242637881
776213561
26124347
913164347
914277439
1251308095
242642498
1236439622
485876807
914277449
878781514
1239706699
245055057
913164372
439359576
1225470042
1224442976
1227805281
914277473
232385125
1235389032
1236565608
914277483
1178983023
232346739
1236196476
1239256701
410070655
1224443007
1214711940
1214767238
1251308169
224572044
699017868
1219272333
242174098
288201876
1236696223
698815650
1236696227
679754408
1236196527
1109164208
275952303
1237236914
699017391
252925116
699017405
1240421056
1106896064
1250119368
263371978
275952334
518783694
1235091666
1250119379
26270719
1241255644
1106483933
1143811805
1236196576
241935075
695409892
1236745957
1239706854
1236148462
1225496304
243010297
242639100
410064127
1229498112
1214741762
878781699
1229498117
512517382
488557837
213721870
1234666258
1236401946
1343040290
512536356
243777832
494857513
1224190760
26122025
1235389235
1156874551
354970424
263568188
1225520452
253471560
913324875
774324556
697310028
1205623118
699017551
513898832
913256272
243048274
1236746068
211403609
1290776410
1243363164
512536415
776213858
697297250
269592419
490893171
1234641791
26270080
1202330495
1207257986
1202331525
1225632648
208954762
1207239564
242110350
242145168
242990481
1089042324
1106483605
26270102
1215966615
1300585368
880373654
1237056928
880356770
880356772
1239275940
241935782
1202331562
245548970
1215966639
494904752
1251308467
512517559
490809275
263567806
699017663
1343166910
899109310
673845186
699018179
26270146
667884484
1106483654
410117057
275956168
410117060
512536013
1225451982
227022290
1037436885
1207549398
1234605532
1225632221
1243546590
226624479
410079200
1251308512
512536034
1229497827
1243596772
1224684004
224568305
494904818
229122035
698805750
1156874233
1234666490
776338428
1342433279
landuse=landfill
200
1154331649
409463809
502401028
410079238
1251308556
1194015245
354970126
1106483727
1343692816
26124305
1225632786
1156874261
698805782
26270748
1239257630
512536096
494858276
26267173
242134565
242961959
1227805224
264344622
262730287
1236703794
1229497909
1243477047
26270776
1215928888
1251308090
1215966779
913256001
1236745793
1202331205
229406789
1106536519
1227829320
1251308107
1241460813
494857295
245549650
1215944275
1207221848
722797666
248804964
1239706728
1194015343
1224442996
1236696187
263557243
1226137727
1226137216
1234666629
1240053894
1234666634
26124435
242553494
1219272344
1236148379
1244222624
262728353
215751333
1244222634
913256107
699018411
1237236912
878781619
913256124
1109164733
512453310
913256640
242543298
354972866
513898696
513898700
699016910
699018449
1239706834
1236401876
1214767319
1234666200
1214741721
699016924
615938785
1343037666
213790945
494858980
354969829
242543334
1226136803
1283012844
275952364
1234666225
1229498100
485876469
242110196
213777653
1244205819
940342012
512536315
354969854
518783233
1237138179
1156874501
1234666246
354972936
1234622729
1237073160
1250188044
1202330893
213775126
1234664216
1239338783
490891047
518783272
513899303
673845034
527351083
410114857
1156874542
1109164850
224575283
1226136884
697310006
1089046840
689391417
913256250
26122043
26270522
1207557437
1202330429
1089042746
231906114
494858050
1241255746
357591366
1205623110
224576327
1226137927
1234666314
913255750
482712902
673845069
213745478
1234666317
1234641744
776213841
1229498195
354969949
1202331488
1214767459
913324901
880373613
211311471
26270577
513898871
1236439416
513898874
26122107
213733756
1109164927
1331166083
1109164937
305776526
218621331
1143824787
1236494740
211401620
1106483609
1202331550
367585698
218655655
1207258026
1109164972
1235277235
1225520565
913256888
515107773
1202331071
1250188736
1225520577
275977152
241935299
512536004
242553291
494904779
1219272141
1310207950
275956182
1226138076
1234624478
913256933
482697702
275956197
1243596777
410196972
409463790
1202349039
26270708
485876218
1202331133
recycling_type=container
200
482697733
913256455
1109502473
26270729
1109502476
1239687181
409463821
485876751
1156874256
1239273488
254120464
1229515281
1234624528
1284088853
1237060629
695698968
365412380
275958816
699018273
699016738
365411877
213728805
242637865
1089043498
264344620
1236401709
1225469999
211386928
1243587635
1089042998
1244225079
439359544
229406779
913256508
218617919
1283040834
244053571
880393284
26262601
1226136651
439359565
880393295
208971343
232385111
1219159640
1239681113
1156874328
242172504
494856796
367588445
1243093593
698815584
365411425
945709667
1227805284
1243012711
213748337
1349242483
776295415
1239875707
1250119292
1229497982
518783618
1285024397
699018382
1243012751
26124436
242174101
1236196501
667893400
1236401824
1251308194
674001572
275952300
1239875760
485877424
213786290
354972848
1235091638
774362809
275952313
485876921
699017916
1235389121
1207233729
490893509
1202330825
1214767306
490890957
409464014
232371407
913324752
229122039
1207584980
1229498072
913256667
494892764
518783708
263370974
26268386
1234663139
1214741733
513898726
409460968
1236196591
410115825
354969843
242553587
1237076726
480404214
1260191992
494343931
235533055
1259846922
699018000
26131729
1241069842
513898772
485877525
1234641685
1331165979
275951387
1234641694
1089046816
494911777
1237237025
263371556
262730021
218648869
697309993
25268012
410114862
242649906
1089046835
913256757
263568182
226231606
1234641722
1236746045
1229498174
1234641728
776295744
231906115
1234666308
512515912
518783309
1236402001
226541912
1225520475
243000677
232381802
1202330479
1089042288
1228194675
1202330484
913256314
913256828
242110342
242145165
1264340878
913255839
485877151
1207166369
1207234978
263372198
1243350450
1089043447
1226137010
1229497783
545384380
485962172
1154331582
1202330557
1139459522
1234641859
512536004
673845188
1106483654
1142067145
485878218
1239274446
211333590
1202330583
357590490
913256922
367603681
224568289
252924901
232388072
1107639272
913164266
263371753
1106483691
1236401645
242169322
698805738
213737460
26270711
880393208
512536572
recycling_type=centre
200
1215966720
275958786
1227805187
1239273474
275958795
1239875602
591663636
1207221784
242176542
243047967
899109408
343675936
591663649
243047969
698805796
263371809
365405222
1236401699
913324585
213728810
242645548
1243587630
211386928
1227834417
1156874289
229133365
1225470005
241936440
698805816
502400570
245549629
354970176
26270788
1236703817
1236439625
1251308108
1225105996
1154331726
880393293
1236745808
776338511
776296018
1251308115
365409361
1215944272
1234664532
1194015323
698815580
232385119
343670369
26124385
1236196452
213757542
1235389032
1229514348
241942127
698831354
1106536562
263371890
699018362
1241968762
1250119292
1237236864
1224443011
242648198
410070665
1244232848
1235091601
1236196498
1235091615
1202330784
1240053924
218645669
480404136
262731948
1236745903
242166454
1236148407
913256633
480404155
305963708
913256639
913256640
679754433
913324738
1250119369
649706186
303185100
354970316
1343035086
1106483928
1142066905
1156874459
1214767323
494858464
26124282
1234664174
275952368
482697722
1234663156
242110197
1260191992
235533055
1251357951
1244232962
1234613514
494857482
1214767371
1251357964
1239273742
1234641679
410114844
697309982
1234641695
518783265
1241069858
480403747
1205623079
697291561
699018538
742427434
1214767409
1202331443
26270516
305964341
1089046837
1236746038
480425781
490891067
263568188
913324861
1225211199
301514048
512539973
1243363148
1226135885
262732112
213721936
1234667347
241936724
1225211225
1229498203
1236402013
365406558
365412703
512536419
1236746083
232375141
490893670
1239875944
1236746089
245056874
1226136427
1239338861
262730095
1234596209
695777139
210955636
512515957
1225520504
485876095
490891137
275951509
518783383
211418009
275951514
263371674
1239263132
1089043359
26270121
1251308459
494857142
1202331066
1290769854
899109312
1225451969
1229497795
673845189
1224690118
263370694
673845193
504793546
1234658250
1234624460
1236401616
357590485
699017174
26270171
699017694
245549536
410079203
1106483685
494904805
26124266
252924913
518783478
1089043447
880393210
1236565500
512536574
amenity=waste_transfer_station
200
1215966720
494892546
231903235
1202330628
26124297
494857738
1251308555
722797580
1244210701
409459726
485876751
241936395
513820177
264344597
485966358
410163223
1202330646
264344598
913324570
699018267
410079262
263371807
354970144
1106536478
699017246
1236703779
213281830
1202330666
1227805229
699018286
512540211
1251308089
1204081721
880393276
229107774
698815554
354970179
410309191
361091146
1243477067
512453194
1225632847
1229497941
913256536
490893402
26131548
275975261
1225106021
945709670
722797673
365405802
1109164655
494858863
1224442991
698818672
1236565620
1232769662
1089043073
1243093635
1214711940
1235091592
667893388
494858382
699018388
1251308181
1224443029
241942676
667893400
1224443035
263371933
1214767268
1224443046
1236565671
1237236904
913256615
262731944
226239150
354972849
1239875763
213786292
213786293
1236196534
1251308217
242543291
1236401853
1227805377
615938754
1250119362
699016910
1343035086
218645716
698827477
1239739095
1214767320
1235346142
242110175
518783202
275952360
1235389161
513898729
494859000
354970362
1234641671
1234616073
913324810
1290782475
224566540
232347919
244029712
776213776
275951381
1089046808
485961497
1236746014
899126560
218631969
515107618
697309987
1224190756
667873571
1089046820
263371554
1237073190
697291561
1234641708
26270519
253987640
512545082
1235389245
224575294
213750077
1207562560
213745481
512515913
263568202
229117264
365407056
482712913
1234667347
697310036
211342676
776295255
243048283
253986660
1234666342
212990826
699018605
695777135
211429234
512545141
512517505
1284291978
26131862
1229497750
275951514
1310773146
269593512
1089043369
1109164458
1107639209
1207258029
489813935
699017649
1202331569
1243350450
269593524
1214717366
485962170
275977147
1236439484
275977149
878781374
512517577
1235815885
288201166
275956173
26261968
1202330575
1237049815
1107639256
699017689
226624474
1109164508
232367069
263371742
512517087
494858211
1243596772
252924900
1224690150
699016679
232388067
224568297
512536043
305776620
354970095
1224442871
1251308532
242649079
26124284
waste=*
200
26270721
899109381
695844358
242640905
26270220
1236439565
1236401677
242638351
1229515281
699018257
1156874259
1251308563
1237060630
880393239
1106483735
485966362
26270747
1214765596
1202331165
699017246
480403997
880393245
1089042463
913256479
880393244
275958827
1089042988
1089125421
914277422
1243012652
1106704432
1343692848
242644535
722797629
242978880
218617921
1244225089
1243012676
1251308104
26262600
451954249
485876811
1227829321
699018318
241937999
1219159632
1207258110
1225632856
1227805273
1236565594
1243093595
365409371
1207489117
1227805281
226632803
1241255528
213757544
235533931
1236565620
1106536565
367576693
226223734
1229497977
1241968762
242998393
1241968768
1236196480
1143811712
1215966853
494892171
1236696205
1106536591
1089043601
241942674
354970260
674001561
1106483869
674001566
241669280
512536228
1240053924
1236196518
775308456
1252378802
1237236915
303185078
485961399
354972859
1251308222
494370497
1194015428
1229498053
1106340040
1236745928
275952330
1236148428
494370509
355733710
1154331854
354970321
698827476
1237236951
698827480
1239739096
1235389148
409464547
361091300
26267365
1250188010
1106340078
215736559
365413621
1236745976
26270462
1225496318
1225632528
242110225
224566544
1109164307
275951380
1234664213
1154331920
224566552
1239258393
490891034
243890969
1106483489
1143824678
913324840
229722408
1290776366
1214767407
1193996592
880373553
263372081
699018549
482712889
1143824700
210613571
697310021
1234641736
262729032
1239338827
490890572
1234641740
1234666320
913324881
699017043
1207562584
1089042267
242135389
1089043295
212990820
212990822
232370026
485877100
494892399
1234666352
945705839
1109164402
26270587
213733759
1202331522
245054852
1107639177
913256329
216283020
305776531
1234641816
512516006
485877164
1214717358
227113391
305776562
452617148
1234658239
269593537
494858182
253472199
244029895
244029898
1106880461
1243859922
288201172
776338389
1237049813
229884380
232367069
252924900
1251308516
26261991
1243596775
1239338983
1160213996
1234624498
213714423
1236525564
722797565
502400510
1037436927