10
tourism=information
200
226450946
410079234
494856707
262729223
241936392
1089042441
722797580
699017744
1226137106
1229497875
1239273490
26270228
482697750
213281819
26270236
262729245
880393246
1109164575
241936930
1109502501
242961965
26267181
26270768
1236703793
1106536499
213728821
512536118
1236401724
913256508
699017790
1234664512
1207604802
699017800
1207258185
776213577
263557197
1243477076
365409364
367588441
699018330
494856796
1089042525
494893150
494892639
1286945888
494856801
1239268960
1251308128
1224442974
1250119273
699018352
1236696177
1224442994
229108338
242636410
1214767228
913324670
242648190
1250119296
1194015359
483475077
722797703
242174089
1236439693
913164429
1106536592
1239272594
242553495
512536220
1106911909
1237236907
26268331
494857902
490890926
215751344
1143811764
226540216
494858937
485876921
1202330818
1236401860
699017929
615938763
1239706828
355733709
354972876
1229498071
1236745943
1109164249
1154331865
515108571
275952348
1236196575
409460959
1236196579
1154331880
1234663149
776295662
494857455
354969843
1234664185
1236148473
242639100
319277310
697309951
1214732549
1227834630
1237138184
245275913
1226136842
305964297
1237237004
878781712
1143811863
275951387
319285532
1214767393
697309988
1106483494
263568169
1236746026
494892841
480403757
1205623086
1225496368
218648881
697310001
1234666289
1143811892
513898808
1234666298
913256254
1290776384
365407045
232348486
213721925
213721927
26122057
945708361
263371595
211283270
913256272
224576338
241936723
244045141
490893665
1234641767
365407594
1089042796
1236494701
210955631
1142067066
518783354
1234666365
1156874113
245054852
1207257992
1219272073
1241255818
213781901
1226136976
213781907
545384341
518783383
1109164439
218621341
269593502
1284292003
494892453
878781351
26270123
1089042870
1109164986
26270651
494892989
1243859906
673845189
512517577
26261963
515107788
1235815884
776338382
410079184
1107639248
365411282
1109502422
357590487
515108312
1236401627
1139460062
229129695
245549536
410079209
409463786
1202349034
1236401645
409463790
1156874223
698805751
482697720
tourism=hotel
200
482697728
1244210692
215742469
1234624517
1225520647
410079240
1202330634
243777036
699016717
243047953
211308051
1229497880
231903260
1236703773
1243865123
913164324
263371814
213728807
26267178
502401066
1236745773
1224442927
1156874289
263370802
1234664502
211376184
480403513
698805819
512517182
1156874304
913256001
1241968708
385738821
698841670
1215966789
518783558
880393289
1089042505
1106483787
945710670
699017295
385738831
1285013079
1243012701
263370849
232368227
488558179
1236745830
913164392
410070632
913256046
1243477103
410070639
241942128
698815602
367576700
1239272573
263557248
1234664581
1243093641
913324690
288201876
215751319
253472409
253472411
1227805340
698815645
1156874400
253472935
1219159719
1214741675
1300547757
939127475
354972851
242543291
1239875772
1202330813
1106340032
1157073089
913164481
1250119368
409462987
1239875788
241935566
1239720657
913256162
699017442
1089042660
450543336
913256685
913256694
354969852
263371518
1234622720
232389893
1241184523
518783765
913256726
1250325271
354972952
1234641695
213775136
1241069855
1154331938
502400802
1154331940
1143811877
1226136870
242553130
26270507
494911788
913255728
354970424
226454332
242985277
913256766
1143824704
1109164355
242971972
1089046853
1225520459
945708364
512516428
482712911
1225211223
518783320
1234641755
689391964
512515934
1235389278
1226137958
689391976
1331166057
913324906
269592427
1244210027
776295788
305776493
699018089
1244220272
1226136428
1134479217
546319731
1234666361
1228194681
776295296
243857805
1264340878
1234666386
226528661
253420952
275951513
241935770
211423643
226528668
1106483613
485876638
1224690078
699018144
494858143
699017639
776338345
1215966639
1234641845
1225520568
673845176
1156874169
275956157
1243859904
241674177
410117060
563094980
241935301
913255879
26270154
1251308491
512517067
698805711
1234666448
288201170
211333590
226224088
1215966683
275956189
913256932
512536036
1202349031
242169322
512517099
698805738
512536046
899109358
1243853297
913255922
409463795
1236525557
409463798
242649079
1251308540
492098558
tourism=attraction
200
913256960
1314561027
880393221
1244225030
485876230
213728779
699017228
512517643
410163211
1107643919
241942539
722797599
242553376
485877281
213728802
913256484
512536102
515107366
1089042475
367588397
1236745774
1089043504
1227805238
679787585
410197570
1227805251
385738819
1194015301
698841671
698841673
1236525642
1236401740
699017806
1215944272
1234664529
410070613
1109557849
1236196443
1194015325
1224442977
343670369
913256545
480403557
1241255525
699017829
410070632
26267241
913256040
1235389033
1236696172
1239681133
776338542
1244214889
1154331760
242636400
1235091570
1234666612
1251308149
1236401784
365405820
515108480
1226137216
913256067
224572042
215751314
1243093652
1250119318
1089042582
1219272344
242553497
226634393
213798038
365409948
1219271837
512536226
722797731
1244232868
1251308195
1237254313
1236745898
679754412
494856879
1089043635
275952308
1251308212
913164468
1226137784
899126458
1236196541
354972862
1154331840
1202330818
913324738
1194015428
1236148424
679754442
1156874442
1089043148
485961422
1227805395
699017945
1250119390
913256671
218641632
1234666208
243037408
1236745952
211328741
679718119
262732009
1235389165
242110193
699018490
1234664186
513899262
485876480
1234622720
697309954
518783233
1234641671
1236401929
1227805458
485961493
1143811863
1106536440
1109164317
275951390
275962143
218631975
275951401
1343040298
697291561
1226137386
913324845
776295209
365407023
1234666287
1234641716
1234666298
913324863
1089046848
231906120
494859082
494858573
211283277
673845071
1243363152
212990802
494858068
26269012
1234667350
689391964
1214767464
880373609
699018618
1236494724
591663493
776295815
1284291978
1239706507
1226136463
1226136976
699017108
1284292003
367585700
215856035
1236494760
1239263146
211368362
367585710
1282849199
1225520564
546319797
262732214
1251308469
515107256
301414842
263567805
512516545
275956163
512536007
878781385
494892490
1225632206
1283019727
26261966
1225451986
1229497813
1089125334
354970082
699017699
367603685
1239338982
1229497835
1202330606
699018223
409463790
518783473
494892536
880393210
tourism=viewpoint
200
1229497856
913256961
880393216
842542083
482697732
698831362
1202331140
1202331145
1236745738
1234624521
1160266249
243001357
1106704398
1229497869
913164305
213713937
699017235
512536084
1239257621
1107643923
512536087
26270743
1225469977
245055514
914277403
243047969
480404002
880393252
480404005
1109164068
1207221804
264344620
512516655
1234666543
242637873
689392178
1236401715
1089043512
1236703805
354970176
1229514305
242111555
1243093572
1241460807
213758540
1236745805
1225470030
242642511
245055057
1241460822
410070615
1143811672
439359576
1204081757
913324639
1234666593
1089042533
1106483817
1202330733
1109557871
1106536566
1224442999
698818681
253986945
1237236867
242110087
679754375
494857866
241942670
1202330767
699017364
913324697
226239137
1244209827
776295589
213274278
1300547757
518783661
1236196526
1252378800
242984113
1236696240
354970292
649706179
940341957
243037384
1227805388
242553550
512517334
699016918
262729442
1214767332
485876965
213778665
1226137834
1106483947
1283012845
1234663150
1234666224
305964274
410147570
494858994
699018487
1290776312
1234666233
242639096
242644219
1214767356
410115835
26131713
1236196610
1235346179
699017985
1089043719
1234666256
1225496336
1227805456
224566560
253475106
241675556
1143811877
26122022
1205623079
229722410
26270508
679717681
1343040307
1109164853
1156874554
218631483
242649919
512539982
1205623121
244045138
224576342
242553687
1234667357
1236494689
365412710
229722479
1089043823
1207239538
490893171
231912307
913256309
1234641782
512545145
1205623161
1243853308
913324927
1214767494
262732173
1207257998
242987407
355988368
1229497746
1236494739
213781910
1207258007
913255834
839229339
512517533
211423646
1228194720
1089042342
1284094374
1215966632
227113391
1226136496
699017649
26270640
263372211
673845172
546319797
513898932
301414842
1225451965
1107639229
241942975
241935297
1234641858
1202330565
439351753
26270155
1234624468
1236525525
776338394
1207258079
913255904
26124257
1229497823
1215966690
518783461
1225520614
1207258095
1202349042
1202349044
1207258101
1225469948
1215966718
tourism=guest_house
200
1219272196
485876230
410079239
1236439560
1234603530
1251308555
410079242
1239687181
410163216
1207258129
1236745746
1202330644
1225520662
243047960
512517657
1214765593
26270749
1207258144
410079265
288201250
689391651
913255972
1215966759
1236565548
1207258157
512536110
245058608
1202331186
1156874304
232363586
914277443
1089042498
1225470021
385738826
483544657
262728273
1215966803
698841690
669630558
1236745826
248804965
1143811685
1251308134
483545203
1219271796
674001527
1224443002
1236745851
1214711935
485961344
235241088
1089042565
512536198
1250119303
1239709834
1214767244
365407377
913324692
776295574
667876504
1142066841
698815644
263557277
1195883168
1207251616
1239875747
301414055
253472935
775308458
490809003
494892722
242166452
1343035064
242110140
1285024446
1178983104
253471424
1235091650
263371461
1214767304
242110161
1239875794
243037395
899126484
1089043670
1235275478
1234666200
242110168
1250119386
1237236956
878781667
1207233763
1226136803
1234664175
1234663152
305964272
263370992
494370544
242644214
1237076726
242133240
263372024
518783738
213775099
1244232954
1260191995
699017987
1236196612
1237073165
1234641683
494859029
913256728
878781721
485961500
213721886
1106483491
213721892
1109164850
1234641718
1239338809
512516414
361091390
1089042752
480425795
1239338819
1251276101
699017030
26122053
512515911
213768522
512539979
512545099
1241255759
699018576
1109164369
1089042255
913324880
776213841
361091410
242553685
494858583
243048279
1239875929
305964384
913324897
232375138
1236402021
253420392
212990831
1241255793
1202330481
1143824755
229722485
231912310
1234641786
1239338886
913256839
512516491
242987404
213781901
242992016
1207258001
1219272081
253473171
213716373
518783381
1109164439
512516506
1207258012
275979165
1109164957
1219272105
1234641834
899105201
1239296438
211384249
1109164986
667884478
1089042367
263372224
504793538
673845189
1235815881
242553291
1234641867
512536014
26270161
1106787795
722797528
689391580
1243853277
899109343
305776610
252924899
698805739
232380908
880393198
880393200
1251308530
1225452020
tourism=picnic_site
200
695844356
354970119
1234624521
1215966735
1343692816
26124305
1237060628
880393238
1284088854
1237079576
1107643931
512516635
210606623
490809376
242708513
1244225059
722797604
485876260
512536102
1106704424
242553385
913255978
263371819
699018286
1234666544
776213553
1225470001
1243587635
1226137140
1089043508
913164343
1225470011
367588415
242993218
26124358
1315222599
242642505
410309194
1234666570
512517197
945710670
1236565588
1219159638
1251308123
667869277
275975261
1194015327
1251308136
878781551
241942128
1214767216
1235091572
1224442999
722797694
243891839
1236196479
354970241
242637442
1251308171
1236196492
1250119310
213798033
1107607187
480403615
1237236895
1214767263
242144946
242984115
1240421050
1251308218
354972860
252925120
242110153
615938761
303185103
275952336
1237236951
248805080
1089042647
1236401882
1234666204
1227834590
1239706851
776295653
1234666213
242650344
518783722
1154331882
275952364
254113005
263371502
1234664174
494856435
242110197
232374005
518783735
512536314
512516352
305964298
213775114
1237073165
26122003
1089046803
26122005
697309978
215856924
697309982
485965600
26270497
494911779
1214767396
1205623081
241675564
1234666286
343670065
699018035
229722421
1234664246
354970424
1235389247
494892351
482712896
242649919
242971971
1109164355
697310019
913255750
1225211204
365407052
1241195341
1235389262
699018064
365406546
269592403
1251276116
1251276120
242135386
26270558
262732127
1214767456
502400863
546319716
1239338857
1239706478
490893680
211311473
213733753
1236439421
1219272075
880373646
699017616
305776529
229109136
218621331
699018129
1250335638
1229497753
1229497756
1237056924
269593508
1106483623
1156874153
1202331053
699017646
410079151
494370736
1226137010
1156874169
1089042364
1226136509
1089125315
1202331589
208911303
488558025
226624457
698805711
913255891
1235837395
673845207
241942011
494856665
1237265370
1237265371
1156874203
1236565464
1139460062
264346071
264344546
502400998
288201191
224577514
1207258091
1342433259
1232819693
1234605550
1207258101
1234624501
242649080
263371771
1215928829
tourism=artwork
200
513820161
494857729
215742467
1215928834
1214765573
913255942
262729221
1236703752
1236745737
1236401674
1236745736
913256971
1226138126
254120462
242640914
26124307
1236565524
1239273497
518783516
490809376
1106704416
1202331174
1207258153
689391660
1207258158
1251308083
698805814
1107643961
229406782
208971327
722797632
1244225088
1243012676
242642502
1243477064
1202330697
1241968715
1251308109
213758546
213758550
243048024
213728861
878781537
226632802
913324643
698815588
1215966825
1250119275
365409388
1215966830
698818673
1215966834
776295028
1251308149
354970233
1290763907
1236196483
210608778
1239706763
1250119310
215751312
224572051
667893398
1236439704
263543449
776295073
512516259
1106536616
494892716
218645677
1219272365
244053678
913256621
275952314
252925115
213790913
490890951
303185099
490893515
490893521
485876434
1239720661
1106286808
494857945
1236401882
1237236955
1237076696
1290743513
698827481
213790943
275952352
1236196578
1202330850
490893540
1106483939
1236401894
899126505
945703660
1283012844
242639090
1106340083
1237236984
512517371
1089043713
1239715075
1251357960
1236745996
480445197
913324812
1241184527
1106340115
776295702
1227805463
1343040280
1234641693
1089046816
515107622
513899303
1237073191
1235389222
483544877
1156874546
1234641714
1205623092
512515890
1236401972
512545079
673845045
482712891
494892860
1234666301
1214741823
480425799
699017033
482712906
361090892
1234666316
697310030
490809167
513898832
1234667347
229722460
699018078
232370015
242553696
1202330978
305964391
1236402025
288226154
1226136428
490890607
913256306
1154332025
697297277
512545150
26860417
1236494722
242110342
1331166091
1219272075
1219272077
1239706511
1202331535
1229497750
699017115
490893211
275951519
253420452
1134479268
1202330541
1243859886
218655663
1236525490
1154332084
1225520564
1236494775
232383934
1202330561
1243859908
699018186
1236525516
288201167
244029904
1207549392
26270161
1237049817
878781403
1234605533
224568285
1215928798
776338400
361092064
512536034
689391599
1225520624
288201201
367603698
409463795
1225520629
1236439547
tourism=camp_site
200
241936385
26124290
695844358
913255942
1236565519
699017231
242176530
1236745747
262729236
1106483735
1224442904
275958807
1207710234
699017755
1241460764
264344605
482697756
1089042973
354970139
699016738
1194015266
1106483748
26267173
242553383
483545130
26124333
1236703793
699017779
1238574134
242111550
1215919680
914277441
1234664514
1215966788
698841669
232363590
354970182
26264132
242554443
242111567
485876311
226210904
232385122
490809958
26267245
26124403
1250119285
242636405
1243477111
1109164154
1214767226
1236696192
494892161
224572037
1236565639
1194015369
1178983061
1224443034
263543451
490893466
698815648
1089043105
1244209826
512516259
242110119
262731947
263371954
1236196536
252925115
667893436
1239266492
615938752
1227805376
243037381
242144966
1342429894
1250187982
1235389137
679754450
242543320
502400729
1193997018
485876442
695409882
695409886
485877474
242170597
1225496294
485876969
213790954
357586666
410117868
1285024496
1236196592
1219271923
354970358
243010296
518783737
1236196602
226258683
242543353
26270468
235533061
410115844
1239258375
913324808
512517387
1237076747
1214741773
1106483470
1237076751
26131730
1234839827
275951380
1244205845
305964311
485961497
485965596
242647836
913256735
1241069855
354969895
494911786
1244205868
409464109
697309998
527351086
1089046830
343670065
1251276081
252927278
1214741805
1109164349
1202330946
1236401987
263568196
480425798
1205623110
1236401995
913256781
518783311
211283279
212990801
513898834
1250188112
1214741839
1229497685
1234666322
1234641747
305776472
242135389
913256285
1234667359
253986656
410199906
913255778
253986660
880373609
1239875946
288226170
1156874113
263372167
1207166348
275979163
253420957
1226136478
1109164959
699017118
229118369
1243859877
275979176
699018156
215745972
1239706564
490890693
275977161
512536012
288201165
1232819663
244029903
1037436885
776338389
262729689
1207549405
1234605536
698805732
242967015
1243853289
515108329
1106483691
244026861
410196973
1310125551
1236439534
1251308531
1342433268
490809334
512536567
699018235
1244225021
tourism=museum
200
1207258116
880393222
241942538
1239687181
512517645
242638351
410079247
1260170768
1226137619
213281822
1214765599
699017251
1251308068
211284519
1244225063
776295981
914277426
722797620
1143811648
1224442945
512453186
1229514306
1214724167
699017800
1241968715
776213579
1283040847
232368207
213758545
1343692886
1225632856
367575129
367575128
1236196443
1215966809
1225470042
1215966815
1236696160
1239706721
211327585
722797668
1207221861
26124389
213757543
494857832
263371882
26267249
483545203
1224442996
1224442997
1232769656
253986940
1251308157
1237236872
241936521
1251308169
1239883913
1239883919
1214767248
899126417
1236696210
1236745875
1236565652
1239875730
913324688
1240053911
913324695
1241255577
674001564
1244222625
1214767267
775308454
512516776
485961392
775308476
409462983
878781639
615938761
354970318
878781648
698827475
679754454
1234594519
1089043670
1226137311
242650336
695409888
1202330850
242543335
1343037673
1234663147
494858476
275952368
1202330865
518783733
1226135798
1236401915
244049660
26270462
275952383
1235389184
1343040263
1234616073
235533065
1234666249
1226136842
26121997
1234664210
26131732
1236746009
213775129
512516892
242553629
263371036
226519839
1239258400
485965601
697309986
913324833
1106483492
253475109
490890535
1343040296
513898791
518783273
224575278
513898802
1193996595
253987637
1290776378
357591359
357591363
1241069891
26270534
1104808264
1250188105
513898825
213721936
1205623121
699018067
242199894
512536408
513898840
518783835
1239338844
945710427
1236494683
1236746078
695777120
515107170
695777124
1236494697
212990826
1205623155
913256309
512545150
699017087
213279105
275962242
485876099
242145157
1234641800
275979148
275979149
1228194704
262732179
502400915
667893653
1156874143
931819941
1109502374
913256358
245548970
1229497778
26267577
1215966658
667884484
244029895
485878218
1225451980
1234666448
746747866
450544091
226624476
263370716
26268639
1237265378
224568291
275956194
1207230442
699017198
1156874223
494892528
241936879
1214765551
226450931
1243853300
1207258101
502401011
492098552
tourism=*
200
1227805192
410079241
409463819
215742475
1106483724
1219272205
1244210701
1236565520
899109393
410079249
485876239
699018260
1237060630
1224442906
243047963
26124315
1156874270
242645535
698805794
1236703779
343671331
699017251
213281830
1241460775
210606632
512516645
242553386
1089043498
409464882
776213556
1234666551
1202330680
242637881
1236401723
26270781
1241255486
1234666559
245549638
485961288
26267209
1202330698
1236196427
263557196
208971341
945709648
1241968723
494857300
485876820
213757526
1207221848
1089043547
667869277
354970209
1290763874
26267237
1232769638
1219272295
1214767208
1236696170
343672939
1214767216
722797689
722797691
213748347
1227805312
1243093633
263370882
215751302
679754379
1225632395
1243012750
1250119312
213798033
667893401
1207584923
1202330779
1235091613
1236196510
1239709860
343671472
1251308210
275952314
241937596
1227805372
253471423
1214741695
1227805386
1241255627
1342429898
252925134
699017942
1239739094
1109164250
1237236955
695409883
242543326
242170590
275952351
480403683
490893540
1156874472
409460969
494904556
1235389170
263372024
1214767352
354969852
899126524
213775103
410115844
1239715083
699016973
513820430
1251357967
1237073165
1234641681
1241069841
1237237009
226454804
1234641691
899126559
1089043744
899126562
1224190756
1241172261
1106483492
213750058
224575275
1229498156
673845035
275951403
697309997
1225632560
1193996592
1235389234
410114868
913256251
1109164351
1214767435
1234666320
513898832
275960146
494904658
1229498195
485876054
494858583
26269014
1202331478
242135384
365406555
1235389279
243048288
1142067045
263371629
242963311
263371631
945705839
512515954
1207239540
1207239544
26270074
494892923
263372163
354969987
1109164424
490893196
1225632656
1234641809
1089042320
1202331536
667893653
26131863
839229339
1237056924
480403871
1237056930
899109286
227113391
1202331061
494858173
301416382
1243853260
1109165014
1249888729
1154331609
1107639259
1243546593
1154331619
1225520614
485877222
224568297
1215966698
1251308524
518783481
1202331120
1225520625
1243853305
1089043450
262729213
1160266239