16
building=warehouse
200
241936390
1143811592
1224442889
1236565519
1241255441
1239263762
913164308
1237060629
355738133
1207258133
263371800
365412377
26124310
1225469979
1251308069
410079271
776213545
242961963
502400560
367588405
1243587639
485876791
1243093564
245549629
1236745792
914277441
26267205
776213578
485876811
1225470028
1241255499
1207221834
698841679
1250119249
483545170
245055057
1226136662
914277463
1215944280
878781533
1250119261
213728863
226223713
365405793
913256040
699017838
242636401
485875828
367576693
263371894
1239706750
698815617
512536193
699018371
410196973
494857862
1236196487
1250119303
1236196489
1251308171
483544721
242110100
667893398
512517271
1154331800
1089043607
1237236890
913324709
512516264
263557290
776213679
699018417
215751347
512536244
1237236915
913256631
263371960
1227805374
1251308229
776295109
1342429895
1236196549
490893515
1154331854
1239739089
248805077
242543320
494858973
303185120
512536294
213778666
1236745968
242133233
697309938
1236525564
275952380
494856446
410064129
1089043202
354972929
1235346182
1237237000
1237076745
1234666258
480445205
913256726
25267991
1343040288
224600866
241942820
1239714084
213721892
26270507
1236401963
1237073201
494858548
1226137916
913324861
697310013
1250188097
482712899
697310019
1214767432
242199885
1229497678
518783311
1236746065
211342676
880373589
878781781
1236494679
1234641752
482712929
253986657
1239875938
1202330978
1226137957
305964392
1207562601
1202330984
288226155
880373618
210955636
305776503
1241172350
518783364
213781896
485877132
1234666381
26131855
242987408
1207166367
26270113
776295333
245548971
699017646
913256881
1342437297
1207239605
410079160
1225520568
275956156
263567806
263371710
241674177
1202331077
275956166
913256903
367585734
512536009
488558025
275956172
1225451984
673845204
913255893
1251308505
1089125341
1202330592
1282849250
208959459
1215966691
1106787813
698805734
1225632233
224577514
1251308522
1107639277
899109358
1106787823
1202330608
1310125553
1215966706
1251308526
512540144
1156874222
242169328
502400494
494892540
492098557
913164287
industrial=warehouse
200
513820161
262729217
242649090
226450948
1214765571
512517127
1207258119
1224442890
1194015243
699016714
367603723
26270224
1241255451
1227829279
365412385
880393250
485967398
26267175
913164334
262730286
1239269423
1215966770
26267187
698805812
242644533
699017782
1238574134
452614202
1108139585
1283040834
231896132
242978379
1214724171
698841680
242978386
1215944276
776295512
914277467
1219159643
26131548
494858843
1250119265
913256549
1225106021
1251308133
1236745837
494370413
26124402
1106704499
1214767220
1234664568
1236196475
1234666620
232364157
263371902
1226137727
1241255554
1224443011
243891847
1243093644
945711756
253471886
518783631
1244232848
1259846809
1227805339
253471899
1106536606
1244222628
1239875748
485876393
1236196522
1106483883
1236401833
242110121
485877424
913256114
242110134
485961399
913256124
722797757
242543294
1106483902
1229498049
243037380
1178983110
409462986
1236148428
1235091666
699017426
1106896090
210610909
480404196
689391849
1154331882
211309804
244049651
357586676
1290776309
410116094
26270463
305964290
1202330883
1225496327
697309959
480403721
354970378
213721865
305964300
1234622732
305964303
1214767380
490891032
1250325273
1106340129
25268002
218631970
1207265573
262730021
25268011
1234666284
1236401977
242985278
1290776384
211298814
1207562571
1214741837
263371599
244045137
365406547
1234641748
494856535
1234641755
213265755
288226141
913255774
699017567
1236439396
1225520485
1239875942
232370024
490891121
231912307
1156901237
288226172
494904706
504793477
1214767493
1241255815
512545157
1207239562
1109164429
208954767
275979155
242990484
485877145
667893657
1225632155
1202331548
1207258012
229118373
513898923
26270127
410079153
1215966641
513898930
1207258036
367585714
1239296438
1243853239
262732216
452617148
1243853245
485876161
452617155
232383940
1238570955
1282849230
357590481
1235837397
878781399
1089125337
1244226522
1236401628
699018204
1243853279
26261983
410079205
494856678
1202349030
1236401640
746747881
512536037
515108329
1202349040
492098544
1109164531
689391606
1202349054
502401023
landuse=industrial
200
410163203
1284088842
1236401674
215742475
241942540
1227805198
1236565519
227022862
1207258129
26270735
1239257619
1241464340
914326549
485966358
242176534
245055512
512517139
1251308066
275958819
242134565
913255975
26269737
365411883
264344620
1239269425
1244225075
26124340
1202331196
494893120
262732360
361091146
410309196
698841679
1285013071
242642513
245055058
485876309
1225632856
1236401752
1243477082
1215944281
242172505
1286945881
1286945887
1229514342
410070632
1250119273
1219272298
1215966824
1224442996
1207489141
253986935
1109164157
224572037
1225106056
1239706762
945704077
1251308182
1236439703
1251308189
1237236905
211400874
262731945
939127471
243037359
1236196536
242166462
490890944
1236745922
1194015428
490890948
1154331845
354972872
262728905
1237076693
1106483926
248805079
913256668
1214767328
480404194
1250188003
1226137316
697309930
1237076715
485877486
305964274
878781683
244049652
1225496307
1236745972
244049653
244049659
515107068
275952381
232389885
1250188030
1089043710
1305967874
1251357955
1236745988
242110214
699017993
1239258381
1239338768
1234666263
1239267608
1237237016
263371546
242647841
26122020
1236746020
1214767400
229722408
213775149
699018041
231906106
697310012
242971966
1239338816
1235389250
1236746055
231906122
26122059
365407052
1226135885
212990803
485967189
513898839
1234641755
410199900
242135388
546319716
512536421
494892902
305776484
1182649706
512545134
1143824755
1225520503
1234596218
742646139
1202331514
1251328380
1251328383
485965698
1109164933
699018633
485876105
1207234955
253420938
1234641802
1202331534
1228194704
699017619
1236494740
213781911
1089042334
1237056927
1284291998
26270622
1237056931
275972520
211368362
1243859882
1215966638
227113391
480403888
26270638
1235277234
1207239605
1207258038
1225520565
485876664
1202331577
776295357
1243859903
546319809
263372227
673845190
410079179
410079185
409464786
1215966674
1243859923
26261978
699017181
1234658270
673845213
1154331616
482697696
252924896
1225520614
482697703
1106483693
494857203
409463796
1234624499
1229497847
1342433272
410079226
amenity=loading_dock
200
288201218
410163211
211387918
1215928848
1225469969
1089043478
1207258136
213728795
914277403
480403995
1226138143
264344609
512536098
1227805217
1202330662
26124327
512540202
275958827
1244225071
26267187
1243587636
1243587639
1106704442
1215928891
1204081722
1202331198
699017279
1215928894
410309192
229406792
669630540
385738829
512516687
945709661
1286945889
1239706722
275975269
410070633
213748332
26267245
1234664561
512517234
699017846
242636408
1343025785
1154331780
1234666629
502400646
1251308168
1236196489
26267787
1251308173
1250119310
1239709846
667893401
1244222623
1235091622
1244209831
1236745897
262731947
1237236912
1244222641
213786290
1236196531
1142067380
1244222645
303185078
343676599
1106483897
775308474
674001599
1244222656
913256640
679754434
252925126
409462984
1235091656
1235091659
354969808
1239720661
699017431
263557338
513898718
1089043680
1226136801
1234666210
1236196579
357586660
409464548
263371498
409460972
357586669
211328750
244049651
513898740
485876469
1109164277
697309945
410147578
242639098
1290782477
1243590414
26131729
213775124
1343040279
490809112
1214741787
490891037
485965599
410114847
213775138
242647844
1343040292
224566567
513898792
213721895
697309994
1142066988
945710384
208949050
482712891
913256251
224575294
252924736
776295744
1229497667
213721925
1229498182
1089046853
1229498184
213721929
253471560
269592398
365406544
699017047
513898842
502400863
253986657
232370018
232375141
494859110
494859112
1229497713
1109164403
1241255797
319291767
512545144
343667064
591663480
263372156
275979139
1225520516
232344967
913255816
1109164941
699017106
699017108
1236494744
1234653593
1284291993
1226136990
26270119
1134479273
673845162
1109164464
1229497781
1089042870
1207239608
263370684
439351742
667884481
1290769858
1290769859
1202331588
1234605510
1219272136
1234666442
1226138058
1229497807
26270672
288201169
1134479318
269593558
1109164505
667878880
515108322
485877225
242169321
1225520619
494858218
1235802089
1215966701
288201198
913324529
1107491314
242649073
512517112
264344571
1227805182
502401023
shop=department_store
200
1202349057
1236745733
1154331655
262729227
254120463
722797565
1215966742
1215928860
913255972
365411877
242961960
275958828
1236439599
263370802
1225470006
1154331703
26267190
1239706680
899109434
1215928888
1244209724
1343692864
679787586
229406789
490893382
1236703814
1225632332
208971343
1229514319
1286945873
218616920
1234666595
1234664548
483545194
1251308140
1229497965
241942127
1219159666
1219271799
699018360
1154331769
1236196476
494370429
1214767233
1236696194
945711749
667893382
1225632903
1235091590
1243093641
1156874382
1290763923
1239883924
1250119322
667893402
1107640476
1224443037
1244222625
242114209
1106911908
1239875748
1300547750
494857902
26268335
490893488
699018417
215752882
242144949
241937594
1239266490
242974910
1244222655
354972862
913164479
913324738
1089042640
1226136273
248805079
490893528
698827482
1142066907
1236148442
494858973
1237076702
518783202
1226136803
242170597
490809065
409460971
880373484
1236745966
1234664174
697309936
512517361
689391858
410147570
1227805426
1236745975
410115833
354970362
1214767356
899126525
518783742
1244232956
410115843
1244232964
1234622727
1290743560
354972937
480445195
513898765
1250188049
1226137874
1234641683
480403732
1234666260
26270487
1235389208
263371543
1236401946
513898779
485965596
494858526
215856926
224600866
1251276067
226209060
697291559
241675561
1202331436
512516398
1236746033
1237237041
1343040307
1226137908
1143811892
512545078
1205623095
697310001
1235389241
490891069
1142067005
263371070
213745475
1202330438
301514056
518783305
482712905
263371086
229117263
1234641745
1226136915
1225520475
242110302
490891103
354969956
1238572903
253420395
262730094
1134479214
699017592
263371640
26860417
242110341
1225632648
880373643
1219272077
224544663
253421471
26270624
1215966623
494904738
1236439459
26131876
490891171
1224690084
515107761
1142067127
1239296440
1089042366
673845182
275956158
367585726
275977160
1234658250
1236401614
1239274450
913256915
1225632213
229884374
667878882
1236401645
518783472
512516594
1089042930
213714420
591663605
1106787831
698831357
410079230
shop=variety_store
200
211406339
288201221
699018247
245549577
215742475
518783503
1236525584
1107643919
1260170769
1239257619
365405210
1236703770
288201246
242645536
512536098
1236439586
1207221804
1224442927
245058608
1236565553
1227805233
1106483764
699017268
1234664502
241936439
1106704442
483545147
880393276
26262589
914277438
263371329
698815556
262728264
776213577
698815560
1214724170
242987597
242642511
1207489111
1243093592
26264151
226210911
1243093601
367575138
1286945891
1236401766
1229497959
1236401771
699017324
1219159663
1139459698
410070644
1240053883
354970236
1236696195
1236196483
667893382
226219142
1202330760
591663615
253421708
913164429
1239706765
1195883151
1214711953
699018388
1236401820
1219271837
699017884
699017887
1106483869
776295073
1239709860
512516264
1236745897
512536234
26268335
303185079
1236196544
243006148
1239691462
698785996
776295629
243037390
1226136787
248805075
485876437
1106896086
512536278
355733718
242968791
242543318
210610907
1227834589
1225496287
1237236961
241939682
1235346150
1154331884
1283012845
1236196591
512536304
243010292
244049653
518783734
513899254
409460981
1235389178
226258683
275952378
1226136318
1154331903
354969857
899126540
1214691597
518783253
263371543
213775129
518783772
1234666271
1227805472
1089043746
1106483494
26270504
365407017
1202331434
26270508
1234664241
224575283
365407027
263372086
1205623095
242985274
213721916
1229497672
512539979
242199883
269592397
776295255
1228194650
1109164386
1229497700
365412708
697297256
1207239533
1236746095
1202330479
1236439412
1234641783
1234641786
229879165
1214693758
288226174
1207166341
1207166347
1236494733
224544661
699017625
1264340890
275979163
1207234977
275972513
1251308456
269593514
1215966636
1089042865
1214717363
243677113
899109314
1154332098
1239706564
26270149
1106483654
242970054
1251308491
275956174
288201167
263371727
26270676
1239274453
1225520598
1243546583
1243546584
494856665
263371738
1225452000
746747873
482697700
494857191
1139459561
26124265
746747889
512517105
1310125555
699016690
1227805173
1106483700
1104772600
26124284
512517119
shop=supermarket
200
242649090
1215928836
288201224
26124304
1251308561
1244225042
1156874260
1089125399
410163225
243047965
1236703774
242708511
1226138143
264344609
26270749
1237079585
365405220
26269733
26124327
365411879
275958828
1343692848
913324592
262730289
1207258163
1215919670
1156874295
1215966776
1204081722
494857792
1214724161
245549635
213757510
385738822
262728264
26262602
1239706704
914277461
490893398
275975257
518783583
1194015327
26264161
213728866
776295010
365405793
878781542
1236696174
1243477103
488558191
494892654
367576693
343677046
674001527
367576698
490893437
1251308158
1290763903
1236196480
26124417
1237236865
1236696195
1224443014
1235389062
1285024390
494892682
1239709834
494857869
1224443022
699018384
213798035
1214711956
215751317
242553496
667893402
913256603
1236401819
1106536606
1156874400
1214767269
674001582
26268335
1089043635
667893430
253477558
1236196536
226540218
1226137789
1106896061
1343035077
1342429896
355733708
679754444
1236745936
242641617
1236401873
1227805395
1239706839
518783705
913256157
263370974
1178983133
1106340067
1239720677
1227805413
213790952
242110184
515018475
1234663152
252927217
1305967865
1234664188
512536322
512516871
1239875851
25267979
26270477
1235346190
878781708
1241069841
1241184533
354972960
242110241
213775140
513898792
494856492
224566573
1244205872
1205623096
1226137913
699018043
365407039
232348481
1234666308
699018054
231906120
1241255753
269592395
1234666316
1089046862
262732112
224576337
1239338834
1241195355
1239338844
518783325
1228194660
546319725
1283045235
1156901237
1109164919
1219272056
485965695
213781894
253420939
1202331536
1107639185
1236439446
275951510
1310773156
1251308457
513898930
1236525491
243677110
1109164983
1106483639
689392057
301414841
899105206
263567804
1229497788
687323070
1234666434
244031430
452617169
1226138065
1215966674
1234624465
357590483
488558035
699016665
410079196
1243596765
367603677
699017696
1109502433
1235802084
1234624485
1202330599
482697706
512536043
1215928816
1202349046
1243853304
1224442873
913256954
485971963
226450940
512516093
913164287
shop=doityourself
200
215738880
1089125377
913256448
245549574
242976776
410079243
1089042955
699016717
695844365
1236565522
1260170773
591663638
1225469975
1225520661
512536089
213728791
1227805213
1241460766
26270750
243047969
698805798
1089125414
1227829290
1251308079
1243477039
1089125423
409464882
914277427
913164343
262732344
1238574135
1225470014
26270782
1207604802
229406787
1106536519
231896135
1243012683
913164372
1229514326
1225632856
1239272541
367588447
699018337
1236696161
365405795
248804964
1239272547
1251308136
439359593
1106892907
26124396
488558187
232346738
232346739
1234664564
699018358
1194015356
1226137727
26124425
679754378
1236565642
213748364
242174098
410115736
1239883930
1226137754
1194015390
1143811749
275952297
913164464
1237236914
1239266491
1106483900
213790912
518783681
1202330820
275952325
343670471
252925129
615938762
275952331
1343035082
303185104
1236196563
878781652
1214767317
1250119390
301415135
1285024481
1239720675
878781667
1234594533
699017447
357586666
409460970
263557354
1202330862
242133234
263371506
226452724
242133235
1106340086
699018487
1234664190
26131711
354970371
1241210120
1214741773
1290743566
913324813
480445207
1290776343
25267993
354972959
1250188065
242647842
1236746018
899126561
513898793
673845035
1156874539
252927277
213721902
483544884
513898806
1234664246
1143824700
361089853
703116605
1229498182
226250056
1259824457
1229497678
667886927
1243363151
1234641746
241936722
365406548
262732118
1234667350
485967191
1202330455
410199904
288226145
1229115232
1202331488
697297253
697297255
490891112
1239875945
1236746090
262730094
231912304
1234641779
1225520503
591663480
1214693753
1229497723
262730109
1207166334
263372159
1225520515
1219272077
1241255824
490891163
232364962
1109164458
227113390
1239706547
354970037
1202331574
1236439479
667884472
913256887
1237265339
269593531
512516030
1219272129
1226137027
241936841
913255882
1239338956
241674189
409464784
1234641875
485877205
1243853271
410079197
1243853277
945703392
1226136037
913256935
494370793
699018218
1207258091
264344566
1106536442
26124283
699017727
shop=convenience
200
215738882
695844356
1239706631
242640912
1239273491
485966358
1241460761
1215966746
699017755
26262044
1236401694
480404000
722797606
1241460775
275958823
242637865
275958825
1106483753
1215928875
1244225069
494892078
26124334
367588400
1214724145
1239269426
494858286
1243477039
242644537
229133370
1234664513
1108139588
697851978
410197579
1194015307
1243012685
699018326
1215944282
1236196443
1242340959
1196724321
1250119266
1236745828
365405797
695845481
263371882
226223728
26267251
213748347
263371902
1225632896
1250312321
699017859
1236401795
1236439688
1225106060
494370447
1244232848
26124432
1227834513
722797715
480403603
1239264918
699018391
224572057
1224443034
1227834523
674001562
679754397
699016864
218645665
494370468
913256616
215734963
213786292
667893431
1089043640
1106896058
1214667969
213786308
1225632454
1241255627
1214767309
26268375
410117850
263370974
242543327
1250188001
242543330
263557346
26268394
409460976
357586673
1235389172
1244205820
213775100
699017471
25267969
697309954
1251357959
1234666247
699017996
263371535
1343040273
1202330899
354969875
25267990
502400790
213721881
1236746010
1243590429
305964318
301415199
1106483486
697309985
1214767394
1234839842
218631974
263568168
699018028
243777839
354969909
1251276086
1290776374
242649912
1244205882
699018555
494370619
354970429
213768515
263568195
1089043781
1236401992
242199885
512517457
1234666322
482712915
242553684
485967189
1202330455
485967191
1236746075
242135389
26270558
1235389279
1205623133
1234666333
305964387
365412709
512545137
305776497
1205623153
1241255793
1202331511
1243853307
518783361
354969987
253420936
699018634
699017100
213781901
26270101
1237056924
275972512
490893729
494856613
244031912
1142067116
1236439472
1225632689
1251308464
512517557
1290769845
1239296437
241942971
241942976
1250188736
1239717312
1282849216
591663553
410079184
452617169
1234641875
1237265366
229884375
1215966683
945703390
1236401632
1107639269
494856678
1239338983
1225520615
410079212
482697709
494856690
1227805171
1227805178
689391099
1224442876
1229497854
1226138111
shop=clothes
200
1207258116
26124294
1143811592
878781449
1215928840
226220047
211398673
1207258129
512536083
512517139
1226136599
1215928857
1236703771
518783520
512536097
1229497890
1236703777
26269733
241936437
367588406
1239706679
253986359
1242340921
1236565557
229406783
1236401728
26267202
213728840
914277450
914277453
512536143
1207221841
253421139
275975254
1236401752
518783577
494370392
1109502555
699017822
945709664
1241255520
1239706721
699018343
243891816
878781547
26267761
1239272569
1194015354
945711738
699018363
410070652
1207221881
1236196480
494857856
1237236869
1194015368
1215966859
242174091
253471887
1244232848
699018388
1227834523
512536220
699016864
1239883937
1224443041
518783655
1219159720
679754407
1236565674
275952303
1285024432
512516273
1240421043
1109164727
494892728
699017406
699018431
913256640
1214741695
354972866
699017408
303185092
1342429895
1106896071
26270716
1106483917
1225632464
878781652
1225632980
242641620
1207233748
248805078
1106340057
1250119389
1225496285
1225496289
1250188001
1207584999
1285024493
485877486
1234664174
319277299
242543351
512536312
518783737
354970365
699017471
913256706
242110215
1237073162
319285529
242647836
253475109
224575270
485877031
275951400
263568168
243777836
1343040304
913255728
673845042
275951408
502400821
1226137913
512545081
213721915
213750073
527351102
913255744
1239308610
1236746053
945710405
490890572
878781774
1205623119
494856528
1089046863
361091410
354969939
689391448
1202331482
1241195355
1234666335
1205623136
253986655
513898853
212990821
482712935
1225520485
1089043825
1236746098
288226162
482712949
1225520502
26270071
1156901237
288226172
913255806
699018110
512517505
242110342
1251308540
275979151
26270607
1228194706
226528668
1237056930
913256358
513898922
232364972
1107639216
1202330553
504793531
262732220
913256894
1343166910
452617150
1089125315
1236494789
1109164493
1239274448
1089042896
1282849232
229884369
913255895
1234840024
26270173
354970078
913256928
494904805
1202349032
288201198
264344558
1343692786
410079218
1154331638
494893048
241942010
211298812
shop=hardware
200
494892546
1236703748
215738886
1284088839
1227805193
242638351
241942544
913256977
263371800
1202331167
26124321
1251308066
1226137128
1214765611
1215966765
1229497906
343674931
1215928885
914277430
1207258165
242644536
1215928886
1236525631
1207258176
263371329
229406787
698841669
1225105991
914277448
1234664525
945709646
1234664527
385738833
213758546
1251308114
699016794
242172507
275975260
878781533
242172514
211327588
248804965
1143811686
343670375
698815592
1236196458
235533931
1227805290
494857839
1251308145
1143811700
1165383804
242648190
1234666623
224572035
1227805316
1243477125
945702534
1236745860
241942665
26267787
241942669
1215966861
1107607184
242110099
483544729
262728348
262728349
1142067358
1235091615
1241255584
1285024419
1106536612
1106911908
485961390
1225632432
26264241
242144947
1240421044
1237236915
275952311
1235389112
1106896056
667893435
1109164220
494857404
502400700
1250119360
1239266497
305963713
1224190150
242144966
1315235020
1106483921
1237076691
248805075
1239739095
1235389148
1227805406
1089042657
722797796
354970341
357586666
275952365
1235346160
518783729
480404214
244049655
697309944
242110201
913256698
409460989
275952382
232389887
899126525
26270470
25267975
1234622731
26121997
1343040270
697309966
305964304
1237076752
1343040274
1234641683
1234666260
1154331925
1239267606
1343040278
242647837
1343040291
1143811877
226209063
494911790
1106340143
242649907
513898807
512545080
243005753
480425788
226233152
26270528
913256259
1205623109
1259824457
699018574
1109164878
365407056
26122062
1241195350
699017047
262732121
1234641754
485877086
512536415
305964387
490890599
697297257
1234641769
1207562604
1236746094
695777135
696458614
699018104
262732154
1214767486
26270089
1089042320
880373657
213716381
878781347
945727911
1215966632
1234641838
1234641848
591663547
275977154
305776578
232383940
1243859908
241935302
512536006
275956167
26261961
244029898
1109502415
1234604497
1207258077
1232819678
945703392
1236525536
1237265378
913256932
482697706
776295915
1226136045
699017712
1089042929
1227805174
1236525562
shop=furniture
200
698831361
1214765570
242976775
410079241
226220043
591663628
355738127
288201232
1215928849
1239273487
1241255441
695844372
512536084
275958809
722797597
1236439582
275958816
494370337
1243012642
1243865120
512536097
913324582
242637862
263371817
502401065
26270768
480404018
1243587635
1226136119
26270778
1239706683
1154331710
518783552
1236745792
913164354
213757507
410309188
679787589
26267206
1229497936
1236745810
253421138
1236196436
242553429
1285013078
1225632343
275975260
722797662
699018339
1219159652
213757544
1236745832
263371894
1089042555
1234664576
1106483841
1235091587
354970243
699017863
242110087
1224443018
235241099
945704077
1224443022
267049618
1156874389
1089043607
1239883927
242553496
1236196507
1219271837
1225632936
410115753
208960680
494892716
1241255597
1236696239
1300547760
410115762
485876402
674001601
1239875779
1235389123
699017925
1343035077
1202330825
1315235020
1236745932
699017428
242968791
1237076696
1207233752
242650330
1234666213
262732008
699017461
697309944
1250188028
365413628
1251357952
699017988
1234664200
224566536
913324810
1244205835
1236401932
213775118
1106340112
1343040272
485961489
1156874514
354972946
361090836
354972951
1234666267
1236746017
1234839843
1239258404
527351077
227107622
275951395
1106483494
263568169
263568172
241675566
25268014
1236401968
26270513
1214767407
945710384
1225632560
213750063
231906106
226231611
361091388
305964351
252924737
512515914
1239338827
512516428
26122066
1250188115
224576341
699018581
1229498199
1236402021
1089042791
211338605
512545135
229722481
1236494708
697297277
945710472
253420939
1236494733
211420561
1284092305
1234666389
26270616
839229337
275979165
263372190
235529630
1207166367
1207234978
1207258018
232364964
1202330534
242978730
253420971
1234666416
1236525490
269593524
1089042364
275977149
410117054
1089042366
1236439488
26270657
343666622
1202331587
208913341
1251308489
1234604491
275956171
1234666449
563094999
1234641880
518783447
229884380
1139460062
482697696
232367074
667878882
264344551
288201192
1109164531
1202349044
699017720
244053503
shop=electronics
200
698809858
1219272196
410079237
878781444
1284088839
1207258119
485876233
262729221
242640908
213714425
288201228
482697743
227022863
1236525585
410311697
263371795
689392148
699018261
1237079575
1227805209
263371802
1236703769
914327580
1227829277
242645537
512536100
1232769573
1207258150
262732329
494370347
1089125432
26267192
1204081722
263371324
410309184
494856769
1214724167
1207258185
1215919691
1109557849
899109466
1236696158
669630558
1106483812
410070633
1089043050
490893419
1109164655
1236696178
699017843
1236565622
1089043073
1237236867
722797705
213748362
213748361
288201866
1236696203
699018382
26124431
1244232848
1178983057
211427482
494857884
913256607
485961375
26268323
698815651
1239875748
263370925
1236196526
913256622
1236439728
1240421044
667893435
502400700
1244222653
1250119358
1107607232
1195883204
494857925
512516296
252925131
1237076690
275952339
243037395
1237076691
355733718
275952342
1236196570
689391834
218650340
1236196584
494892778
512536300
697309936
518783729
242639097
232389883
243006718
1236745983
245055745
480404226
410115844
26121993
263371529
1239258379
1251357961
232389902
1237237006
1236745999
1241184528
25267983
1214741783
494911772
1234616093
1089043230
1235389214
1234666269
699018015
224600866
494911779
242553123
480445219
1235346213
1202331436
699017520
1234641716
263371061
1156874551
263371063
263568186
913256764
208949055
211283266
485877059
213745474
913324873
26270538
262729034
218631500
1290776398
26122063
242199892
1236494677
482712922
494892891
880373597
913255774
695777120
1202330467
269592420
494856549
913324903
212990824
365407594
880373613
1225520504
1109164921
262732154
208954758
243857805
262732175
211401621
1234666394
1236494746
253421472
512516512
211418024
245549485
1207258031
26270644
367585718
1239263159
1154331575
243677113
1207239608
1107639228
367585728
1225451971
1290769861
244031429
1243853258
512517067
1236401614
1229497807
699016665
410079196
1089042909
452617181
1089042916
1243853284
305776612
1156874216
208672747
512536045
410079214
226450931
1215966713
1089042429
shop=mobile_phone
200
1134479361
494892546
482697731
1234666499
482697733
254120462
355738127
1224683537
1225632786
880393244
1107643939
1234666535
1227805224
242961961
914277419
1226137644
485876785
1229497905
1241255477
699018293
776213557
1229497909
1244209727
367588416
231896130
1207221827
698815556
512536133
241668165
1108139591
880393286
1207258183
213757520
1236439632
914277460
913256536
1236439642
367575131
1241968731
1229514334
913256545
232385122
365405794
1215966817
1290763878
913256551
213748336
1139459698
1236696178
1143811702
1239706744
667871868
226216061
722797696
1241255554
1310097030
1202330760
241942676
1194015393
1236696228
1219271851
262731948
1089042605
215752878
1282996396
1202330795
775308467
1236401846
480403638
775308471
913256634
357586619
263371452
275952316
1236401854
253477567
1237236931
1285024452
213790918
1106483910
1236401870
1237076690
1226136787
210610907
512536286
913256672
1239720672
242110177
409460962
494892775
262732012
252927217
252927218
1241210101
26131704
410064124
697309950
1237138176
512517377
1227805447
490809104
305964307
242553620
1229498132
1139459865
1237237017
1234666265
354972957
218648866
1241069859
527351083
1234641707
742427437
1154331952
513898808
213750075
913256764
242649917
1154331967
1202330440
211283275
506720588
263372109
482712910
480425807
1236402002
365406554
229722460
1236402014
212990818
1234641764
913324901
490891116
1283045230
1239706479
211402096
546319731
1214153075
1234641784
515107193
262732157
1234666366
1202330496
512536448
1228194694
213781899
354969997
1284291982
1156874127
26270098
242987411
1234641811
1215966615
1109164954
226528668
1236494756
1226138021
899105188
1236494757
776295846
275972519
1234641837
1331166137
227038142
1215966657
26261954
1243350470
232345033
913256394
244029899
485876683
211403211
269593551
357590489
229884378
913256922
357590490
1215928797
699018207
1239706592
699016677
1106483685
288201191
305776616
1139459561
305776623
482697710
1215928814
1215966703
26124273
253421042
1235329007
512453615
1227805173
513820150
1227805175
263370739
410079221
215738875
26270717
shop=shoes
200
215738881
1202349057
26270729
262729226
1239273488
878781457
410118161
410311697
880393234
410118162
1237060630
1241255446
1237079577
512536094
242645537
26124322
698805794
1241460772
365411877
1236703782
1106483750
699018283
1156874288
1089042482
480404020
518783546
1241460794
698815552
1214724164
1219159624
945710666
242642508
1242340942
1236703826
1234664532
367588436
1089043541
1234666588
699017822
913324639
913164383
343670370
1156874341
1215966823
1089042541
365405805
1236696174
1236696175
26124403
410070647
253986937
1106704508
1239706749
1250119297
1285024387
1250119301
288201865
1202330762
1214767244
1244222619
485961374
410115743
242110114
1107607204
262731946
1300547757
1250119342
218645679
354970287
1252378802
775308467
226540215
667893432
1235389113
913324730
699016891
483544765
218645693
699018434
1236196546
1194015428
1156874437
354972866
275952325
1106704588
1235091661
343676622
242543310
275952337
512536274
1236196564
1225496284
1109164764
1178983140
218650340
213814505
213778671
242110193
512536306
1283012849
512536308
1237076726
410115833
409460990
490891007
1237138181
354972935
1236401928
275951371
1244205836
213721870
1237076751
275951380
699018007
26122010
1343040282
1234641692
1239338778
242110240
242110241
699016997
1237073190
513898792
945710382
1235389237
480425786
354969915
1089046843
1109164346
697310012
231906114
679717698
301514053
26122054
1234641738
513898830
242554190
242199893
502400854
244045147
1331166045
1106483553
1236746083
1239706469
1234641766
1228194666
776295276
1154332012
1239706478
913324911
1207562604
513898866
1156901236
1156901240
213279099
208954758
235529608
213781900
212974988
1236494738
1202330520
913256861
215856030
485877151
504793503
1284094373
512536489
490809260
591663533
452617138
485876148
1234666420
275977143
241674172
1224690114
1251308483
512536003
410117062
410145224
241674187
242112977
494858199
776295383
1237049819
245549532
26124259
26124260
1089042916
367588325
1236525543
1251308516
288201189
26261991
305776612
226450926
252924914
367588342
26124278
242649084
1106536446
shop=alcohol
200
211298817
1225520641
698809857
26124290
1236525573
842542083
215738881
215738888
485876741
26270731
1244225038
1207258127
722797584
1229515281
512517646
231903253
1239257621
591663643
242553381
1089125421
1109164079
1202331184
494857266
241936437
1207258165
1207258175
367588416
1194015297
1243012674
1106536515
776296004
385738821
699018306
245549632
1229497921
914277452
263557197
776296018
1207489107
1236196442
1236196444
1234666588
365405792
488558181
410070632
365405805
494858863
1349242481
490893427
1229497975
244031615
1243012737
243891845
213268614
1214711948
1239883917
242110095
1236401814
1106483864
1089043608
1250119323
1106483867
679754397
213274270
1236696224
215751331
1239883940
1244209832
512536234
410115754
1251308206
1244222640
485876914
275952308
512516284
242543292
211316924
218649796
913256646
213790918
878781639
699016906
1236148428
512536271
698827473
245549778
213790931
1236196563
502400725
361091295
480404198
697309927
1343037671
263370987
262732011
1290743534
697309936
242639089
699017972
1290776309
1214732535
485876984
1237076733
1229498114
1251357956
242110214
252927240
1214691594
1236196620
319277329
213721877
490893591
913256222
494858526
513898784
1239714082
224566564
673845038
275951407
1239338799
483544881
1241069874
242649908
699018041
1089046841
913256766
1235389247
512545088
913256259
242971971
945710405
1234666311
494856525
229722448
1234666323
482712916
361091412
490893658
305776479
485876068
26270568
490893680
699017073
288226165
1214767479
305964408
1214693753
494892923
1207166332
697297277
546319740
1109502332
1226135936
1109164933
1225632134
213781895
1234641797
1284291978
212974988
227036045
242990479
242992019
354970003
667893656
1202331545
343671202
26270628
494904744
1089043369
1226136496
275977141
494858166
878781374
699018177
1226138050
1237265347
439351748
1243859909
1283019720
1238570952
275956175
450544084
224568276
699018197
1236439511
1234641881
1154331609
354970075
673845212
1243853278
1234624483
482697700
1106787814
482697707
591663595
245054958
1089125360
913164275
264344567
410163707