8
amenity=school
200
1236745732
1226137606
262729222
494904839
722797577
1234666505
1207221767
26124294
1243865101
1241255431
1106704398
410118161
410163218
699017234
914277396
1154331670
485877270
1236703769
914277402
211387931
210606624
1207261217
1229497891
1226138150
288201255
242553385
26270761
699018286
494857775
1202331186
698805811
1106704437
367588405
512516661
1215919674
1234664510
1239706687
699017283
262732360
722797642
699018315
1207221846
1156874328
1234664542
1207221859
669630564
1229514340
232368229
226223717
1239706728
365409894
365405805
1243093615
410070642
1290763895
1310097015
1343025785
1236745851
1225632891
1194015359
1215966849
232364166
1310097030
241936520
1235091593
518783633
913324693
913256088
1226136220
1194015390
215751330
494856868
1244209828
699016871
226239143
354972841
1229498026
1227805355
775308459
242168493
939127473
494892722
1227805361
1235091636
226540215
1202331127
355733700
354970309
913324742
674001606
354970313
699016906
1300547786
1235389134
1343035088
1235389136
1234594519
303185115
679754461
502400745
357586670
1235346160
1237236978
1236745971
410117876
1226135798
1219271927
1219271929
878781689
211384578
1234666247
1251357960
1235389194
1237138186
913256717
913256209
1250188050
275976480
697309985
305964323
1225632550
224575271
25268012
1214767405
913256754
699017527
689392439
1235389242
242985274
263568192
494904640
410118466
354969927
1234641737
1214767436
494370638
913256785
26122067
512536406
512536408
1202330457
1226137946
213265755
490891099
506720605
1234666333
1202330467
1244210023
490890599
1234641770
1202330475
1228194666
913255793
1243853306
1283045235
242963832
697297279
699018112
913255809
1202331523
242987399
512516491
1202331537
26270610
26270614
1089042839
1226136473
224544665
1284291998
227113389
699017646
1214717361
913255861
241942968
301414842
1109164988
269593533
439351742
410079176
1234604491
1232819659
488558032
673845201
722797524
1249888726
232367065
673845211
1215966685
1234624481
1237049827
1235802084
699018214
1089125350
452617193
485876720
1215966704
262729206
1243853303
494856698
492098559
building=school
200
1225452036
878781444
1207258119
1234624520
494858764
1239687181
213728782
1343692814
699017231
410118161
512516114
211308050
913255964
365411871
1215928865
213728806
263371814
913255975
275958825
1239269423
26267187
1089043512
367588413
1224442944
26124353
385738819
213757511
1290763848
1251308105
1236745801
385738826
242642503
1234664522
1252333133
231896135
262728263
1234664536
1225632864
722797670
365409897
1226137705
1226136683
776338542
1236401780
226219126
1194015353
253986938
1237236859
1225106044
1239272573
1219159683
1310097032
213748362
1194015371
1236745869
1202330767
242174100
1089043607
242649240
1239883930
1239264926
483544734
494370468
213798053
1234594469
913256110
26262702
242984112
1219271857
1235091634
494857393
242166457
699017916
242553534
1106483905
354970306
242543299
1237236938
355733707
218645713
242543318
357586647
1202330842
354969818
224601819
1241255643
303185116
263371490
615938790
494858984
1235346152
263557354
512516842
494857965
494892783
213790959
1244205812
1241255669
1229498100
699016948
1227805430
494857977
1290776312
485876480
354972929
480404228
1343040262
1343040263
1225632520
1234641673
1225496330
224566543
275951375
26131730
26270483
1236746005
26267413
1290776343
518783255
1244205849
1234839835
25267995
1241069855
1237073184
518783265
480445222
1234666281
1089042731
26270509
263568174
1236401968
940346675
913256759
689392439
1235389241
913256250
480403771
213768512
410118465
878781769
211342666
482712910
232348498
512539991
269592407
1228194649
232370010
1236746075
945710427
1225520479
1234641761
1225520482
1239338857
490893677
1239706478
1236494703
518783859
699018110
1228172158
1234666369
275962242
512545159
545384334
227036048
839229333
275951512
263370656
1106483623
26270120
1109164460
839229357
229881774
899126702
494904753
275956146
673845169
1236439482
243677115
1239706556
242966463
1234624447
269593540
26270149
226624453
410079175
1238570952
1234666436
1207549388
1236525520
275956183
226624474
263371744
1239706598
746747888
699017203
410079222
1310125558
1236525560
215738876
698831357
amenity=driving_school
200
1251308544
494857729
512516610
512517632
512516615
1241255431
262729227
699017741
1234603535
1227805200
1225469970
913164311
1160266270
213281828
1236439591
914277415
213728809
1244225067
1214724146
1229497910
512516666
229406779
1234664509
776338493
1251308098
1283040837
1343692872
1243012687
483546192
1215944274
1236745813
1215944278
242978389
1227805273
1236565594
1207221850
1106536540
1286945881
367575134
485876319
275958783
226223711
1229514334
248804965
945709669
1241968742
1236745832
1251308136
1236196458
1226136683
245056616
494856813
1229514348
1349242479
365405809
878781556
1215966845
699017865
1236565645
263371920
1239272594
667893396
697852054
913256086
1106483866
1239709860
722797735
1227805352
679754407
1236196522
480404141
213786286
1251308209
303185075
1194015415
1239266490
1235389114
241937596
1310741692
1300547773
1159166656
775308482
1239875779
494858947
1225632454
1156874442
513898700
1089043663
1234666203
211435739
1089043675
1156874466
1229498088
515018475
1235346159
1234664177
1234664188
1236196605
697309949
1236745983
697309952
1260191997
224566536
485963529
1237138186
699018000
1343040274
1244205845
1234664213
494370583
913324825
515107610
490891037
1234641696
1236401955
494857508
494911781
697309990
913256230
26270502
913256233
410114861
226209075
1290776371
253987637
26270517
241936183
213721909
494892860
213768509
1290776381
226231615
480425792
26270530
1235389251
211298814
263568201
1235389260
263372109
490891085
262730579
1236402005
361091415
913256285
242110302
1236746079
212990819
224576356
229722469
218632550
1236746088
269592429
1236746094
591663480
262732158
667872638
913255809
1234666370
263372163
1089043855
1241798035
1228194710
1226136473
494904731
215856030
367585698
367585700
513898919
485876141
1215966638
1234641840
839229360
1282849202
1109164976
1290769845
1239706554
1282849219
241935299
1243350470
913256394
1109164493
409464783
242112977
494904786
1235837397
1109164505
1243859931
945703391
229129695
1226136545
482697697
1207258085
1282849254
1225520614
1089125366
913255927
1234624504
227037689
880393214
1214765567
school=*
200
262729217
913256961
913255940
231903237
263371274
1215966731
699016717
698805774
1260170769
1207710230
1225520662
367588376
1207258136
1284088856
913324578
242637862
1089125414
480404016
1214724146
1239269427
263370806
722797625
1214724154
1106704442
494858301
232363585
494857285
1194015305
26262602
1251308107
1286945869
483546192
1234664528
1232769618
242553429
1204081755
244055132
1236196446
226223710
365405801
698818670
1241255537
1106536566
1178983033
1106483835
1225106043
1251308161
878781573
699017862
1225632903
242110086
945702537
1178983051
1236696209
1239883922
776213651
1282996369
699016855
1224443037
699016864
1239883937
1236696227
1237254313
242110122
722797741
485876398
490890926
242144941
215752884
1343035062
213786295
263557302
1109164727
1239875772
913256639
1202330818
1236148419
485876430
698827475
275952341
1235389142
1106340057
1202330842
211435739
1236401882
409460961
303185128
242543337
480403689
215730923
1236196587
232374005
354969847
1234666233
697309949
1214732545
1236196612
1227805447
215729928
1236401928
1241069837
1237073176
26267416
878781724
1214767390
899126559
1343040286
301415200
211440419
1234641700
361091875
494858023
1156874538
224566573
224575283
1089046840
1236401981
506720574
1251276093
232348480
232348485
1214767432
263568201
26270538
480425803
1229497672
1214741839
1250188112
482712913
244045138
235534681
1290776410
1154331996
1226137437
1236746083
224576356
482712933
288226149
689391972
305964392
252927338
1202330475
1154332012
696458605
263371633
1229497717
513898869
699017595
227107708
913324927
305776512
699018633
355988368
1089042320
211401621
242992022
1236439446
1207258013
878781341
262732191
253421474
235529634
1089042852
518783396
513898921
839229362
1251308470
269593526
269593528
1239717308
1089042366
227038142
1107639233
410117059
687323075
1226137027
485876171
1089042895
1202331090
1239274456
224568281
262729690
1234641883
226624479
673845216
1251308516
913256933
1234666469
264344551
699016679
1089125351
512516068
1156874221
226450931
482697716
26270709
1154331639
699017720
1342433274
1207258109
amenity=music_school
200
211298817
1109502466
211406339
1106483718
231903241
1284088842
26270730
1243865101
485876239
1227834384
1225469968
914277394
242176530
1202331156
1225469972
1207258143
245056544
1229497890
1234666531
494893093
213281830
1234666534
1202331174
26124326
1243587632
1251308085
1239706685
242642496
699018306
26262596
1227805252
1109502533
241668165
1283040840
262728264
776213577
1243477067
241937998
1227805268
913164372
1194015318
1207489118
698815584
275975265
1239706722
945709670
913256551
410070632
546357351
1290763878
1236401771
242999918
494858863
1250119281
26267250
365405815
1250119289
515108480
1235091586
1089043079
1219271817
1243012746
242110090
512516237
1089043601
1224443027
515107476
1227805333
1089042579
1236439703
1207251618
26262697
244053678
699017903
1109164211
1106896056
1240421050
1236196541
1236401854
305963711
361091265
275952323
878781636
1195883207
1214767306
409462986
1343035084
242641610
1227805390
494857423
450543314
699016914
354969812
679754450
699017942
485876953
1237076701
695409886
354969827
275952360
512453355
242639084
880373486
1234594546
699016948
1214732537
1244232956
1089043710
26267391
1156874501
1214767366
1244205836
1290776335
26122001
1089046803
1241184534
913256730
1214741788
1236401949
1089043230
1251276067
913256228
1236746020
1343040295
1234839852
26270509
1089046830
1244205872
512545072
483544884
262732091
343667008
213750081
361091392
1290776384
480425796
1235389259
242199885
224576336
1234667347
242553684
913256789
1235389271
305964376
243048281
1229497692
1225520477
242110302
253986653
1234666336
253986660
699018085
913256806
776295788
242963310
1089043823
1202331504
1239338867
1236439412
26270071
1225520503
1331166076
1284092293
1207234952
913255816
275979155
1089042328
1284094363
1225520542
1089043359
512536479
275951521
913255844
275979177
305776562
1342437299
1207258040
232364986
275977149
26270150
452617167
1089042896
1226138065
1234641876
1251308500
244026841
357590490
410079195
224568285
1243546591
354970079
1234624485
502400998
252924903
512516072
699018214
232380906
1236401643
1229497844
409463806
amenity=language_school
200
215738881
1236525572
513899525
1194015239
1202331145
512517131
262729228
410163213
26124301
512536075
1202331149
689392153
699016730
1236703770
913255964
1234666531
1229497895
1236439591
229119019
288201260
1202330674
722797619
1239706687
1194015295
1243012680
1243093590
698815577
1089042522
354970203
275975261
722797664
1286945891
913256551
488558183
1236401770
365405803
1234664564
1234666612
354970233
365405826
1236745860
243891846
241936520
26124426
667893393
490893459
698815638
365409948
242168479
1244222624
263370913
1089043107
699017896
1237236923
512516284
1202330813
218645697
242974917
1214767303
699016906
698785996
409464017
1236439762
913324755
1236401876
1178983128
355733721
699016921
1244225020
1226137825
1089043170
494370532
494857447
1283012840
1239875817
242170606
215730929
1244205810
1236196595
1219271923
1236745976
242638073
697309946
1251357952
242639107
913256709
913256710
1234839815
1234613513
1343040265
1251357963
1236746000
1234839827
1202330899
354970390
275951382
485961502
485965601
1241255715
1214767402
243777835
241942830
451954479
263372078
1236401970
494343988
275951413
512545078
689392447
263568193
1202331457
1202331459
301514052
26122049
245056837
512515914
26270542
226233168
913256274
262732118
365406550
243777880
224576344
232381783
913324893
253986653
1236402017
1143824742
490890599
1182649704
513898860
1214767468
697297262
305776494
1244220272
945710449
945705840
1236494707
1143824757
1234666360
1243853308
1236494720
1226135936
696458625
1251328386
1234666372
1228194693
1202330502
305776517
1089043336
1251328392
1229497738
305776518
1331166091
485876102
262729614
26270095
1229497744
211401621
1215966619
1234653595
1225520636
1234653601
253421474
1207258020
26270118
232364974
218655663
215745972
1236565435
490809275
513899454
1234641859
699018179
1107639235
546319813
26261957
512536009
1226138058
1226136530
232388054
1237049819
1089125341
1107639262
354970084
515108324
241937895
1225520616
913255912
288201191
482697711
1225520624
1251308530
26270708
26124277
776295415
494892536
1109164537
1243853307
494892540
amenity=dancing_school
200
1202330627
26264580
242640900
1202349064
241936395
722797579
213728786
365405203
262729749
1236565526
367603733
1106536469
914277401
1106536474
1225469979
485877277
1251308066
776338467
242553382
253476904
1224442921
1244225066
1232769577
262732332
1239687212
485962283
485962282
242644530
1215928882
776213556
242637877
213728820
229113911
1215919667
1243093564
914277444
776294982
213728839
385738824
1227805255
698841676
439359565
1143811666
1234666579
1236745813
1194015321
1243477082
699017314
1236745827
1226137705
1235389033
365409899
1139459698
1236196467
1243093623
1235091577
494857852
365405822
1234664577
699018371
1236401798
354970246
242648200
1243093641
1244232842
235241097
485877384
945702536
1250119302
210608784
241942677
1106483862
1106483864
1236439705
722797720
679754395
1106536606
1236696223
1178983082
485875885
232376495
1227805363
1237236929
1239706824
494370509
241670352
1236401876
698827477
354970328
211435739
410117854
698827489
1244225021
512536293
1143811813
1156874473
262732010
697309930
1234594540
242110191
232374001
354970354
512516850
1236745978
512536314
1241184512
1244205829
1234622728
1237138185
213721864
913324814
232347919
1234839824
1226137874
490893589
512517398
1089042713
410114843
1343040284
485965599
485965601
410114849
913256228
26270505
213750063
1143811888
1234664239
513898803
1234641716
1229497653
480403766
494857525
480403771
1229498174
242971967
494904640
689391429
1089042762
512539979
224575306
1089046862
262732112
243048273
241936723
1229498195
518783325
699017053
410199904
697297250
1244210024
305964393
224598890
913255786
695777136
1236402035
1109164404
242708344
490893178
305776506
512540033
1142067085
242987407
839229337
1229497760
253421475
931819941
229881775
1107639216
1109164465
218655665
1202331059
913256887
513898938
269593539
546319812
1234641861
275977160
1251308497
354970066
365411283
365411287
263371738
1244226523
673845210
226624476
1089042399
1239338976
1202331106
1089042403
1251308516
262731239
241937895
518783480
513899501
1243853298
1234666482
1089125366
264344566
305776632
698809853
amenity=ski_school
200
482697730
242640899
365405187
262729221
1236439563
243777037
518783501
512517139
695844372
264344597
410311700
1260170775
1215966743
1215928864
1343692833
26267171
1215966763
1241460780
914277419
1236745777
1207258161
245058611
1215966770
722797627
367588416
1109502530
1244209732
410197573
1242340936
1165384266
1207258189
1224442959
776294991
26264151
698815577
410070618
1204081755
213728861
1236196446
226223710
1215944287
1215966817
242172514
1215966819
1236745828
26131553
698815587
1241255528
494858348
1236696178
1250119284
1236401781
1134497791
242648189
242648198
1251308170
241942669
1227805335
1251308187
1106536610
480404141
1236696238
1236565682
494892212
1251308220
252925121
242641610
275952330
252925133
1237236945
698827475
409464021
1207233752
242110169
1109164250
1250119388
1227805406
1236745952
1239875809
210610915
913256680
1283012840
1235389162
512536299
1154331884
699017453
1236745967
1236196592
319277299
213790964
1305967865
26267385
1214767356
275952381
515107068
1237138175
1235389186
480404228
242639109
354969862
1236745989
1142066953
1239273739
26131724
1234641676
242110222
485876494
365411602
26267411
213721881
25267993
485965600
1235346208
253475106
1236401955
226209063
224575272
697309995
1234666286
1109164853
242649909
913256762
213721926
482712903
494858569
1089046859
1143811918
229117263
1243363152
913255760
490809167
1234667352
1234641759
1205623141
494858598
262729214
649742183
1154332009
494856555
1283045233
1244220276
512545141
263372148
1234666359
502400891
512515964
1207257988
1202330502
1214767494
235529608
1207166345
1202331535
490893712
1109164437
1202330518
1207166358
1229497753
262732189
1234641827
26270634
1109164972
1243859889
305776562
275977140
1282849205
343674295
1107639223
367585721
208913339
263372219
269593535
1202330561
494858178
488558017
485876168
1225451986
1234840024
26261978
1237265372
1243853278
1234624478
494892513
26124258
1235802084
1239338981
1202330597
1236401636
1234630632
410196971
367603691
241936880
263370736
1215966707
502401011
242649075
1225520629
26270712
305776635
211298814
689391615