4
healthcare=*
200
1236703744
698823683
262729221
1241255431
1251308556
699017744
275961874
410079251
410311700
1106483733
26270742
213728789
1237079577
262729247
512536096
1229497889
263371301
211284520
1244225066
26270762
699018283
211386926
242961968
1244225085
776213566
1227805250
1243012676
485961290
213757514
485961294
494858319
899109454
253421138
1224442963
1343692886
699018326
1286945878
1286945880
1207221856
1215966817
1202330725
1290763878
1250119273
263370859
242553453
722797678
878781551
1286945904
1215966834
722797684
1240053879
1225632375
1251308157
235241098
913256589
1107607184
242110099
1236696223
1236745887
722797731
1239875748
1235389094
1236745896
1251308200
512536234
244053678
226239151
1244222640
774362801
1229498032
1219271859
494892728
494857401
1089042618
512453309
275952318
1235091647
1106340032
242974914
1235389122
913324740
226540227
210581704
208957130
1236401868
1343035088
1214767312
1234666198
494370520
26124280
355733721
699017437
1235346144
1235346145
226452705
1235346150
1343037671
242969318
213790956
1178983148
1236196591
232373999
275952369
1229498098
242133235
263371509
878781694
1343040261
1142066953
26122000
485877243
1343040280
494858009
26270491
1214741788
242110243
1227805477
513898796
213721902
1156874542
512545072
1143811888
241942832
1226136375
1089043771
361089853
218631486
208949055
699018562
262729034
945708364
224576334
512515919
513898837
485967189
1214767452
1225632094
253986658
1226137958
1229497703
1244220273
211429234
26270579
305776507
697297277
591663486
242110335
1228172160
1236494722
242110341
1239338886
1284092295
242145161
494370698
242987404
242987408
1202330515
213781907
1284291990
211418008
1284291993
880356761
1207258015
1234653600
515107743
275972514
880356775
275977135
1207258032
1234641843
527351733
913255861
899105211
1239338940
301416381
699018174
305776578
242970053
232345031
409464782
1106483663
1234624464
409464786
26270167
1236565464
354970073
367603675
275956188
945703390
1236525536
1202331105
512516068
1251308522
26124273
1207258098
1235329014
1251308536
264344570
1227805179
1037436924
healthcare:speciality=*
200
1224442880
695844356
410079236
26270730
591663626
512517133
275958797
410311697
699018258
512517653
1239257621
1241255445
354970135
502401050
1106536475
485876253
1215966750
699018271
245056544
1244225056
1227805222
264344615
1227829296
698805809
1224442932
1108139577
1215966779
914277436
26270784
1109164097
913164354
243891794
232385106
494858834
698841686
878781529
26124379
483545184
1251308129
699017827
213757543
243891816
1286945898
1243012728
1243093628
1241255549
494370429
1285024381
485875840
1250119301
288201866
494858383
485876367
1227805329
1236196498
776295574
1244222624
242168480
1214741669
1251308203
1214767278
410115759
1194015408
242168495
357588663
211316919
1244222649
1236196538
1106896056
242553535
1227805376
615938756
1250119365
1106896070
241670342
1154331844
913324745
775308490
275952331
1154331854
679754448
913324754
450543314
940341972
1229498069
1234666200
1225632473
485876445
1193997022
699017440
226450941
512453346
1202330850
213778665
409460971
494370544
1226137328
242133234
242645752
1234664189
1290743550
512536319
263371522
1234666242
1290743556
1290776325
1237073163
213775118
1202330895
518783248
1202349053
26131730
26131727
1235346196
1241184538
494911776
1224190758
1236746023
243777831
365407017
697291562
1219186989
1234839853
1214767410
1234641716
1207265589
1236401973
502400821
354970424
263372084
1239338813
1109164351
213721922
1225520450
880373572
1241255750
226250056
305964360
1229498184
480425801
1235389258
518783309
262729209
1234641743
262732114
1205623123
26269013
1202330454
494859093
1290776411
945705825
695777122
305776482
1236439396
512536421
1205623141
365412708
1089043308
490891116
512545135
512536433
699017080
229722490
254112123
1251328380
242963835
504793472
776213379
913256328
235529608
243857805
490893211
275972515
213270954
1109164461
275956142
241674163
305776568
452617148
1226136509
1202331582
591663551
667884481
494904775
1224690120
226624460
1234605517
269593551
1243853275
1237265372
1089125341
1282849249
1236525543
232380904
746747881
1251308536
492098553
262729210
1244225021
880393214
health_facility:type=*
200
1089042946
1310125570
485876228
1194015236
26124297
1207258122
241942539
229875723
1207258127
211308049
26270740
512536085
410163220
1089043479
1207258138
264344607
1236401697
263371809
913164324
242553383
264344619
1236745775
1343692848
262730287
1089042482
26270772
242637877
914277428
1225470007
1251308086
494370873
1089043512
229406785
1244209730
1244225090
1225632834
913256516
1243477062
245549638
1194015307
26124363
1207604814
1343692880
1234664529
365409365
1250119255
232368216
1154331745
1207221861
1229514342
1251308135
488558188
1215966830
913324660
490893429
1235389046
242637441
1251308164
913256582
235241098
1194015370
253421709
689391758
480403603
699016852
494856861
1224443042
242983589
1244222629
1194015398
243037353
649706161
913324728
518783679
243037376
1342429891
1239706824
615938764
1227805394
213790936
1235389144
1106483933
1290743517
242650336
699018465
1244225022
1089042664
1106483947
1237236973
213778670
697309938
1236196595
699018484
1241210104
354972921
512536315
1234664190
1235346175
242543361
1239875843
1229498117
1237237002
1143811850
1236401931
26270477
275951378
485965587
26270485
699018007
1343040281
25267996
305964318
1343040290
263371556
699016997
1234641701
1089042727
1229498153
913324844
410114863
1234641713
1202330931
1156874551
480403771
494904635
742427454
1225632575
1214741823
1207557441
208949058
262729027
512545089
1250188101
1205623110
224576335
244045139
354969939
1225520467
26269012
262732117
490890590
913256807
1202330984
1238572903
512545130
1182649706
512545144
699018618
288226173
1236439422
1214693758
880373632
518783361
697297279
1107639179
235529613
913256333
1226136463
365410192
275979157
213781912
26270622
1236494750
1239338912
494858661
305776550
1089043369
26270634
1234641835
1202331051
1343121321
545384368
1236525492
1282849207
1089042362
490809275
262732220
1243853245
1202331585
26267586
26261956
244031429
263370694
1109164496
512540117
1154331609
263371740
275956190
1236525539
512536038
512536039
482697705
1243853290
1226138092
1215966702
1202349044
1226136566
215738872
512516604
776295422
healthcare=dentist
200
245549574
354970126
213713937
410311701
1239263766
410079258
485877277
1215928865
502401057
242637864
502400554
1207258155
1160266283
242645549
1229497902
1214724146
518783538
242644530
26262589
1236525631
679787589
776213573
26267207
410309190
1207258185
26267209
1243477076
698815573
698841690
365407323
26124381
1227834462
518783585
1232769635
1243093604
1286945895
1290763880
488558185
242999918
699016815
241942128
1234666610
698818676
343677045
1250312319
1250119296
674001538
226219141
226219142
210977419
253421708
226634383
288201874
699017875
213798041
242174105
215751326
1107640479
494892702
1239709858
1251308194
226239141
1237254310
512536233
215751337
26262700
679754414
226239150
1106340016
1156874417
1154331826
1251308211
1343035064
679754424
303185082
226540216
253471421
1236401854
775308478
699016896
241937597
1250119362
1241255619
1285024456
1250119369
615938764
1207584975
1241255632
242650331
1214741725
1236745950
512516317
1235346144
409460962
226236643
242543335
699017960
242170604
305964272
1226137842
213777653
699017975
343675644
1207562495
1251357951
1235389191
485961483
224566540
1237076750
1236746001
697309971
480445205
699017494
1241184533
26122005
480445209
252927259
1234641691
354969885
275951390
213721894
485877031
241675561
226209070
1236401972
913324853
263568191
1234641729
699018050
354969927
361090887
231906119
1225211209
232348491
1251276108
26122061
26270544
1236746069
1236402006
913256282
689391964
305964381
1202331489
512516452
262732143
880373618
699018618
242137472
490891139
1241255815
945710472
253420937
1225520522
242990478
1202331535
512515983
1219272084
1236494759
1134479271
275956140
1234666414
494904752
232364978
241942969
1234641850
913256891
1236494780
1234641849
1202330554
699017152
1202330561
1107639234
1225520579
490890693
241935301
1237265350
1234605512
878781385
1239274446
488558032
365411287
1236565464
1237265368
410079196
1234658268
699017181
485971939
698805731
224568293
26124264
241937897
1215966699
913256428
1215928813
26124273
215738868
913255925
252924917
367588344
699018237