9
amenity=bank
200
482697729
698809861
1194015240
242640905
494858764
1244225036
242176527
488558096
1202330644
231903253
1156874263
1239257626
1207258139
1237079581
1207258144
242553376
367603750
1234666535
1229497897
26270767
242644535
1089042494
1154331711
26267201
410197570
241942597
213757511
1106483789
698841678
1214724173
699016781
1207221841
1251308113
699017811
698841684
899109460
1219272276
483545170
1234664535
367588441
244055132
1109557853
1207489118
1154331743
365405792
243891817
26267242
213748334
1109164655
1214767216
354970222
1236196462
913256572
494856833
1251308165
512536198
913256583
485877387
1229498003
480403603
480403609
1243093661
1250119329
241943714
1244209826
698815649
242983589
1237236903
1236401835
1219159724
1227805358
1244222639
1236196526
699018417
303185081
1240421050
722797755
1310741692
679754434
263371461
354970309
275952327
1235091655
1194015432
494858452
248805078
485876953
354969821
1106483939
26267365
242110186
213790959
244049648
1237076722
494856435
1229498103
242554104
1237076729
494859000
1237076728
1234666235
1236196611
699017992
1234664205
213775124
1225496341
1343040280
1234641690
697309980
241936673
275951399
242200361
1109164841
243777836
527351086
1239338799
1214741810
512545076
253987640
494858554
697310012
1229497662
224575294
231906114
262732099
1235389252
231906122
699017036
1205623117
1207562574
667886927
229722448
1226137933
485967186
1243363155
241936722
242110295
211403608
1225632601
253986654
1229115231
212990818
1106483557
1234666343
1154332009
697297259
211338605
1236746095
1236402032
697297265
512516472
913256314
518783354
1228172157
212974987
213781906
224544661
1109502363
913255838
1243859870
1109164959
878781347
1215966631
26270120
485876648
699017641
262731180
26270126
229881777
275956146
1202331574
26270135
1207258039
913255863
1234624447
512536000
1243859906
244029897
512536010
913256396
515107794
450544084
776295894
305776599
1143811544
26124248
1215928797
275956192
746747873
1234666466
1106483683
1236401636
1234624483
913164263
288201201
1243853301
518783478
1227805177
26270718
698809855
barrier=hedge_bank
200
698823683
1207258119
591663624
1089125385
1202349064
1236439563
518783501
226220047
242708499
913324571
262728220
26270748
410079262
263371297
512516641
494370337
1215928865
699018273
365411883
512536110
483545137
1109502519
1202330680
1251308090
1241255483
26270778
494858301
229406782
1215919679
1234666560
242978881
410309186
1215966788
490809925
213757513
232362057
1226136651
1108139597
1202330702
502400592
26124368
253475924
262728276
1109557853
242172512
242172513
699018337
1202330722
494857832
1215966824
695845483
494858348
26124398
1239272559
242636405
490893437
1236401795
674001541
1219271817
674001548
1224443021
354970260
512516251
1251308189
1244209822
1107640479
512536224
1239883937
512536231
263370919
1244209832
1224443049
243037351
242144940
215752877
1244222643
512536244
1226137782
354970296
242166458
1240421050
213786303
1235091648
354972868
1202330820
252925128
226540232
1239706828
679754456
210581721
1207233758
480404192
1225496292
213814503
242543337
1237236973
913324788
319277301
513899254
1089042679
263372024
243010297
1234666234
1250188021
1235389181
518783745
1202330883
354972931
1214767365
913256710
1214691592
913324810
26121995
1343040268
242110222
913256726
410114846
1202331424
275962144
354972961
213721891
1236746019
480403751
518783784
263568169
1236746029
697309997
913256751
218648878
913256757
1106483514
513898812
242649918
1234641731
689391429
213721925
1214741830
1205623117
262732110
512515919
1239875919
1236402001
242199885
1234666323
512536058
913256789
513898838
1234667346
1089042771
242199893
305964378
1225520476
243048284
354969952
232375139
1234641770
1089042289
689391990
696458620
1228172161
232344964
26270601
1207257995
242145164
518783377
913256853
1264340885
1234641823
480403871
1239275936
515107234
512536488
305776552
269593515
1251308463
1207239608
673845183
512536001
243002306
699018179
673845188
546319813
488558025
699016650
241674187
26270674
1235837394
1235837396
450544084
1215928796
252924896
945703393
263371746
252924902
1156874216
1236401640
26124271
252924912
1109164531
1214765562
amenity=financial_advice
200
26270222
227022868
1089043478
367588376
1215966746
1207258138
880393245
512536094
245056543
242134562
288201254
264344618
1227805229
1207258157
1251308079
1202331182
1207258161
1239269426
1225470003
26124339
1219272248
1343692861
1232769601
512516676
1234664522
1225470030
232385109
914277463
410070616
1286945882
494892635
213757532
1236196446
494857822
483545184
485876319
1251308133
26267238
1214767208
410070633
26267242
1106536558
494858863
1250119284
410070648
1226137723
1243093628
1239256700
1239875707
1250119292
1229497984
1225632896
1106483843
224572037
485875846
1250119303
512536205
1235389072
1224443029
1235389079
667876504
232376986
1225632410
1244222625
242110124
913164466
512536242
1251308212
303185081
252925117
1240421054
253471421
485961408
485877437
1207233738
275952332
615938764
485876430
512536271
1236401873
1227805394
512536278
1229498071
1236745944
1202330842
1106340060
1106340061
1109164764
1237236960
1109164257
1236148450
242170600
1193997037
275952366
518783216
485876977
1244205810
1089042679
410147579
1234663165
518783230
1234622720
697309952
1234666242
1089043204
1214767364
494859012
1234622727
1241184520
1239338762
1226136842
1234641676
1239267597
494857482
1234641679
1234839829
1237091102
1239714082
1156874532
1234839844
410114854
1343040297
697309995
673845037
26270509
1214767412
1290776374
1089046840
1202331458
245056837
697310022
494858057
232348493
1239875919
506720591
229722448
1225211223
213768538
913324891
243048284
689391454
1236746082
365407077
1234641769
1226136427
1109164404
512545142
1251308536
485877112
305776507
776295804
1284092294
699018638
1234641810
1106483603
275951509
490891159
1236439448
839229335
699017115
354970012
262732192
699017122
1226138019
1107639204
232364965
494892964
229881772
26270125
218655666
667884477
513898942
1236565438
275956159
26261953
241935297
687323075
244031430
488558025
494893003
673845196
494858704
699017681
1237049810
1109165018
673845210
1109164508
232367069
1237049821
1107639263
354970078
232380896
1226138083
450544101
913164263
232388072
218636265
488558064
1310125560
880393210
amenity=atm
200
1227805184
494892546
1214765571
367603714
513899525
1310125570
1244210698
1234603535
1236703766
355738135
26270230
244035608
699017751
1215928863
1207258144
262732326
26269734
518783528
26270761
485876778
213728815
229888562
1215928884
1241460791
1251308089
1236703807
1241460800
1226136642
494858307
512517188
674001476
242642505
1251308107
213728844
1226137685
913256535
367588441
1224442973
367588447
242172513
1229497959
365409899
674001518
699018363
241935998
699018367
410070655
410070657
1214767233
1239875715
1251308160
1235389061
1236745864
945711754
1239883920
1089043604
494857877
211427482
1106483867
722797726
1244209823
26262694
1214767271
211400874
512536234
1241255597
774362801
649706161
1244222643
215752883
275952312
1244222652
722797760
1214667968
485876419
940341956
1343035077
1235389126
409462983
232362692
1089042632
354969809
1229498074
1225496289
512453346
1236196579
695409892
490890980
218650340
494856935
357586662
1239875817
1250188006
1236745966
242170608
697309938
354969842
1285024500
1229498103
1219271929
1236745978
410115836
1234664188
1250188032
512516865
1106340099
1250188036
1290776325
1214691592
242638602
1239258381
513899278
512516877
899126545
1229498132
26267415
1236401946
1229498139
215856924
697291558
410114854
502400810
699018540
229141293
1234839854
25268015
263568175
1237237039
1156874548
343674165
485961526
213768505
26270521
1226135872
208949056
210613571
1234664260
357591366
1236401999
242199888
512517457
26270546
229722448
1243363158
1236402006
512536409
243777882
1234666331
232381791
1236746082
482712931
512536421
494904683
1202330482
695777145
1109164922
263372159
1234641802
242140555
212974990
1207239571
253473172
490891155
1226138008
26270626
26131876
1243350436
699018149
275972519
232364971
244035508
365412790
367585721
1282849213
1107639232
26270657
546319809
367585734
1224690118
1089125321
1106787788
494858704
211333587
699018195
1236525525
480403926
485878231
1234630619
26261979
452617187
1239338982
1310125542
1202330599
365410285
482697710
880393198
1215928814
1225520624
354970102
1214765567
office=tax_advisor
200
1244210692
1202349065
1251308555
229875726
689391632
1168209936
1236401680
242708497
1156874260
355738134
275958809
242176540
699018271
242553377
226220065
1207261217
264344613
1229497894
367588390
1214724145
1229497908
494370356
485876791
689392185
1244209722
679787587
452614212
1243012676
410197576
1283040841
945710672
1202330704
1250119252
439359576
232385113
213757536
914277473
913164388
1178983012
365409385
914277483
1235389035
1235091570
232346739
1236565618
26124406
1226136183
913164417
1251308163
410070661
591663614
1251308168
1239709834
512536204
1236401805
241942669
226634382
1229498000
1243093644
1239883920
1251308181
215751319
480403609
263543453
1089043103
218645663
1214741666
1244232869
1237236901
1236565674
674001579
1237236908
26262701
913164459
512536246
252920503
1226137782
242636985
357588667
699017405
1236401854
485876419
303185092
615938762
775308490
355733706
303185101
1239739091
1250119379
695409882
1236745949
1143811805
1239720675
242543335
409460967
275952361
490893546
227020017
1229498098
512536312
226258682
1225496315
245055744
1244232962
1234664199
512516360
1244205835
1290782479
1234641683
518783765
1343040278
697309975
1214741783
515018519
697309978
1234664218
1106340123
1234641693
1236746019
25268003
1109164325
275951398
1236401959
494911785
451954479
1241069877
213750069
1156874551
480425789
945710397
305964350
1241069889
301514050
354969927
1310125562
241939291
262732125
1226137437
1235389279
1089043808
1236494687
1236746079
242963310
253420405
253480823
591663480
512545145
213733754
288226172
26122108
354969980
262730111
242137472
490893189
242145159
365410194
262732179
26270099
1234666389
26270103
26131863
241935770
1228194720
1134479268
1225520549
242965932
1251308466
451702195
305776562
485876148
26270134
1107639221
1154332096
1225451970
26270661
1089042885
26261959
1283019720
244029898
410079182
409464783
410079184
1234641873
1225520591
1283019727
494904791
485878231
722797528
1202330586
494904805
26267624
1234605549
1207230446
288201197
512517112
1225520633
1251308538
410079227
409463804
1202349054
government=audit
200
515108354
288201218
1310125570
699016712
410079240
242976777
1202349067
241942544
1107643923
1194015257
512516637
1215966754
367588390
275958827
1106536491
1225469998
502764591
262730288
213728818
1215966770
1202331189
1236401717
699017271
1204081721
367588413
1244217405
218617926
697851978
26267211
1236703818
439359565
229406798
410197587
1236745813
1143811670
1207221850
490893402
1106536540
945704027
494892639
1250119264
275975265
776295010
211327592
1202330729
365409901
1194015343
232346738
252931699
1236196468
1243012732
1236696189
1234666621
1224443007
244053119
1236745862
242110087
945702536
1251308170
1236745876
494856852
213798041
1195883162
699016864
699018400
1156874400
1237236901
263557290
899126444
699017389
1207584942
242554031
275952304
490893488
1227805363
275952309
485876409
699017916
1106896073
241670350
275957457
213790931
1214741721
226579165
878781662
1239706851
275952358
1235346150
878781670
699017959
242110186
262732011
494904556
357586670
242170608
244049648
409460980
494343931
899126525
1089043202
354971395
26270467
242110214
361091340
1234622733
211438863
776295187
1089046806
1156874520
275951384
1202330904
699018012
1237237020
1202331422
1235346209
1214767394
1241255713
242647844
494911781
527351078
913256232
1244205864
673845034
1343040298
1205623084
213775149
1234839854
1234666289
365407029
494857525
518783286
242649913
699018043
361091391
263568194
263568195
945708359
211342667
354969937
243048274
26122067
242553688
226541912
1234667357
1229497700
1228194661
212990823
288226156
1207239533
305776497
1109164403
1228194678
513898874
776213884
1343016829
1154332033
1226135939
242145156
689392008
699017102
365410192
1234641811
253473171
1236439453
1202331553
361089953
1234666404
232364965
1106483623
591663533
1229497775
546319794
527351733
1282849205
410079163
269593531
1239717309
301416382
1251308484
1282849221
241935302
226251722
26261963
1238570954
452617173
357590485
1215966681
26270687
357590497
746747874
1282849251
229129701
698805736
232380906
482697709
1089125357
494892528
1243853300
1089043450
226450941
shop=money_lender
200
241936385
1244225026
1207258115
1236525572
275958788
410163206
1244225029
262730250
1244210701
1089042446
485877270
1251308055
1229497880
914277404
512536093
1202330652
1243865120
485876257
1251308068
494857253
1236525605
1089125414
699018280
1224442918
242961965
1234666542
1202331181
245058608
1184565294
1239269426
699017779
1207258163
698805814
1241255479
1244217398
211376185
1089125430
698805819
367588412
1241460796
241936446
1106483785
1286945867
253421137
1226138196
913164374
213757529
26124379
1236745821
1156874337
1240053868
1229514356
722797684
1202330740
343677045
263371384
354970233
1224443002
1285024387
235241092
1214711953
242110099
1224443028
242553497
26266777
1250119329
512536230
913256107
1300547763
1236148407
1251308218
1236745922
1343035075
699017410
409464018
248805075
480404185
689391834
494892251
226579167
1226136801
1250188001
450543331
1244205798
518783207
512516842
776295152
354969842
1241184498
275952375
1236401912
1236401916
697309949
354969855
1290743552
1244232963
1237138180
242639109
235533060
1226135817
485961487
1251357968
494857490
485961496
410114843
1236746011
1250188063
1251276066
1239338786
494858023
1236746023
1251276075
365407022
241675566
226209070
1109164850
213750067
229722419
1202330423
253987640
1205623095
242649913
1109164860
506720574
512545087
512539966
224575299
945710404
1236439486
213768527
26270544
1234641743
482712914
213768532
26269013
354969943
243048279
1236494681
229117274
913324893
305964382
699018081
1234666344
1244216696
512545146
1239338874
1236439420
1343016829
1089043839
1202330497
1109164931
1202330502
1239706507
213781902
242990480
26270098
26270655
1234666397
343671200
699017635
1089042852
26270628
699018149
1215966639
263372211
480403895
275977145
490893755
1251308478
699017150
275956160
1236525504
275956162
1234641859
1236401601
1251308485
1243596742
410117063
1243859907
673845193
275977164
1237265356
913256918
1089125335
450544086
1243853271
1207549405
1037436905
1224690155
512536045
1234605549
252924909
263370736
1089042930
494904818
1342433268
1156874228
482697722
485877243
1229497854
amenity=money_transfer
200
1236525572
1089125381
1227805188
367603719
410079240
513899529
1234666505
1219272205
1225469966
1236401681
211387923
1156874261
1239263766
245055513
1239706654
1343692831
880393248
502401063
776213545
229119020
776295472
213728822
1089043001
452614202
1143811648
1229497920
1236439616
913256003
1236525636
1244209731
244053571
1156874304
1251308104
722797640
483545164
1236196429
914277464
213728858
365407323
1243012702
494856801
1234666593
1232769635
1243093608
211327592
1235091566
1250119280
213748337
1243093618
722797682
512536191
1236196480
1224443008
235241092
1226136197
1239883914
262731410
1214711958
485876375
1239883931
1251308187
1236196510
410115747
1236196518
1229498024
1219159720
1154331826
518783667
1236745913
242144957
1239875774
253471422
303185100
776295629
354972876
1227805395
699016918
243037400
913256667
515018465
698827490
1239720677
1236196585
242543339
1244205806
1234664178
263371506
242133236
244049653
1234664190
699016966
1227805447
242145548
1156874512
26122000
262732049
242553620
1235389207
485965597
1214767390
1236746015
241936673
1343040289
518783780
1235389222
1343040295
1089043751
213721897
699018024
213775142
26122028
513898797
1241069874
1202331447
1205623096
1235389244
218631485
1251276093
354970429
1142067005
1236401985
231906112
776295744
1229498184
1226136905
232348493
485876046
494904658
26122067
242110292
1250188115
263371607
365407577
224576347
253986652
494904675
546319716
913324902
482712935
490809192
699018089
697297258
1226136427
494858604
305964392
512515957
1205623158
1214693751
945710461
1226135936
1225520516
1207166341
1214767494
242110342
699018119
699018637
1089043856
242987411
242992023
213781912
1207258011
26270108
262732189
880356769
1207258018
1143824803
1239338921
1089043369
699017130
1236525482
1109164465
301414841
263370684
494892989
410117054
367585728
26261956
1238570952
241674186
1236439499
1234604491
1225520590
263372239
1226138065
262729686
1207549401
1236525530
1237049819
485876699
226224089
1243546593
1224690150
699018216
288201200
492098546
591663607
1107491321
1225520637
913255934
512517119
shop=moneylender
200
1089125376
367603713
226450948
1236703749
1244210694
242176522
1239273483
1284088847
243047960
842542108
699018269
494857247
252924447
502401063
211284520
1227829290
485877291
1214765611
1215966766
512536110
26267185
1089042482
1194015287
913255997
913164354
242642499
1236703816
232362059
485961292
490893389
1202331211
226210896
1251308113
241938002
1194015315
1236196435
1250119252
1243093591
1089043545
1215944283
1226138203
1243012703
1202330720
698815584
722797666
914277472
1243477088
1202330725
669630561
275975271
1194015336
1214767218
253421683
242636409
242141318
288201866
485877395
776295574
213798041
699017884
241669279
679754400
354970273
263557284
211438245
1300547751
913256616
1143811753
1250119338
913256619
26262699
1219271851
242554032
1250119344
1109164211
494370488
480404157
518783679
242553536
1235091648
1290776335
1300547783
490893515
303185099
913256653
243037405
242543326
1089043166
1234663136
1236196576
303185120
878781666
409460964
1226137825
1343037671
357586668
699016941
227020016
1225496307
480404214
1241184504
1236148473
512516858
263372027
1244232955
1241184507
224566533
232347919
263371024
1235389201
1239273746
1089042703
1156874516
1202330901
26267413
1109164308
513898776
213721884
1205623070
226519841
512517411
697309987
26270501
213721892
1207265576
494856492
224575283
1251276088
242649913
703116605
494857022
213745472
480425793
26270528
776295744
26122053
513898824
513898828
490891085
1236401996
513898842
242135388
494859110
1236746086
880373609
288226154
1228194667
512545132
210955631
253420912
288226159
227107700
1228172153
696458618
262730108
1228172157
213781895
1089042315
880373643
213781899
242990478
242145166
26131856
1229497746
1207166355
1202330520
1234641818
1284094364
1243859873
699017122
1234641829
253421478
515107237
673845169
354970037
1202331579
899105211
512536004
1236525509
244031431
244029899
494893003
1238570957
699017679
410079186
232367067
26270687
945703393
1202331109
518783461
264344552
354970089
1225520619
244026861
880393198
26124269
1251308530
1214765562
591663613
262729215