6
vending=parcel_mail_in
200
1225520643
1128714757
213710859
242176524
722797580
512517644
211308047
1236525585
243047954
518783512
515107355
1109502495
1089042976
26124321
1244225056
485876774
1106536488
722797611
264344620
1224442931
1290763840
1236401730
1251308099
367588422
1215966791
698841671
262728262
494857300
1236401752
1236525657
1106508890
1250119260
699017822
698841695
1227805279
483544673
275975266
485876322
1215944288
343672934
913256553
1243477099
410070643
1243093622
365405815
1236439670
1226136183
1202330748
776338557
1250119296
1250119300
1214767238
1109164168
1225106056
1224443020
502400653
1307566233
776338585
485961372
26262687
1250119340
26268334
218645679
674001582
275952306
1236196531
275952311
357586619
354969791
775308483
480404164
1236745924
674001606
1219272394
242113227
218645709
490893521
1235389137
355733719
494892761
512516315
1227805406
275952353
275952354
776295142
1193997031
699017447
722797801
490890476
242110188
1236745968
232374003
1089042676
699017975
213775099
515018493
354969854
913256706
1237138180
1241255691
1239715086
513899278
1227805454
1202349053
494858514
224566552
1237237017
1227834653
275951393
1134490915
1239714085
527351078
667873574
1229498153
213775149
679717681
1205623095
490809143
354969911
697310010
242110267
365407037
506720574
1234666303
213745475
213745479
513898828
880373584
1239875922
361091412
1236746075
1243363164
288226142
1234666334
262729213
1239875940
512516452
1207562598
945710439
878781796
1225520491
1225520493
697297263
1205623153
512545138
1283045233
490891125
913255799
1234596215
485876088
1283045244
512540029
1234641791
288226177
305776520
518783883
1239706511
913256851
275979165
699017118
253421473
232364961
275951522
1207166372
305776550
512517543
513898920
1239338921
699017130
899105201
1202331569
494904756
305776568
1290769852
1154332098
1089042885
26261958
913255879
1225520591
1235837395
1207226838
1236439511
1234641880
1202331096
262729690
673845213
1215966685
1154331613
1154331619
242169316
275956197
1282849252
699016690
1234624500
354970102
1106787831
262729208
699017723
1215928829
512517631
amenity=post_box
200
776338432
242640899
1214765572
1214765576
1236745737
1207258122
1089042445
355738132
1089125397
482697750
245055512
264344607
502400544
1284088869
1168209963
242645548
1194015278
26267183
26267184
1215928883
502401076
1215966773
1242340921
1244209723
1244225084
1089042494
1224442944
242642496
26270785
914277448
512453194
776296018
494857813
1243477082
494892639
242172511
483544673
232385122
1243012707
1236745828
1143811682
914277479
1290763880
1235389035
1214767218
1290763897
211344506
241948284
1243093633
698831358
722797708
1143811725
1236745870
699017872
213798033
1250119316
242110104
679754395
699016860
343676066
502400676
263557290
243037356
1235389100
215751342
485961391
1224443053
512536242
305963709
242543299
210581700
243037380
1207233736
354969809
490893521
218645713
1234594513
218645720
699017435
242554076
1178983133
494857438
357586656
480404196
515018469
241935078
213790950
275952360
1156874473
776295142
1236148457
242170606
254113008
1227805430
1236439801
213775099
275952380
513898748
354970369
1214732547
232389893
242110220
226612497
1154331922
1225496339
1343040278
1234641688
319277340
1234664224
1241255713
697309984
410114848
275962144
241936677
244052773
742427431
229722408
242553126
1156874537
26122028
365407025
242649906
1236746033
1236746035
1202330934
1234641719
512539966
1214741823
26122049
343667013
1104808264
513898824
1234666314
1234641740
224576333
269592400
1214741841
490891090
244045140
26270552
1229115225
235534681
1235389275
232381794
1205623140
1106483562
494856555
880373615
1089042289
695777139
1202330484
26270581
913256310
242963833
502400891
1234666369
305776515
776295815
1241255815
698831752
1225520522
242140556
1234641811
1089042324
1107639188
213716374
490891159
275951509
1229497753
485877149
218621342
218636706
1225520551
489813935
1235277234
269593523
1234666420
1225520566
275977146
242553288
1107639240
410079179
1234641872
244029906
26261970
263370708
1107639256
26270171
1234658268
945705949
1243853280
263371749
242169319
1215966705
242649075
698805751
1215966715
227037693
1142067198
410116095
amenity=post_office
200
880393216
1109502466
698809860
482697733
288201222
1225520647
26124297
494857738
262729227
1234603533
485876751
211398673
367603730
243047955
367588372
1241464342
1239273494
512516631
913164313
1236401690
26124315
880393245
913255968
264344611
1234666535
1214765611
1236703791
1236401713
1251308081
26270772
1037436926
1234664504
1204081722
1207258176
1106483779
1224442948
410197573
699018310
913256009
208971337
242642505
410197580
410309196
1109164624
1143811666
1251308114
1207221843
1089042519
1234664538
546357339
1229514332
698841693
367575134
913324639
515108448
226210906
211327588
1241968746
1251308141
1224442992
213783667
699017846
26267256
1194015353
1240053883
699018366
1205795970
1234666627
1178983046
485875846
1236439693
878781583
1239883920
698815631
288201874
1089042579
1236565652
354970262
213798038
722797720
699017369
1219272344
1107640476
242168481
1227805345
512536233
722797738
1214741675
1235389103
699017903
913256626
878781619
1109164727
667893438
722797760
518783681
775308482
213790912
615938757
490893509
1214767303
243006152
263370953
252929737
1207233736
354970318
490890962
679754453
211435739
913256667
1226137311
1234666215
242543341
450543344
242133234
242553587
232374006
1214741757
242110205
354970367
490891007
305964290
1226137863
1226136328
1142066953
1234622731
1241184530
697309974
1244205849
1250188057
305964313
527351067
25268000
527351077
699017509
513899303
1234641703
241675563
229722412
263568175
1154331952
1290776371
343674163
1202330422
1109164858
913256254
305964355
1214767428
1225211204
913255927
1143811919
699018064
275960146
1239875923
241936729
242110300
213265756
1207562598
1202330477
1205623153
215735667
1214153075
262730101
913256819
288226170
695777147
1229497723
1228172162
1251328386
232344967
512540041
1225520522
1207258004
1234666393
1156874139
253421475
1106483629
504793519
546319792
241674173
673845183
241942976
263371716
1237265350
494904775
494893003
241674189
26270158
1237049817
913256935
512516585
1243596781
776338413
263371759
512516078
1156874225
880393207
1089043450
1202331133
1202349054
post_box:type=*
200
1089042433
1342433285
242176520
1251308553
410079241
365405196
227022863
254120467
227022868
1215928855
1202330648
288201241
482697754
913324568
913164281
494856735
343671330
1215966755
262732326
1236525607
1202331182
1225469999
1207258165
1215928885
263371321
485876794
1234666558
1194015297
698815554
253986370
1225105991
1236196425
945710666
242987597
26124375
365407320
1243093592
26124379
1236565596
1106536542
1106483808
1202330724
1251308134
213757544
439359593
1089042538
1250119277
494857326
698818675
226219126
699018366
679754367
1106704512
1244230786
241936009
1243093642
242174091
1236401805
1224443022
26124431
1107607184
1236745878
699018391
1089042585
262728349
365409950
1236696223
1239883939
1236696228
1106536616
1300547753
1239875758
1202330799
679754414
1194015409
275952312
1235091646
213786303
1241255617
218645697
218649796
699018437
1214767302
1236745928
252929736
699016908
1207584973
699016910
241670352
1239875794
1229498066
1236196566
248805078
1250119389
354969823
1106896095
211328738
899126499
494370532
303185126
1225496294
697309929
1235346155
263370992
305964274
512536315
244049660
1234664190
305964294
242543367
1226136328
1237073161
1214691595
913256206
1109164817
1089042705
1236401944
210962203
776295708
1234666267
1234641702
213721895
1236746024
25268007
243777835
275951407
224575280
880373553
263371059
242110268
213768512
1236746049
301514050
213745477
1089043273
699018057
1239338827
241935693
506720591
482712911
269592403
689391444
697310036
1219272022
1214767447
365406551
1234667350
288226141
699018590
224576349
695777120
232370020
1106483560
1228194667
1228194675
263371640
1228172164
1234666375
26270601
1207257995
242992016
1107639186
1107570578
26131874
275979170
211368361
1234666414
1225520560
1219272113
245054899
244035508
301416382
1243859908
1251308488
410079177
1237265356
269593548
1237265359
1237049812
26270166
1089125337
699018204
1109164509
1202330590
226624479
1282849247
699018210
512516579
1239338983
354970087
1106483693
1107639279
1215966707
1236525557
1235329015
410079225
227037690
698805755
1235329021
1089042942
post_office=*
200
410116097
913256450
698831362
1244225028
26124293
699016712
1343692817
842542098
880393236
1224442904
1237079577
226220057
1239273500
26124318
1215928865
698805794
330378787
1107643939
914277413
242553381
699018278
264344611
1224442927
502400560
242644536
1236401726
1244225088
409460801
699018306
1234666563
512453189
232363590
502400583
208971338
1243477076
1242340949
1089043030
914277463
1109164631
262728281
913256534
365409371
367575131
275975261
913256031
1154331745
1224442979
722797668
914277477
1143811686
1156874341
494858348
699017324
1106892911
1236745842
913256565
1241255541
1251308155
776213629
242637440
945711749
1227805319
1219271820
224572045
1241255567
1236565654
1227805337
288201886
242168480
1219159715
1251308195
1236196519
243037354
262731948
1236696241
1142066869
354972856
241937599
878781632
1236439745
252925124
1236196550
878781639
1214741704
485876937
494857423
275952336
1214767313
913256656
913256662
355733723
242650332
1239720672
1109164257
512516322
242543330
494857965
1237076723
1244205812
357586676
1260191992
242644217
243010297
1236745980
354970369
1234622722
224566533
1234641672
485961482
490893583
913256209
1251357969
697309971
242977044
1234666261
1235389202
1244205843
697309980
224566560
697291556
913256230
1227834664
1236401963
213775148
242140972
913255730
262732090
494857022
1234666303
361091392
1154331969
269592394
482712906
213768524
512545101
512515919
232348495
512539986
263371091
689391444
880373589
1250188121
26270556
410199904
1225520481
1236746080
697297255
288226158
512517487
263371633
1236746099
913256310
490891130
695777147
512540029
262730110
1207166336
305776513
1225632644
1234666375
913256328
695777160
242987404
1234666381
1207239564
26270607
242110354
913256339
211423644
480403871
269593505
485876643
1310773156
1234641829
776295333
1215966637
245548974
1235277234
1202331572
367585726
673845188
1236525509
269593542
485876165
512517577
878781391
357590481
1234666451
563094999
673845207
1237265369
1234658265
357590487
1207258085
26124264
252924908
1215966702
482697717
488558072
698831356
amenity=post_depot
200
1089042437
913324550
485877258
1227805203
695844372
515107349
512517656
1215966748
914277404
410079262
913256479
252924447
699018276
722797606
264344617
288201259
699018285
1243012655
1207221807
1227829300
242644534
1109502519
1229497915
1215966779
1234666560
242111552
452614212
1109502533
698841672
1202330698
231904330
674001485
242642511
1236565583
253421136
410197587
494892639
1251308129
1156874341
1236745836
242553455
699018352
1226136176
1236401781
1229514358
667871862
1225106045
1234666621
235241088
515108480
1285024390
1243012742
512516237
1241255567
1239883921
242110101
262728347
1236196507
1195883168
26268323
1251308196
674001575
512536232
775308457
1219159724
1236196524
913324722
215734963
1219271859
775308466
1235389112
485877434
1240421051
699016891
667893437
242543295
1106340038
1236196550
913324742
899126481
1239720659
248805075
518783705
1234666205
361091296
241935073
241939682
878781667
1239875814
512453355
1227834603
1227805425
518783729
1214767347
232374001
252927218
354970358
512536310
354970360
409460985
26270458
213775099
235533060
512536326
1234664199
1239715086
242987791
878781712
1156874512
1236746001
224566546
1156874516
1343040278
1236746011
252928795
1214153505
1251276070
1225496362
699017003
1214767405
1107488562
1235389235
494892852
1202331443
242110263
229722425
343672121
263371072
242971969
226233152
242971971
343667012
263372101
1207557441
512539979
1241255758
242553687
513898840
1225211225
482712923
1234666331
1243605853
1225520477
512545117
305776481
899126627
1234666343
1202330984
1227834727
212990825
1156901232
242645877
490893178
913255809
26860417
512545156
696458629
899126662
913256842
1106483600
1236494739
213716373
26270108
1215966622
275972511
1202331553
215856033
699017138
485876148
275977141
1109502396
275956156
1229497788
512536000
1250188736
776295363
410079174
241674189
1215966670
409464781
1239338960
698805713
227022290
699018197
698805720
1236401628
232388068
305776612
746747878
1107639272
1202330601
224577514
1156874222
241936880
354970097
252924918
241942007
1107491321
1089043454
26124287