12
building=construction
200
410079232
1202330627
1226137093
215738886
1236745738
1239687178
355738128
26124313
275958810
263371807
1241255458
1106483749
367590437
485876774
483545130
1219271725
689392174
1236401711
242637875
242637878
1215919674
1243012669
512516671
242111559
512517194
367588427
699018316
1215944276
485876309
483545175
26131545
1243012702
483545184
275975265
232385122
488558181
244035691
1227805292
1235389035
1243093614
1236196472
226216057
697852025
1202330746
232364152
1241255549
1205795971
722797703
1194015369
241942667
288201868
667893388
494858383
1106536592
241942673
213798040
674001565
262730912
1250119329
1235091619
1143811748
480403621
699017894
242110124
1237236909
1106483886
242144944
1235091634
485877428
213786293
303185076
1236401850
242553535
275952326
1342429895
252925126
775308491
1235389136
1239875794
699016914
698827479
213790937
275952346
263372002
1283012835
1227805413
513899238
1219271911
262732005
494857447
263370987
1207233773
1290776305
213775102
699017471
1227805440
1089043710
242639106
699017985
242639108
699018498
213775107
485876484
1214691592
899126537
1235346186
1239715083
1089042701
515018513
26267410
1343040273
354972950
263371548
1239338781
1234666269
1234641696
1241069859
1234666276
224575272
1236401963
1142066988
1219186989
25268014
410114863
697310000
513898806
913256253
1143811903
697310018
245056836
1225211209
213745482
242110287
1290776400
1234666324
1236402004
224576340
913256282
224576354
1225211238
269592425
1106483562
695777135
212990833
1236402035
1225520503
1228194681
1343016829
913255809
275962242
1284291975
1207166353
1264340882
1207258006
355731863
355731865
1284094364
512517533
1228194718
269593506
1109164962
1236494757
275972517
26131878
490893222
515107243
1202331563
494856621
262732208
26270640
367585718
1225520566
1243859899
1154331585
410079171
913256388
1251308487
439351753
699016650
241674189
1243853262
1237265358
1226138065
1237265366
1236439511
1109165014
1237265369
1235815895
275956187
746747869
1207258082
1282849252
699018212
667878886
1202330601
1156874219
512536559
410079215
215738875
482697724
construction=*
200
1202331138
288201218
211406339
698809861
275958791
1089042443
1194015244
1229497871
1239687184
1089042961
1227805201
1236525588
264344605
354970144
1207258144
26269733
242553385
242644529
1215928883
1225470007
1239706680
776213565
1236439613
224604736
679787585
253986370
1194015298
490893382
1154331721
385738827
232367062
1214724178
1236565588
242172507
699018334
1235091550
1143811682
1219159653
1250119269
1229497959
1236565608
695845483
1106483820
1240053868
878781556
1250119291
365405820
492098553
1234666623
494857345
679754371
1236401798
1214711942
1244232847
518783633
699016855
1243093663
699016864
343676066
213274278
208960679
1239875760
1237236915
512536244
263557302
1244215482
242166460
1106896061
1089042620
1239266492
518783679
213786306
1154331844
1089043143
275952333
354969809
699018449
494857430
485876442
1236745946
1089043680
409464549
26268394
1260191988
1290776309
354970362
1236745979
1305967866
213775105
699018498
1202330883
1244232965
490890501
494858503
1237073162
242145547
1236196620
480403723
1106483470
1290782478
913256717
1250188049
25267978
1156874516
1234641684
1241184534
699017496
494911769
1234666266
303184668
305964318
263371552
1241069857
211440419
1236746020
483544870
241675559
494911785
1236401968
1205623092
253987637
512545079
242649911
1109164346
482712891
494859067
218631485
1226137408
208949058
252924738
213745477
262731080
1089042250
263371595
1109164362
1106483533
518783311
1239338834
212990803
241936729
1234667358
1234666337
211311467
697297261
211311470
210955635
512516468
26270597
242110342
1284291982
365410194
512540052
1229497753
213716379
361089952
232364961
485877154
880356769
1202330538
275979178
485877164
490893229
1156874156
1251308466
452617139
1282849205
1239338935
262732216
1202331578
301416381
1251308477
1215966653
241674181
512536006
1243859910
1219272141
485876176
1215966672
699018195
746747861
450544086
263371734
275956184
226224089
1239338968
226624472
226624476
1037436893
245549533
494370783
1243546592
776338394
354970086
1225520616
367603691
513899501
26270707
490809334
502400505
1243853306
landuse=construction
200
494856707
1215928836
245549576
361091081
229875726
231903249
213713938
410079254
1226138135
482697750
699017241
913324570
1106536473
482697756
410079258
1106704416
1226137123
880393252
1225469991
242961964
1202330671
1236565553
26267185
1194015284
1226136119
698815551
1242340932
1106483780
1229497927
1239706697
365409361
699017298
26124375
1156874328
914277467
275975263
1250119271
1251308135
1106341484
1109502573
494857326
1251308146
913324661
1225632375
1239256700
518783616
1236401794
226219139
878781583
698815631
1178983061
1237236888
213798040
1241255579
512536221
1106483870
215751328
1285024417
242168492
775308462
26264239
1237236912
699018417
1240421043
303185076
242144949
354970294
1236196541
354972861
1107607232
1227805376
1343035077
1225632454
275952328
485875918
1237236947
1235389139
1235275478
699017431
1229498071
1236196569
1106483929
213790937
357586650
354969820
1234663136
1235389165
697309934
242133229
1143824626
697309938
232374004
697309946
1305967866
1234666237
305964286
913324804
262732040
242110219
513898765
242987791
1239273746
480445203
224566547
1202330903
1239267608
1236401944
354972956
213721884
410114847
213775138
1236746021
1106483494
880373545
527351084
451954476
1156874542
699017721
1234641712
673845042
1241255730
699017524
305964341
253987638
1236401975
1237237048
480425785
305964343
1251276085
410196791
361091390
776295744
361091393
1207557441
245056837
301514055
224576329
1234666316
26270542
26270562
913255778
212990819
361089893
494856549
365412709
1106483557
689391978
1225632109
913324910
208954749
1251328387
1284092292
699018119
263371671
1236439449
275951514
689392028
262732189
1234641825
275979172
1234666420
1234641845
527351733
1225520567
513898935
243677113
485962172
1109502399
208913344
512516545
1237265348
1290769860
253472199
1234605514
1107639249
1251308502
1236439511
1234641880
1234658265
512516058
224568283
699018203
232367070
698805727
1237265378
699017699
913256932
698805732
1310125542
409463786
224568302
241936879
242169328
591663600
1106483701
699018229
242649080
913324537
1227805178
880393211
highway=construction
200
1214765572
913255943
254120462
1234624528
213713937
591663636
1239273492
1234624532
1236565526
515107349
914326549
365412377
243047959
367588380
1227829279
213736992
494857247
512536100
1109164068
262732326
242645544
697366570
1236401709
699018286
1227829294
776213552
242637876
1215919670
1238574135
1226138166
1234664504
1236525626
1214724154
1234664513
1215966786
1243477060
490809925
1214724166
1236745808
1286945876
512517207
367588441
275975258
698815577
913256031
494856801
1196724321
1290763874
512517222
244035693
1251308144
1250119283
1234664564
674001527
367576696
1214767226
1285024381
1243012737
26124417
354970251
1194015374
253421714
674001561
1089042586
1227805339
1178983068
1236196510
1236196516
242110118
776295082
243037355
494892716
1202330797
1244209834
494892722
354970304
1343035075
1207233732
1235389123
226540232
1195883211
354970315
1089042647
354970328
1236196569
242650338
1236439779
1234666212
1106483945
1234664170
26268394
512516334
1235389167
252927217
1225496309
229764855
515018488
490809084
242639100
1237138175
1214767362
1235346179
1106340111
1227805456
913256212
245056277
515018519
1343040279
1237091101
354972959
1250188069
1234613545
224566573
1234666301
703116605
357591359
490891069
269592387
1225496388
213721925
1251276099
1226137927
232348486
1331166024
697310024
1202331467
1236401995
262729031
1106483533
263371599
913324877
518783311
482712915
1226137946
512539995
512536412
1225520474
253986655
1234667359
673845089
235534691
263371621
1235389286
913324903
913255786
269592427
1244210027
211311470
211311471
242110319
697297263
513898865
695777147
1244208513
1331166083
512515977
494904720
211401620
880373656
343671198
913255839
253421472
1109164959
305776552
1142067116
504793516
1282849207
211384249
241674171
242966462
1243853247
263372224
1236439486
776338371
1109164999
1251308487
275956172
1106483660
263372236
227112404
1234658263
452617177
494904795
485876699
689391580
1243546590
1215928799
1202331105
1207258082
26270179
26270180
252924901
1239338982
494856678
224568302
367603695
1202330608
26124278
1106483707
1215928829
amenity=restaurant
200
215738881
502401028
513820171
880393229
410118162
494858771
502401043
1244225043
410079258
1226138139
263370780
480403997
211284519
242637868
26267185
914277430
1215966777
26124347
1202331198
512517182
1156874306
1202330691
1202330693
242642502
699018311
208971337
1207258189
1236745807
1109164624
365409361
1224442963
945709651
502400596
518783581
1243477088
699017829
1244226664
1227805292
262732396
494857326
699018349
697852025
410070651
490808958
1235091584
226219137
1251308162
244031616
1089042565
1226137735
241942665
679754379
512536204
1251308176
343670420
1239883929
1194015387
1224443042
1239709859
674001573
26262693
1106536616
1224443053
410115761
913324722
913324724
1194015415
699017400
211316919
242543291
305963708
1207233727
242144959
226540225
243037385
699016906
1227805390
450543314
913324756
679754453
1106896087
878781657
878781662
1236745958
1236196582
512516600
1235346152
518783721
518783722
722797804
1239875821
1236401898
1234664176
232374004
213777653
913324790
1234664183
913324788
354969850
899126523
245055744
1236745993
878781708
1239267597
1227805456
494892816
215856922
1343040287
1214767392
1234666273
26270501
1251276070
1214767403
213775148
699017005
485877037
242641196
241942832
673845037
242649906
1109164850
940346677
512545078
673845047
1236746041
913256249
512515897
263372089
262732090
218631486
224575296
1239308609
494858562
494904640
1089046857
343667018
213768522
482712911
1202331473
224576338
229722458
365406556
513898844
1214767455
1234667360
697297250
697297255
689391978
1234596204
518783859
546319734
1225520506
213733761
512545154
695777155
253420936
1207257999
1202331538
213781911
1202330522
1202331551
1202331552
1236494759
1234641832
1109164972
1282849199
262732209
1234641848
1215966650
410079163
367585726
699017663
1202331582
1236494786
913256387
241935301
1236525511
1214153673
241936841
244029898
1225451984
673845202
354970077
699018207
1251308512
452617187
1089042406
1207230443
1235329005
880393198
512517105
1342433267
1227805172
242963958
913255927
262729208
482697721
513820150
494892540
1037436927
amenity=cafe
200
1225520642
262729219
242640904
1224442890
1343692811
1227805196
518783510
695698968
1244225048
26270748
699018269
1089042972
242176541
1251308064
880393250
1194015270
1227829289
722797611
1227805237
1109502519
914277431
1089043001
776213561
776213567
1234664513
1229514305
1226138179
208977479
241942601
1236703825
1226136658
698841684
1285013079
1236525657
1236745817
213728863
242172511
776338529
1243012707
1178983012
1283040875
674001516
1109557871
1239272559
213748337
490893427
263371894
1234666618
253986941
1251308159
242637442
241942666
210977419
1239706765
262731411
263557271
1156874400
1236196513
698815651
218645671
512516776
1236745898
1106483883
218645677
215752878
226239151
1240421042
263371448
649706168
243037371
1259846845
913256127
1236745919
355733702
913256646
1229498057
1143811785
275952334
1089043663
494892242
515108563
513898710
1214767319
248805080
243037398
303185115
1106896095
275952354
1236745955
211328741
242543333
1236745959
1219271923
357586678
1235346167
26270459
1250188028
1236745983
354969856
1236745985
1234664195
1089046794
242145548
1226137358
1234666255
275951376
513898776
252928795
1234666269
878781729
1089043746
26270497
213775140
1239258404
483544873
1239714091
1234613553
480425783
224575291
494858562
1235389250
357591363
1214767430
480425799
512545096
262731080
213768527
1236401999
269592400
689391444
229722460
482712929
913324902
673845095
1205623142
232381802
1244210026
494856555
695777135
1134479217
1234641780
253420405
213733753
1239338874
305776507
235528574
1234666369
305776518
1225520522
1207166348
1089043856
305776529
913256339
490893716
880373652
218621335
213716375
485877145
275951515
211423644
699017118
1109164959
275972517
776295846
1239263146
1089042865
354970037
1239296437
243677112
213682107
452617148
1214676413
1251308478
687323075
490890693
1089042378
485876683
1107639246
1236401615
1238570960
409464786
515107794
698805717
361092064
264344546
1234624485
518783461
1202330599
242169319
1235802089
699018218
410079212
1236439534
1215966704
1214765556
242649079
410079224
1207258106
211404284
1342433277
amenity=fast_food
200
1202331138
253987334
512517127
1160266249
512517131
1239273483
1260170769
211308049
1241464338
288201234
1224442877
26270230
26270754
1234666534
242961959
1227805224
1251308073
26270759
1227829298
1089042484
1241255477
722797627
242111549
1224442944
1215966791
914277449
213728844
1236745807
914277457
1236703826
698841681
1215944279
1225632856
913256536
502400608
263370849
343670370
367588451
913256549
488558184
1089042541
1235389040
699017843
913256052
697852025
1109164667
1236696192
1310097030
253421709
1285024397
1236696207
1243012751
1237236882
698815638
913256088
1239883928
913256601
485961375
241669280
776295073
1106483703
1236196516
253472933
1239883939
512536232
242144940
262731948
1236745902
1109164208
494856882
242553532
1244225016
1227805384
615938761
354970315
1236439756
485961422
263371471
1235091666
485876442
275952351
242543329
695409892
1236525560
1235346159
242639101
1250188030
1109164291
1089042692
1089046790
1226137865
485963529
1239273743
26131736
1236746010
1342315802
490893598
213775135
275951392
213721892
1234666280
1244205864
502400810
241936683
1226136365
1219186989
354969909
1290776374
689391929
208949051
699017534
354969925
1251276104
1226136905
232348488
899126603
494858577
211283281
913256785
242199889
242135381
1250188117
1234641755
518783324
232375134
288226150
1234641769
1109164396
1239338861
211429234
1239897970
231912310
1225632633
699018618
1228172154
1214767482
1202331518
913324929
485876099
1284291971
485876105
26270091
243857805
913256846
211420558
1156874127
1225520533
1250335638
26270104
1234666392
1207166363
591663518
269593503
880356769
224597409
1202330542
229881780
899105205
1237265336
667884472
232383929
899105211
485962171
1156874172
275956158
673845183
513898943
1219272129
699018177
26261957
1224690118
913256903
699018183
241674189
275956174
275977165
485876176
288201169
26261965
1202330579
1274091477
26124248
494856665
494858204
512536033
1154331619
1234605542
263370731
226450926
1215966705
215738868
502401013
1214765558
242963958
880393208
512516085
1236525562
26270716
699017213
512536574
amenity=bank
200
699017218
1244225028
1314561030
215738889
512536075
1284088846
1236703760
1239257619
1236525589
512536085
231903260
1241460765
1251308060
1202330656
213281831
1224442921
242961963
1142067249
689392178
1215928886
229133368
213757502
1244209728
385738819
1236745797
242553429
26264151
1243093591
1243093593
354970205
365405791
26124384
1215966817
1225106015
26267235
914277476
699017320
1207221864
1241968746
488558191
1290763897
1251308158
1241968768
354970241
263370882
1244195971
1236401792
1236401798
1251308168
667893397
667893399
913256088
679754396
1243093661
1235389089
253472932
490893482
1227805357
242168496
939127473
227110578
490893488
213786292
242144944
1236148407
1194015415
1251308222
262728895
1343035073
1106483908
242543301
243037382
1089043143
1239706824
226540233
513899208
355733705
1342429900
1236439756
303185100
494857932
1241255632
450543314
1106896087
494857438
1236148447
361091295
242650338
480404194
485877474
262729442
226452715
1234663149
512536302
410117871
215736559
1237076722
1290776307
1237236980
1234666229
242543350
1239875831
242639093
242543351
343675645
518783230
275952383
697309951
1202330889
1236401931
1089042701
1250188050
1244205853
899126561
253475106
502400802
263371045
1236401957
776213802
1202331438
1234664239
880373553
365407025
1241069877
1235389243
226454332
1207557437
1234664253
1239338816
482712898
1244205892
512539973
1225520453
494857030
1229497669
26122059
480425804
1234666319
913256787
229722451
1250188121
243048282
242135389
354969949
699018593
212990826
880373618
262730101
262730102
689391993
1283045242
1284092283
263372156
696458620
26270078
1331166076
512545157
913256839
696458631
1207166345
1089042315
1239706507
1234641808
512515986
913256851
365410196
518783383
1236439449
1310773156
269593511
913256872
1234641835
26270128
1225632695
1225520568
488558017
512536001
1224690120
263372236
410079183
1251308502
305776599
485877211
1237265372
746747869
913255902
226624477
699017694
1089043428
1235802084
208672747
1342433259
1107537390
252924911
1202349041
1225632754
241936881
410079220
913255927
1342433275
amenity=pharmacy
200
1225452034
1215966724
695844358
1202349064
494857738
1284088844
914277392
1234624528
880393232
26270224
410079248
1232818712
26270746
1236525594
1215928863
1236703777
242708514
914277412
880393252
242134569
699018283
494370347
1225469998
1219272239
880393268
1215928891
880393282
1106483779
410309186
490809925
1108139591
410197577
669630537
385738828
945709648
1215944278
698841687
1250119261
1089042526
213728863
1225632352
263370849
1241968739
229727845
1241968742
698815594
1106536559
1215966834
698818675
1219271794
698818678
1239875703
253986937
224572030
699016831
1226137216
1205795970
1236401794
1236745860
1234666629
1202330756
1236745863
241942665
945711754
1214711948
490893452
224572047
1241255569
1229498002
253421714
242174101
1224443037
1239709856
1236745888
262728352
1236745898
1106340016
1235091633
1143811764
722797751
354972860
252925117
218645695
1106704582
1342429898
1237076694
409460952
410163930
1109164251
354970333
1234663134
357586655
1207233760
1250188001
1193997022
275952353
218650340
1237236971
226452720
512517361
518783216
518783222
1236745977
1234663164
494904575
242543362
354970371
1236745988
26131727
1241255696
26131735
1241255704
1290776346
226519839
1236746019
213750054
1089046823
513898793
275951402
518783273
913324841
527351084
25268009
673845040
226209075
1219186997
1154331957
263371064
1089043781
213745478
1214767429
226233158
211342667
1236401995
482712909
1235389265
1251276114
697310036
361091413
1234666327
1234667354
1243605856
288226145
1143824738
695777122
1244210022
253420395
1234641775
1109164915
490891130
1225520516
512516491
1207258000
253473172
1250335638
899109271
485877145
26131867
215856030
1202331552
1237056929
1284292006
1234641831
513898925
494892975
673845169
546319794
1236525492
776295861
1089043385
1282849212
494892989
687323075
1224690117
439351753
213742026
776295371
494892496
1109502419
1089042388
1154331607
699017689
1239721945
244026843
354970073
1202331102
26261982
699018207
410079204
232380908
361091565
518783470
485876720
1202331121
1243596785
1236565490
410079219
1342433269
213714423
1236703742
amenity=bar
200
1343692800
215742470
215742473
591663626
288201228
485966358
695844375
494904855
482697753
354970135
1202330652
245056542
367588383
275958816
263371297
485962282
1243587630
1225469998
485876275
242644534
913164343
1202330680
913255993
1215919672
1227805245
1194015295
452614208
1154331711
1214724162
1225470019
1241460807
697851977
439359565
1143811670
1236565590
1234666586
1236401755
213728865
699017314
699018340
1215966821
1178983012
1106341478
365405798
1250119276
913256556
242636399
1250319474
262728818
878781556
365405815
697852027
1165383804
263371388
1239706750
1251308160
241936520
1236196490
242110093
1236196495
1251308176
697852050
1229498006
1226136728
674001565
242110109
1251308191
1239883939
1239709860
699017894
1237236904
1251308201
1219159720
1244222634
242962089
1236148398
485877428
226540215
899126458
1241255619
485961414
262728906
913256139
242641610
878781642
354972875
355733710
1236196564
1237076693
218645719
513898715
1236745951
226452705
1236745955
515018469
1214767336
1227805417
1227805418
354969836
242639085
1234664174
512536303
776295152
1235389169
1236148462
1226137336
515018488
1236439805
697309949
1236745985
1237138178
1251357958
26122000
1225496341
1234666263
494856472
25267992
1108440350
242647840
776295719
1234641704
1089043751
697309994
1235389228
1219186989
365407022
410114863
494859058
365410103
1234666296
1244205879
263568186
1214741823
213721920
1236401985
1241255746
210613571
213745474
263371585
242111816
1234666316
482712909
697310035
1234667352
485876058
1236746076
253986655
1243605856
305776485
1236402021
242110312
1236494697
354969961
252927341
288226158
1226137455
263371640
243011965
1089043839
1207257986
242145162
26270603
1207258004
213781909
1106483609
26131867
213716381
485877151
878781347
913255860
263372224
1225520576
687323074
263372227
1215966656
512536005
305776582
241674184
899109322
269593552
512536016
1107639250
1251308498
232367062
699016665
1237049820
243857884
1236565470
485877220
667878885
878781416
1089125353
482697706
229856235
512536044
409463789
1225452014
1225520624
492098552
699017723
amenity=pub
200
1343692800
1215966724
1236745732
1202331141
1207258119
226220043
275958799
699017744
695844368
243047956
1089042965
1224442904
242708509
512536094
243047967
1156874270
1089042463
26270750
410079263
1227805220
1236439591
242134569
242645545
242637867
1236703787
1207221807
776213552
1229497905
1215966768
689392178
1236439599
776213561
242644537
699017787
1156874302
218617922
669630537
1202331211
1251308108
410309196
699018320
698841682
213758546
226210902
1226136662
1109557849
1241255514
1242340956
914277478
1236745831
1109164136
365409897
1286945900
1229497965
1219159666
213748343
1243012734
913256574
224572032
1244195971
698815625
1194015372
242110097
1224443033
1194015387
252920477
26262687
699017375
26268323
241937572
26262695
1236565671
215752877
1229498032
1089042612
775308471
1239875767
615938748
1229498047
699016896
1235389121
242974917
1342429899
1236439756
515108561
1226136787
213790931
1207584980
695409882
1143811805
1236196580
1106483945
262732012
1235389165
215736559
776295152
1225496307
494859006
1089043710
1214677760
1142066953
25267980
776295187
213775124
1229498132
213775129
26270491
502400796
1214767389
1235389214
1343040293
483544870
667873576
213721897
1234641718
1236746041
208949050
1156874553
1234641729
1202331458
1234666307
343667013
1109164362
262729034
774324556
242199885
1235389263
1089042257
1214767446
1207562584
913324888
1236402009
288226142
695777122
288226152
305776497
210955635
1214767479
1228172155
243011963
494892923
1228172159
1214767492
213279111
1229497738
913256339
545384341
26270614
355731862
253420951
1202331545
211423646
494858143
275951520
275979169
275972515
263372198
513898922
262731180
224576941
227113389
245549485
1109164979
513898937
1089042366
512516030
367585728
410079168
1243859904
687323073
913256387
1251308490
241945038
1225451986
410079188
1236439512
1225632216
673845210
452617179
1234630619
1251308509
275956190
232370653
1234658265
1229497827
1207258085
1156874215
1236401640
410079210
1106536429
224568302
241936880
494892528
512516083
1156874229
1225452023
699017722
699018235
410079228
1251308541
landuse=commercial
200
1207258118
1239706631
512516615
1160266249
275958792
275958795
1236439563
26124301
1236439560
213713938
1239273491
914277396
512517139
1251308059
1202330654
1156874271
1236703779
699018280
213728809
229119023
1089042481
26267189
26270775
1156874298
494893120
485961285
518783558
241942601
1239706699
1225470030
512516687
1343692880
1225106000
1214724177
669630547
218616915
1250119253
1143811672
913256538
1241255514
1226138204
1243477085
1225106015
1286945888
410070627
1236196453
1236745832
488558186
1215966832
1194015344
26267248
439359606
226219128
1239706746
1250119292
367576700
1229497981
410070655
591663614
1243093639
367576718
241942677
485876375
697852058
1236696222
1225632927
253472416
1239706783
215751328
913324707
242168486
275952298
485877419
243037356
485877424
512536241
357588665
940341945
253477563
1154331840
1225632448
1239875779
775308491
1207584973
899126480
1250119383
275952346
1239706844
210610909
1236196579
263372006
494858987
1250188012
513899247
1250188021
254113017
1235346175
699017471
699017985
26267394
1237138179
305964288
1236196616
913256718
1244205838
1343040273
1089046801
1243590417
26267412
485965587
502400790
1290776343
699017496
343675673
211374363
1236746014
1239338783
1207265572
229722408
1109164841
527351082
213775147
1239338793
1106340143
480403762
1156874548
242649909
527351094
689392439
354970424
1142067002
1234641723
213750077
357591360
1214767426
361090887
242111816
262729033
1235389258
945708364
262732109
224576333
242554190
482712914
1236746066
343676754
913256282
913256802
1214670180
1234666340
776213866
689391979
914327410
1239338867
242708344
229722488
490893178
518783354
1214693758
913255806
515107712
494858628
1207257988
1207234952
699017611
512545163
242110356
275972511
275979168
931819941
275972520
244031912
1207258032
275977137
241674163
480403895
243677112
1142067127
1219272129
913255875
275977156
241935301
242553288
1089125321
1089125322
1244216782
1243853269
1215928798
1225520615
1156874216
1235329002
591663595
410079210
518783471
699017206
880393207
26124282
1215966717
512536574
1160266239