20
railway=subway
200
1342433281
1215928834
1225452037
1310125573
275958791
354970123
229875726
1207258128
878781457
1215928852
26124309
1106483735
1229497880
243047966
1243012642
275958818
1089042468
494858276
485876774
242961956
262732327
365411881
275958827
1234664493
914277426
1236525618
1283040822
1244225084
1244225085
231896127
1215919680
213757505
26267202
699018308
494857285
1236439622
1229497927
699018311
213728843
722797645
231896144
1215919700
776338517
252931671
699018328
26264153
914277467
1241968731
699017314
1089042532
913164391
722797673
1349242474
1089042541
232346737
1154331763
367576695
1215966846
698815616
1236745863
1236745864
1237236871
1250119304
1250119312
26124436
242553493
361090709
211427480
1226137754
253472411
226239140
242168485
699018411
899126444
775308461
485876398
227110575
263370925
275952300
243037356
1236196537
211316924
252925118
253471424
674001602
679754444
303185101
1106483923
226579165
679754461
1236196575
615938783
699018465
242110175
1106340067
515018468
515018472
512516842
1237076714
1236148460
485877486
512517361
689391858
1241184500
1241184507
494343931
899126527
242543367
1241184520
699017996
1234666253
1236401932
1214691597
512517392
275951376
1109164307
1343040277
494859029
1109164311
275951385
242110241
226519841
1250188067
1106483494
1234664230
1236746024
263371563
527351084
1214741805
515107120
242110258
483544884
490809143
365410103
485961529
1244205882
1239338809
226454331
703116606
213721924
226233163
913256782
502400846
365407056
1241255761
1239706621
241936722
343676754
262730069
243048278
243048281
242135386
1225520474
244045148
262729213
1236439394
512516452
210955622
494892902
1106483559
1228172153
699018620
485965699
591663493
1234666375
502400904
880373643
880373646
213716371
1234653593
518783385
218621341
1207258013
1234641822
361089952
1154332067
1228194724
1239275943
513898922
1106483631
494904752
1239296440
1234666429
241935298
244029906
1282849235
450544084
450544086
1207549401
26270681
1226137567
1202330596
1202349033
263371753
232388077
513899504
1243853304
1214765562
913256957
1089125375
railway=subway_entrance
200
698823683
1225452035
1215966725
1207258118
1251308553
243777036
213728783
1236401680
880393232
226220047
1239273488
367588372
1224683541
26124310
494904855
485877270
699016730
367603739
1227805213
365412385
410079266
699017251
263370791
913164332
512536110
1234666545
722797620
1202330680
1236401723
1215928891
242111549
1194015297
229406785
1108139588
1234664521
1239706697
1207604814
1236401745
1215919698
365409364
213757524
242172509
699018334
1204081757
275975265
1251308132
1290763878
1178983015
1229497961
1237053037
1224442991
494892146
1202330740
1226137727
1236401792
1106483843
1237236871
1310097032
1236401805
913256081
1195883156
226634399
1244222623
213798050
667893430
776295094
699017913
502400700
242166461
674001597
667893438
1106704574
518783681
218645697
494892746
1106340043
1235091661
1285024462
679754453
275952342
1234594519
1178983128
1237236955
361091296
913324768
354972896
361091299
409460964
357586658
241935078
722797801
450543342
502400753
513898739
1236745975
1195158775
1234664187
244049659
515018493
1241184507
354969857
1214677762
1214677766
494892809
1219271945
1234622730
1236401931
361091341
1214767371
512516877
1226135825
899126545
513898776
490891034
1226136348
494904608
242110241
410114851
490809124
213775142
1234666279
742427431
527351080
697291561
1214767402
1202331442
263371574
512545083
224575297
1214767429
512515921
1243363155
243048275
1225632601
1154331995
512536412
242110299
243048285
1214767456
1239875940
1226137958
697297255
305964393
1239338859
226254705
1234666354
1205623157
512517495
208954749
591663486
1226135936
213271936
1109502340
1226137991
1214767495
212974988
1300585358
253473172
667893654
880373657
913255838
1229497765
1234641832
1284094378
1243859882
1251308466
1234641843
1239706547
1202331066
263371707
1109502403
410079172
1283019717
1215966660
1234658245
667876808
1238570953
269593544
26270155
1109164493
1234624461
1237265359
698805713
485878231
673845212
410079198
1225632225
1310125540
485877225
1207258091
746747885
232388077
494892528
699018225
226450930
913164275
1342433270
1236525559
1106536442
699017215
subway=*
200
699017218
365405187
231903235
1234624517
275958792
343670795
410163216
1089043479
494857752
1234666521
494893083
211387931
1219272221
1251308061
1244225057
1241460772
1236745765
242961958
367603752
512516655
1243012655
242644529
1236401715
512517175
1107643961
1241460794
1202331194
1219272255
1236439616
1225470023
699017799
1236745801
26262601
699018316
367588430
512536143
343668305
367588436
1236196442
1250119259
1215944285
1204081757
494892639
1194015331
494893156
275975269
1236196458
241942127
722797680
1154331760
1227805298
698818675
490893425
1241968762
699018362
1224443004
1234664580
674001548
494370447
913324690
213798037
1226136728
1237236888
480403609
699017371
913256604
253472414
1106483870
512516254
1236196512
1239706786
215751328
502400676
1300547750
1194015399
243037351
512536233
494857389
1236696238
1154331825
1251308210
1237236914
485877439
1244222656
1106704582
1236703742
1235091658
1237236939
275952337
1236439762
242543315
1193997018
410163930
518783708
213790943
1214741727
1226136801
303185120
1235389157
776295142
211328743
513899238
512517354
1106483947
410117872
880373489
1241184498
1305967865
409460987
305964286
354972929
480403716
365407498
913324812
1239267597
1237076751
1202349054
243890968
1234664216
1202330904
275951389
245055774
742427429
354969901
242140975
1089046834
1229497653
226454332
527351102
263568191
494892351
689392447
490890572
232381780
1228194645
518783320
305776472
1236402010
699018588
253986654
354969954
880373607
1236746089
252927339
513898859
305776494
490893683
513898873
945710457
1226137980
288226172
504793471
1142067086
490893712
218621337
1143824793
235529628
211423646
275979170
1239338918
26131879
275972518
245548970
242965935
229881777
1225520563
275977140
480403895
512517049
1202330554
512516537
513898938
1236439488
1236525506
545384387
1243859908
26270663
226624457
1234641868
288201167
1236565458
699018197
232367063
1156874200
1249888729
1282849240
878781403
1237049826
1107639267
26270179
482697700
699018214
263371749
1214765552
1251308530
1243853299
1236401653
1104772600
880393214
502401023
station=subway
200
1143811585
1215966723
880393224
913256971
1225520652
1236401679
689391120
1168209936
913164306
512517139
1236703759
485876754
1089042452
1244225039
512536083
914277401
482697754
1194015259
482697756
26124320
242961964
1207221807
483545140
26270772
1194015287
253986363
26270781
1143811652
494857285
410309190
914277453
1236565583
26124368
945710671
241942544
502400596
1215944280
1232769628
1234664540
226210910
410070621
367575136
913164388
1290763880
343676521
1251308138
1106483817
1215966829
242636397
722797680
1224442992
1235389044
1229514356
263371384
232364152
490893432
365405823
1243093631
1237236864
242637442
242637443
26269320
512536202
241936010
241942667
1214711948
494370447
698815632
699017872
1156874389
242110107
263543454
1089043103
1236696224
26268324
913256107
263371436
1282996399
26262704
494856879
1236196530
515107506
494856883
1236439728
1251308212
242166457
303185081
213786300
1109164221
1244222657
699017921
1236745923
1239706828
1236439759
698827475
243891924
243037397
1106483926
1229498071
1236401876
1250119380
1250119386
242543323
1234666208
1235389153
1106483942
513898732
697309934
410115824
242639093
1214732533
1234666231
699017977
490891001
1236196601
1214741762
1234839816
1237073163
1239715085
1227805454
1251357968
776213776
1239338768
1234664214
1106483484
213775136
494911777
1237237027
263568165
242553126
494904617
275951401
697309993
263568172
410114864
494892852
365410103
1237237048
1236746043
512539966
1244205889
1214767428
262729030
480425799
1251276104
301514057
1229497675
1236401996
262732110
1235389265
699017043
241936724
263372123
244045148
512545118
242553696
699018086
506720617
212990828
252927340
1236494707
1234641780
1234666361
253420927
1154332040
213781902
490891151
242992017
213716374
1234666392
512515999
211368361
245548974
1089043385
1224690114
439351748
26261957
1109164997
1089042375
512536009
494858704
1282849232
26261971
1207226838
1089042391
26270169
26270683
1202330590
746747872
699017696
1037436899
913256419
512536038
1224690150
512536039
263370733
1236565492
502401013
262729208
1037436927
public_transport=platform
200
1225520641
518783490
226450947
1251308548
1207258117
1215928838
878781444
494856713
482697737
410079244
513820174
913255957
512517656
243047965
1109502498
330378787
275958819
1207258149
275958821
242637867
1207258159
480404016
1225470001
1239269426
776213556
1207221813
26267190
211376184
242978881
679787587
494858307
1234664520
232362057
698841674
1215966793
439359565
242554445
208971344
515107411
226210908
1235091550
546357343
699018334
343672930
232385125
913324647
494857320
722797673
410070634
494858348
1239681133
1214767212
365405809
26124402
1225632883
1236439670
232364152
1290763903
722797701
1227805319
1290763911
1243093642
288201871
699017872
1214711953
913256081
1251308182
242174105
1239709850
1143811737
699017887
1236696224
1224443042
213274278
242168488
674001576
1244209835
1089043632
878781619
1259846841
1214767289
1236745913
1343035068
1159166656
1236401860
229108939
1236745932
252925134
699018449
1235389139
679754451
242968791
490893528
354969820
242170598
213814505
1227834603
410117868
1235346159
244049649
1237076727
1089043198
1234664193
1219271945
354972937
1251357962
1236196620
354972941
305964303
213721873
1234664210
213775126
26131734
1343040280
494911773
1237091102
1156874528
1089046820
1250188071
1343040295
1234641706
1202330924
26270516
913255750
490891079
697310024
899126601
1229497675
945708364
913324877
1241195341
224576335
212990812
490893661
305964382
1243363164
343666525
1214664544
212990820
1182649704
1236746088
1226135920
689391474
1109164402
1234596213
1236402038
319291767
696458615
1228172155
1228172164
242145160
1251328393
1202331529
242987402
232344969
229109136
1228194709
1207166363
480403871
913256864
275951522
1237056931
1207258021
245548972
913256876
1251308462
1215966636
242975155
1234641845
241942968
1107639229
913256894
243857855
1243859904
1202331584
241674179
1235815880
667876808
26261960
1224690122
490890702
26270674
1237049811
232388054
1207226838
262729688
1234641881
1244226523
26270683
410079199
1234624482
913255909
482697703
232380906
305776627
1342433268
263370739
1107491318
1310125560
1225520636
railway=station
200
1224442880
242649089
275958788
26270220
215742478
689392142
226257423
1109502478
26124306
264344595
1089125400
878781464
1241460766
1214765599
213281822
288201252
226220069
211284519
354970154
26267181
1089125422
1243587633
1251308082
229113912
913164347
1244209726
914277438
1207258176
1232769601
494857792
914277443
699017279
1089042505
494893129
1207604814
1236745807
232385106
1236196435
899109460
776338517
367588436
698815575
213757528
1225470041
1219272280
242172503
1236196444
1241255517
914277471
365411425
1143811682
1243477091
1156874337
365405797
878781537
245056615
26267242
1236745840
1194015356
354970236
1243012744
1195883151
1236696207
242110097
1194015387
1202330782
512516259
699016874
1282996396
679754415
494370488
1207584953
774362811
252925116
241937596
1239875774
1236745919
494370497
242974914
226540225
490893509
1227805395
1236196564
1207233749
1234663125
1225632980
243037404
1237076700
699018463
1226137311
698827489
695409890
210610915
512516328
899126505
699018478
913256178
263370995
518783225
263371525
518783751
1234613513
1234641676
1241069837
1234664206
354972945
275951382
1089046808
1202331417
776295708
899126559
878781729
480445219
263568165
25268009
699018540
262729517
365407022
26270508
699017520
1234641712
1219186989
1234666291
1237237037
213750073
512545083
1234666300
354969917
1214741823
263568191
231906115
263372105
1236494666
232348491
1229497675
1202330963
1205623123
515107158
1241255766
224576344
242553687
1236746079
494858081
410199906
269592419
232381797
288226158
1156901234
231912306
1225520504
1109502335
699017605
591663493
213279111
696458631
1234666381
1207257999
699018640
1226136463
26270607
512516502
1207166359
494370714
211423643
26270110
494904738
26270119
253420971
211384248
699017658
913256890
1089042431
667884477
1202331075
913256388
1251308486
1089125322
1235815883
504793546
1107639246
275956175
1215966672
1236439512
913255897
699017689
1234605536
229129697
485876710
1236525543
878781416
1202349033
232380903
305776620
409463791
913256433
1107491317
1342433269
305776633
1106483706
502401023
building=train_station
200
275958786
1154331652
1234624516
913256454
1310125575
1224442888
1227805189
26124299
502400525
229875727
1236401681
1229497874
512536085
494858262
1215928853
1202331158
1226138135
262728223
698805792
1229497894
242134567
1202330662
1106483753
502401066
1160266281
1251308073
1241460783
480404020
1089042998
1202330683
241936444
1236703805
1143824446
410309183
1202331205
776296010
1106483787
1252333133
776294991
698841679
1089043541
226210906
367575131
1229514334
367575138
26267235
275975271
1202330729
26124394
1286945900
1250119277
546357357
488558191
1202330735
1243093614
699017843
1243012728
1236745849
1227805310
244053119
1236401795
494858887
241936010
1219272333
1089042577
1089042582
667893398
699017371
1239706783
1107640479
1236745888
242114210
1235389087
215751334
1244209831
243037355
263371951
1207584944
913324727
357588663
1244222652
1236401854
226540222
1202330820
354972868
1194015428
1239875784
1241255632
490890968
494857945
1109164250
1202330845
485876445
1225496289
357586658
1236196578
354970341
1244205806
213790959
697309941
409460981
518783735
305964278
243010298
494343931
776213760
229113088
242639107
485876484
776295177
480403723
512517387
1343040280
1250188057
1241184541
242110241
1342433274
490809124
26122020
880373543
26270507
1205623086
512545074
1236401973
527351094
1205623095
218631480
699017527
242649911
513898813
1202330942
269592383
213745472
1205623103
1089042751
1202331461
26270536
1202330440
245549384
480425804
1235389260
242135381
213265750
490890581
1229497690
243048283
1109164893
490891103
485967201
1202330467
512536421
1225520488
365407594
1225520491
506720628
210955636
1229497719
1234596217
490891130
1251328379
699018107
913255809
244027269
1228194694
208954758
242110348
1202331548
518783392
26131878
1236494760
1202330543
232364975
1234666418
1237265331
1202331572
1237265336
1224690108
1243350465
1226138058
1207549388
452617165
1229497807
1207485906
357590487
1089125335
699018201
673845212
1243853278
1139460062
229129697
1226136037
218636266
26124269
288201198
242169328
26124272
26124273
1229497840
288201204
1243853306
highway=bus_stop
200
518783490
1227834370
1251308548
226450947
1194015239
229875720
241936392
262729226
1160266239
1109502476
1202331149
1194015244
878781454
1239875602
1202330649
699016730
26270747
365412380
1109502492
880393246
699017246
899109405
1227805214
1234666524
226220067
1229497894
213728808
1236703793
26267187
502401076
1229497909
1215928886
485961279
213757504
245549634
253986370
241942596
1243093574
1234664520
1236745801
1236525642
776338511
502400596
1229497941
945709658
490893411
1227805290
483545194
698815597
1106536560
1226136176
253986934
1239272567
698818678
1225632891
494857852
1219159678
410070664
1250119305
1214767245
1235389070
1290763925
667893398
913256088
1251308189
1236401826
1214767267
1236745892
674001576
485877419
242168492
1225632427
1241255601
512536241
913324722
242144952
354972857
1237236923
218645694
1239875774
1239706816
674001601
354972868
485961415
515108556
699016908
913256653
241670352
242110161
354969812
1106896090
1156874459
1214767324
354969821
1235346142
1239691486
275952351
1239706851
1250188006
275952359
1234666216
211328747
1236148462
254113009
1143824626
1225632499
409460980
512517365
242639096
319277304
1236196610
26131724
1229498132
1250188065
689391906
667873571
697309986
1207265576
211383595
1156874541
699017520
1089046835
1202330931
1234666294
512545081
1109164858
213721915
527351102
1241255746
480425795
262729032
213721929
226250056
482712905
1241195342
506720591
231906128
243048275
361091413
1236494678
1202331478
410199898
1214767452
232381799
512515944
506720617
494858604
1236402029
1234641774
1089042799
211311471
1244220273
913256309
1228194682
1156874116
699017095
242110345
275979147
242992019
224544663
1225520536
1300585368
518783383
1234653595
262732188
1229497757
361089953
699018146
485876643
1284094373
1239263144
839229357
490893229
1251308461
1207258033
1225520561
899105208
1234641850
699018174
1239717312
1250188736
241674179
1202330565
1282849224
1109165003
241942009
1215966671
699017681
722797528
354970075
899109340
305776610
1089042403
1229497827
518783474
354970105
482697722
689391099
492098557
1214765567
bus=*
200
26270720
26124292
227022862
513820177
213713939
1214153748
880393239
1244225047
26124311
722797597
243047966
26124322
485876260
365411877
1224442918
1236703784
485876778
913164330
494892078
1236745776
1241460787
26270774
913324599
1243587639
26124345
1234666554
263371324
263371329
385738819
880393284
1109502532
367588424
451954249
880393289
232362057
485961294
1234664528
367588436
913324639
722797668
699017831
1235389037
722797678
1243093621
1241968768
1214711942
1239883911
213748361
945711756
913256086
1285024408
1250119323
698815645
699017889
213798050
226239137
1236196516
722797735
215751338
515107500
1251308205
513898682
1237236923
1236401854
354970304
242641600
1251308225
494892741
213786310
1236745928
275952328
1236401866
1236196554
1089042632
699018447
213790939
1106483933
698827485
1106483937
1236745953
615938791
1235389162
1236196587
1283012844
1290776301
1237236974
494892783
699018478
699016944
244049649
699018484
1109164277
1241184504
213775099
305964286
1235389182
1241184512
1207562497
242543362
1250188030
1214767364
913256709
1237138182
215729928
1226137865
1239273739
1234622733
485965582
697309969
1156874514
26122005
26122008
213721881
210962203
494858526
697291562
1251276075
913324844
673845035
697309996
451954478
1234664243
208949049
512545082
1219271997
1236401982
354969917
262732097
494858562
1214767427
1244205893
880373580
699018061
482712916
213768536
243777881
242110299
1205623136
494859104
1234666337
252927331
269592419
354969959
1207562601
1236746093
242963311
1089043823
1228194682
243011965
1241255809
1226135939
242110341
1207234955
1207257996
545384334
1234641808
218621330
1239338900
699017626
1310773156
1229497765
269593517
480403888
839229360
1202331573
1290769849
1109164988
1251308476
253987263
1225451969
776338371
1225451971
242970054
275956169
1238570954
1234641867
1244216782
699017169
1234641875
226224089
1207258077
1243546589
512516575
232388063
667878885
673845222
410079207
1234630632
1251308528
231894000
512516594
242649074
880393205
354970102
1154331639
699017720
1109164537
211439610
367603708
1225520637
route=bus
200
1202349057
1089043458
211309060
241936394
1089042443
1226138126
262729743
1239263762
1241464342
1154331671
1244225048
275958807
263371802
211387931
26270745
1215966749
1236745758
1106483743
26270753
518783523
1227805220
880393252
1234666534
1202330667
1234664493
229119023
242637883
241936443
245549630
485876287
245549632
241942592
1194015295
367588415
674001476
26270788
1219272255
410197580
1241460813
1236745808
1234664529
232368213
262728278
1215966808
1242340958
1207489118
26267240
698815596
1224442992
1227834481
26124403
26267251
1229514356
913324661
1225632375
1229497975
913256568
1226137210
1194015356
1219272317
913256067
1236401796
242174086
1243477127
1215966857
1236696203
512536205
1214767251
242553493
1236439704
698815648
1239883940
1237236901
1235389099
913324716
263371436
699017391
242110129
354970294
494892728
1241255617
253477570
354972870
409462983
1235091656
1342429894
1342429900
1214767315
241935073
518783714
241935076
262732006
490809065
697309930
494858987
275952367
1236745968
1202330868
1237076726
1156874493
1235346174
512517377
1156874501
1234622727
252927240
480403721
518783246
1343040271
1234666259
26270485
26267414
1241184539
1229498139
1234613532
1156874526
1214767388
1227805470
485961500
1241184540
26270499
226209060
1241255715
1236401961
1225496365
1244205879
354969915
262732091
354970430
242971967
1106483518
365407041
263568193
482712899
305964353
218631493
213745475
361090887
262729031
945708361
1225520454
699018061
512536404
26269013
1290776407
26270560
673845095
1089042791
512545130
1202330475
263371631
490893680
1225520498
1251308535
1156901237
699018107
305776507
490893691
275962242
216283015
1207239566
1106483600
1264340882
242992020
1207166369
494904738
253420962
229118373
1243859882
1109164460
591663533
1154332078
1219272113
494892466
1202331569
1225632689
262732210
1239296440
1290769849
1202331582
227038142
1243859909
699017159
1243853255
275956175
357590485
354970073
1243853279
673845216
512516068
252924902
1089042406
241937897
1107639277
1109502450
215738868
1202330612
1215966710
502400503
488558072
698809855
amenity=bus_station
200
253479425
699017218
262729219
1236703749
913255943
1207258121
1224683530
410079244
1106508820
1229497878
699018265
899109408
722797601
1244225059
410079271
1232769618
26267182
1225470005
242649087
698815551
913324608
1207258176
913324610
1106536515
1215919679
488558072
722797642
1236525642
1106483789
699018318
1236196430
1239706704
515108434
1089043539
365409364
899109460
1243093590
1109502551
243048024
1089043545
776295001
698815576
275975255
1106536540
1250119262
211327586
1234664547
699018341
1194015334
699017324
1214767212
1286945904
546357365
365405817
354970235
354970243
235241091
699018373
699018380
1194015373
1236196495
1239883923
1236401820
1237236895
226634401
26268323
485875879
242168492
1239875758
1236196528
1236196529
227110577
774362802
1237236914
1109164729
699017402
1251308219
1250119356
699017920
494858947
1236196550
913256137
1315235020
490893518
263370958
1106286802
1227805398
1226136791
1106896086
1143811801
1106340057
1089043164
1239720668
243891939
698827492
213790950
242110184
357586668
242639084
1106340078
357586670
1226137328
242133228
252927218
513899247
1236439792
1235389171
1226136318
1343040266
515107084
1244205838
699018000
1234839826
224566546
1236401945
275962143
1236746017
899126561
673845030
410114856
25268010
1089046828
242110254
515107120
1343040307
1225632566
1202330934
945710397
1250188095
1239308610
513898824
1106483530
1236494667
26270540
1143811918
1205623123
494858583
1106483548
482712925
1214724178
232381794
1228194665
490890607
1283045232
880373618
1202330484
512516468
227107700
490891130
1226137979
1226135939
1284092293
275979141
494892536
945710472
699018635
696458635
1236494733
213270929
26270610
26131861
213716374
494892438
485877145
26131865
26270618
1284291997
1202331564
1282849202
1202331573
1236439479
275956151
880393208
1236439482
673845183
687323074
26261956
1089042885
1243596742
899126728
490809293
232367060
1089042391
1207258078
746747870
673845216
502400998
485876710
1239338982
699016681
485876718
488558064
482697715
1089125364
229122037
1227805176
264344569
1225452027
494856700
1342433279
train=*
200
1236525569
26124294
1234666504
1236745737
699017226
343670795
1207258124
591663624
231903242
1225469967
1236745743
1226136080
699017230
512536085
880393240
244035610
1237079579
913256476
1236525594
1089125407
1215928868
1236565548
1234666540
1234666544
245058610
1236703794
699018291
485876281
512516666
1229514305
1226138178
1226138179
26267201
226616389
26267205
1290763848
494857289
242554444
1154331730
1241968723
1236196435
776296018
26124375
1236439640
242172505
1207221850
1215944283
667874908
343672932
244035690
914277483
26267244
913164400
1214767218
698818675
410070645
913256566
224572028
26124415
1251308163
1235091587
1089042565
241936006
1236745860
365412997
512516237
253471886
913324688
899126417
1224443025
1236696211
480403603
1235389076
1250119318
211427482
494858914
698815651
226239143
1235091634
253477558
1089043640
1214767292
775308477
1237236926
1227805372
1236439745
355733700
1237236933
512517325
354970325
275952346
698827482
1237076701
695409886
1106896094
1225496285
1237076712
913324779
1236439792
357586673
1235389170
357586676
1235389174
1226135798
1234664186
913324802
1214732547
1251357954
1290782475
1236196620
1234664204
1244205840
244029712
1290782481
213721875
1241069844
25267989
494892310
1237073175
1251357976
275951389
1214767390
697291557
1234641702
1237073191
913324841
1106536444
213721902
880373553
263371569
1235389235
1239338805
1154331958
494859063
1239338807
527351094
242110271
945710400
1234664255
513898818
697310018
1106483524
482712907
242554190
1236401999
699018067
26270552
1290776410
506720605
1236746086
1205623142
490809192
1228194665
1234666348
288226158
1234641775
1244220272
226217843
591663476
482712948
1236402035
1225520506
1284092283
1234596221
512545152
485965698
275979140
305776523
494904720
213716371
839229335
1215966621
485876126
253421472
1243859877
242978730
1236439472
513898930
1234666420
512516533
1107639223
485876664
1236439486
1215966670
1237265362
1089042387
1282849237
224568283
226624477
698805728
1236401632
945703393
482697701
1251308519
226450926
241936881
26270708
213714423
262731772
698831359
bicycle=*
200
913256449
26124289
1343692804
1207258118
1236703754
1194015243
242640908
241936395
1219272208
1241464337
482697744
243047955
262729236
1236745748
1207258128
262729237
485877272
699017241
1244225053
1089042976
1241460772
1202330662
689391660
722797620
512516661
776295480
1214724155
1194015293
232363585
1225470018
1290763845
1283040838
679787589
485961288
494856783
1236196431
213728850
1251308114
776213587
1236745813
1215966805
698841687
776338529
1236745825
1286945898
1236565613
1109164141
1235389038
494893165
1219159666
674001523
1224442996
1239706744
1243477113
699018363
1225106045
253986942
1250119297
1239875713
1235389062
1236565639
224572039
667893386
1239706765
1243093646
365407377
1227805333
1236196501
699017371
1236148379
699017375
1236696224
1239709859
490893478
1224443047
301414055
1202330797
1227805360
485877428
776213686
1214667963
1237236924
242166461
1236439742
1214767293
940341949
494858947
1214741701
1236148424
1239875788
343676621
213790928
243037395
1207489236
1250119383
1236196576
698827490
1207584996
1244205798
1235389160
1154331880
490809065
1235389161
1236196588
1235346153
1236745966
1241255667
512536312
1214732537
1106340089
410147579
1236745983
275952384
1236439808
1236745990
213775118
1106340112
699016976
275951382
1236746006
319277334
490893594
1205623072
241936673
513898784
485876516
263371045
241942820
1202331433
263568175
1214741809
1241255733
913256759
689391417
242649915
494856518
224575304
513898832
1236402004
485876054
1143824727
305964376
232381783
1109164386
253986659
880373604
1228194661
1236746086
224598890
1284291953
26270579
512540025
254112124
1228172157
1214693758
699017597
1228172161
1239338886
1251328393
242990478
305776531
880373652
253420951
1234641822
1207166367
1251308459
1234666414
242965935
361090479
229881780
1284292021
1202331581
241942974
480403903
1154332098
512536005
275956171
1236401657
1234624464
746747861
1234624470
26261975
224568279
26124249
1156874203
1236439515
1226136545
264344547
1089042916
232388070
1251308519
1215928807
1243596777
1207230443
485876718
1251308531
1202349044
1251308535
263371768
1107639289
amenity=bicycle_parking
200
880393216
913256449
502401026
26124289
913256448
1089042437
242649094
1251308552
913324553
243047957
26270229
1154331671
689392154
699018269
1227829277
1156874271
245056542
914277411
262732334
494892078
409464882
253986356
1227805243
699018308
1225470021
1108139591
1229497927
241942601
354970184
699017800
385738828
512453191
485876807
945709642
1236401744
385738833
229406798
231896147
1236703824
1194015317
1215944278
1343692886
242978389
1243093593
1244214889
343672937
1207221865
242999917
1178983023
1243012720
262728817
26267250
698818675
1232769656
722797691
1202330748
1236696189
1236401790
1237236864
776338563
1224443011
679754371
1219159689
235241098
288201868
1239706765
1243093644
1219146386
699018390
512536218
1239875743
1236696224
213798052
480403621
775308456
1178983082
1300547755
242168492
1227805355
913256110
1236148398
1251308212
1236745910
275952311
518783671
722797760
1239266497
1343035073
1156874437
913324741
1237236938
1235091661
241670349
354969809
242110169
1234660575
409464549
409460967
1156874473
1234666218
1154331883
878781673
722797804
1283012852
26267385
1109164293
490890501
1156874505
1237138185
365407497
1226137358
1227805455
1234839827
1143811863
213775133
1106483486
913256735
1227805469
899126562
1236746020
213721892
244052774
242110248
697291562
1244205868
224575278
1193996595
354970424
512545081
1214670138
1290776378
213721915
913324861
1154331967
269592384
224575296
269592387
945708358
512545096
945708360
211342667
213721934
229117263
1207562574
305964369
699018067
1202330455
26270552
1089043295
244047201
253986658
305776481
1236402020
1229497715
1109164921
254112124
1244208513
913324929
253420939
1207257996
275979149
262732174
305776524
1202331535
1234641810
213781909
1207166362
880356763
1234641818
361089953
1134479268
776338345
232364971
245548973
1236494767
1109164983
301416378
1219272129
242970053
367585734
275956167
1104772600
26261963
563094989
305776590
263370701
1106787795
1237265363
1274091477
1244226523
494858204
482697696
945703393
1107639268
1089042922
410079213
1215966703
1214765556
494893048
26270714
bicycle_parking=*
200
1089125376
1227805185
1239706630
513899529
367590411
1109502476
1239273486
241942543
1168209936
485876751
699018260
1236703765
485966358
1237060629
502401050
689392154
1227829277
1237079585
264344611
1229497894
365411880
275958827
1243586092
515107376
698805809
242637873
367588400
1226138166
940347966
679787585
1215966789
385738824
1089042504
697851983
241938000
253421137
263370837
252931670
698841686
1215944283
1243093599
698815586
1089042537
722797680
26267761
494892146
1234666610
913256052
1143811700
1251308146
367576698
1236745851
1243093628
26124413
354970236
242637441
213268614
242141318
1214767240
1237236873
1236401804
253421709
913324691
26124439
1236196508
262728348
1207251616
262731942
1236196520
263371436
1236696239
913164464
776213686
243037371
615938749
913256127
242543295
1227805377
218645697
1156874437
355733708
913324753
243037395
699017949
1239706848
776295650
1227805410
242170595
241935078
1236745958
213814503
1109164784
252927217
243010292
232374005
343675642
1250188026
242644220
275952381
697309951
26267394
213775107
1227805448
480445193
490893578
1251357962
1237073165
1243587855
224566547
242977044
211374358
1214767385
1089046815
1234641696
485961505
494911778
1234641702
1202331434
527351089
263372089
229722425
208949050
913256249
490891069
697310014
945710397
211283266
506720579
518783300
213750084
1202330440
263568202
26270538
1239712587
365407052
305964369
518783317
1236494677
494858583
244045145
288226150
490891116
1207239533
513898861
242963311
1234596215
288226168
1109502332
1089042820
494370698
212974988
1234641805
26270092
512515983
490891155
213279125
490891159
211418009
305776538
235529630
1310773154
1143824803
1139459490
1236494761
699017135
1109164463
673845169
452617138
1215966641
263371707
1234604476
1239338940
26261951
1239338944
1225520577
1250188737
1234658243
1229497801
1251308491
913256907
1251308493
229884367
1234624464
1207549392
1229497813
913256917
1037436885
275956188
1243853277
1243853278
252924899
252924903
1235329003
1235329005
1207258096
241936880
410079222
305776633
1207258109
1214765567
amenity=bicycle_rental
200
215738886
1314561030
913256968
1234624521
410079247
485876239
689391632
26270227
26270228
485966358
899109398
410079254
410163225
482697755
226220061
1284088863
1237079585
494904866
242553380
1241460773
1089042468
262732328
26270761
1232769577
1225469993
264344618
1215966768
914277425
1224442931
241936440
232363586
241942597
679787589
26267207
208977479
410309193
945710664
213757516
1106483789
208971344
213758544
1225470042
1227805278
343672930
1235389029
490809958
245056616
1243093616
1286945904
485875828
1202330742
213748345
242648189
485875846
1215966857
1235389065
354970254
512536207
722797710
515107476
1109164185
1251308191
213274272
226239137
26262695
1239875752
1207251625
1107607212
490890926
1244222639
1225632432
1219272367
1236196526
1244215481
242636986
775308475
242543298
1236401858
243037394
1207584979
242641620
242968791
1237236951
275952353
1236196578
301415137
226452710
1236745958
357586664
512516328
1193997036
480403696
1234664176
243010292
1236196599
232374009
513898748
319277310
899126527
229113089
354969858
232389889
1251357959
213775112
1241184524
1106483470
1214767376
1237237014
1237073175
1343040281
1237073179
354972955
485876508
697309983
1205623076
1207265573
697291559
513898792
242553129
1236746028
275951406
218648879
275951407
343670067
242649909
1156874551
243005754
1236746043
231906115
512545091
301514053
263371595
673845068
1241255759
913255760
1235389267
26269014
242553692
512536413
305776479
26270560
697297252
243000677
1205623142
210955622
695777128
494904683
512545134
1234641775
262732144
513898871
253420927
1284092293
494858117
698831750
1234641800
305776517
699018124
1106483596
26270101
899109273
269593502
229118367
1226136478
880356769
699017122
1224690078
1107639204
1282849190
1154332072
26270636
245548973
229881775
229881780
269593525
301414840
354970043
232383931
1089042364
591663547
591663551
1107639235
1234666436
241674189
450544084
1235837396
1243546587
1243546591
354970080
1234624485
1207258088
485876714
1215966699
1215966701
1215966705
1236401653
1225452021
913164279
1310125562
698809855
aeroway=taxiway
200
26264580
1227805189
288201221
913256454
215742468
26124293
262730250
512517131
1227805197
513820174
243047951
1236703757
410118162
695844371
1106483735
1106536472
1237079578
1229497883
1215966749
245056543
263371811
213281827
485876774
213728806
502401063
512516661
1238574134
1244225079
1229497918
1194015298
354970179
410197572
1202330693
1202331207
218621512
674001481
241942603
1202330702
494858319
1243093583
1232769618
275975252
275975255
1229514328
367588442
699018330
226210910
485876322
695845481
1236196461
1239272559
699017840
1232769648
1229514358
485875832
1215966846
242637440
494857856
913324675
242174084
1219271820
263557260
1235091598
1214767244
1250119312
1251308177
213798035
1224443031
242174103
263557284
1240053924
242983590
1251308200
1244222634
242144941
226239150
667893422
1214767280
1156874417
512536242
1235091636
1244222649
1251308218
1239266492
252925124
485876937
354972875
1194015436
275957456
245549779
242543315
1235389142
1106483939
697309927
354969854
697309950
25267969
913256710
1089046792
1290743560
1234666253
1244205839
1236746003
1234839834
1225632539
1235346206
494911775
1154331938
224566562
361091878
1237237037
26270511
1202331442
513898803
343674165
26270517
354970421
253987640
213768505
699018041
1205623101
305964355
1202330436
210613572
210613571
1250188106
1202330445
482712909
1106483536
1236494673
512515921
1205623123
1234666325
224576349
410199904
1143824738
699018595
695777130
1154332013
262732147
1234596214
1234596217
1225520506
515107199
485965698
1109502340
1225520516
1226135943
212974989
26270094
1207166351
26131855
1143824787
512540052
26131861
1207258006
899109273
699017115
1226138014
269593502
26270624
1284292000
515107234
269593507
1107639207
1234666411
1234641842
410079154
224602549
365412790
232364983
1239296440
1239706554
275977147
410117056
480403906
263371716
263370694
563094983
26261961
232345033
1237265355
1109164493
1215966673
1234605521
776295383
262729689
673845212
1107639263
1234630623
1225632225
1282849250
1225452003
482697702
1215928807
365410285
1107537390
1106787823
231894000
1225520624
amenity=taxi
200
492098561
699017218
689391108
241936392
26124297
513899529
1284088844
699018257
1225520660
1239273494
913164311
410079256
243047959
243047960
1241255452
1343692831
502401057
410079266
213281828
1089125414
1244225063
367603752
1202330674
494370356
518783543
880393274
669619259
1244225084
1194015299
1241460805
1227829321
410197577
231904330
669630543
245055057
253475924
1250119255
226223709
1106483805
365405792
490809958
1229497961
1250119275
241942127
410070648
1225106045
913256575
410070656
1234664577
242648194
494857862
1194015371
1156874382
674001553
1235091602
1214767250
1226137748
913324693
1307566233
1207584926
1235389087
1194015391
343676067
1236745892
913256615
26262695
213786282
1235091634
1239706804
939127476
480404150
485961399
1236196544
253477568
213786306
354970306
1236745922
649706179
354972871
213786313
262728905
1106340043
698827474
512536274
699016918
1250119383
263557338
242543322
213790940
1193997022
242110175
242650337
241939681
1193997027
241939684
357586662
242170600
1235389161
450543340
410117870
1241255669
518783734
410147578
1244205819
899126524
512516346
913256192
1290776324
1234666246
245275913
913256202
1290782477
244029710
1234664211
1236746003
480445203
213775136
485961505
1143811877
1343040294
1205623079
699018538
1156874538
410114862
1343040303
242140974
913255730
913256757
699017014
263371574
305964351
1089046847
480425794
1235389251
480425796
218631498
226233163
242199883
513898830
211425615
1228194645
242110296
482712920
242135384
513898841
1236402012
1226137437
288226142
1225520481
1207239521
212990819
305964393
226254705
1234596209
1241255795
1089042806
699018102
319291768
1234641787
699017596
231906685
1207166334
263372159
697297279
1219272081
1207166358
512516502
1207258009
215856030
1282849190
880356775
1109164972
878781356
1202331565
513898929
485876664
512516030
1234641855
1251308479
26261958
1089042376
913256907
269593548
1234624464
232367063
1243853280
354970081
1243596771
667878885
232388072
241937896
263370731
1156874221
244026861
241936879
1156874222
410079214
1214765551
591663609
1089125375
taxi=*
200
1215966723
1236703749
1224442886
231903245
488558094
1241464334
512517645
899109393
913164305
1234603535
512536084
1215928847
485966362
480403995
1241460766
1143811616
410079266
1251308068
213281830
1089042984
242134569
26124329
213728809
275958825
242961960
494858282
1224442927
914277421
878781491
1234664500
1251308086
1089042998
1236745786
1241255483
1236565564
1225470014
231896127
213757507
512516163
699018313
1283040842
208971339
698841674
208971341
242553424
945709651
232385108
262728280
1219272283
494892635
410070619
1236745822
1215944286
1250119264
410070637
1286945905
1178983028
1250119285
913324662
242998393
253986937
494858878
242637439
515108480
224572030
776338563
1227805316
1202330762
1178983051
512516237
494370447
1251308177
1239272593
1239272594
667893396
1239883924
776295574
1237236891
262728349
1224443054
1250119342
1207584944
218645679
410115762
1106340020
775308471
1236196539
1239875776
485876929
1207233732
913256649
243037385
878781652
243037401
1235389145
699018458
1106286812
480404188
698827484
1250119388
242110173
357586667
1214767340
1154331885
1214767345
1237076722
1236196595
1237236980
480403702
1214732537
26131707
1250188028
242639108
1241210117
213775110
1234839815
1156874506
26131722
365407499
1226135821
1089046801
485877012
1234641685
1343040276
1236746009
213721888
410114850
913256232
697291561
1244234539
1207265587
243005753
1089042746
1207557435
527351102
242985278
263568195
242971971
1089046853
211342668
242554190
1229497678
224576341
305964378
1234667356
242553692
1239338844
244045148
1241255776
1214767456
945710435
1236402021
1225520493
263371629
490891121
262732146
1251308536
1234666361
776213884
262730109
515107712
913256958
232344967
1202331534
1236439444
1202331541
262730145
367585698
504793508
1134479273
275956140
1207258029
1154332078
263371696
1089043385
1202331584
410117058
1234641860
410117060
241674184
244029900
699017166
1234641871
1237049810
1089042391
1215966689
224568291
1239338981
1236401641
512517099
494892528
288201201
899109361
252924914
1225452021
1235329015
1243853304
1215966713
512536570
482697726
share_taxi=*
200
409463809
26270721
242649092
695844358
776295946
241942539
26270735
1226136080
1225469967
1089043478
243047962
722797597
263371809
242708514
1202330662
1202331174
1227805224
1239687210
1234666539
722797611
242637873
1236525618
1106536499
1239269427
722797620
242637879
1089043001
1343692861
231896127
1290763840
26267201
354970184
480403529
26262603
1239706704
1224442961
1215944274
512453204
512516695
1290763870
410070623
1236439651
1251308137
699016811
1215966835
1178983028
410070644
1243477111
1290763903
367576706
512516227
698815619
365412996
1240053894
367576710
1214767240
1239883917
1219272333
215751317
1227805340
679754397
253472414
1235389084
1236196518
262731946
1219272362
1224443053
674001582
1236401839
1244222642
1240421043
913324723
354970294
1240421051
1109164733
1214767293
913164479
679754433
254120646
1250119366
699017929
1285024464
1089042640
674001617
502400725
615938778
213790939
1234666204
699016924
699017442
518783717
1219271911
1235389162
409460975
305964272
1237076723
1237236979
480404214
275952374
243010294
697309950
1214767362
1239338757
1239258373
1237237002
224566540
244029711
899126545
1234641683
1234839827
494911773
913256225
494370594
361091876
224575272
742427434
1156874538
527351090
699018035
1234664248
1109164860
1229498180
1241255750
211283272
262729033
482712913
512539986
243048276
699017047
1225211225
305964378
262732123
1234641757
263372126
490893661
490893670
242110312
1236402028
880373618
354971511
945710457
512536575
1109502332
253420927
305776512
213279105
244027269
1214767494
699018119
1202330513
1234666387
211418008
224544665
1239263132
512515997
1243859871
1089042850
1225520546
1225520549
1239275943
262731180
1251308461
232364974
1156874159
1290769841
1236525490
1107639221
913255861
485962171
1226136509
232383934
275956158
1106483649
263567809
1225632200
26270154
288201164
1234624461
1109164493
275956176
483546065
354970066
1234666453
1243546585
275956188
26268636
913255904
494856673
1282849252
305776612
913164263
1224690153
252924907
252924911
913256943
746747891
1342433271
288201211
242649086
26124287