211
4
250834348
250834349
250834351
374584279
16
373362272
250833735
250833744
250833743
250833741
250833739
250833737
250833736
250833745
250833746
250833761
250833760
250833749
250833757
250833753
373381586
7
373362301
250833958
250833885
251206220
251206221
251206223
250833965
3
251369909
251369905
251369914
0
1
251698179
1
251369923
0
174
250833775
250833832
373362257
373381633
373381629
373381627
374791542
374791533
374791519
373381623
373381621
373381617
251207251
250834169
250834103
250834099
250834088
250834108
250834177
250834180
251208761
250834179
251208757
251208756
251208753
251208935
251208749
251208758
251208737
251208736
251208735
251208734
251208731
251208722
251208728
251208719
251208716
251208715
251208714
251208708
373388477
373388478
373388480
376087906
373388483
373388486
373388489
372932582
251208707
373388510
373388493
376087914
373388496
373388513
373388497
373388501
372932593
373374542
373374525
372932606
373374520
373374517
373374514
373374511
372932669
372932666
372932655
373374429
373374479
373374476
372932660
372932662
373374475
373374424
373374444
373374452
251207255
373393362
1345340328
1345340334
1345340354
1345340329
1345340324
604624424
604624550
604624628
604624591
604624579
604624564
604624807
604624827
604624667
604624720
604624766
604624706
604624695
604624495
604624436
250833475
1345340336
250833466
376081547
250833354
250833358
250833359
250833360
250833364
250833450
250833452
250833454
250833455
250833456
250833457
376081563
376081521
374699609
374699624
250833458
376081540
250833460
376081555
250833462
250833463
1345340338
1345340344
1345340343
1345340349
1345340342
1345340350
1345340339
1345340335
1345340326
1345340351
373393364
373393366
373393369
373393373
373393375
373393377
373393379
373393381
373393385
376081510
373393395
250834083
250834076
250833787
250833788
250833789
250833790
250833791
250833792
250833793
250833794
250833796
250833799
250833800
250833802
250833803
250833805
373345792
250833797
250833808
250833809
250833811
250833812
250833813
250834058
250834059
373345795
250833774
250833772
250833771
250833770
5
250833259
250833257
373622778
250833253
250833255
0
73
24959307
600761242
24959306
1104433641
1104437292
1104437279
1104437262
1104437249
1104437287
1104437273
1104437288
1104437275
1104437257
1104437244
1104437282
1104437268
1104437252
1104437294
1104437276
1104437263
1104437245
1104321500
1104321485
1104321474
1104321523
1104321507
1104321491
1104321478
1104321468
1104321512
1104321497
1104321483
1104321472
1104321520
1104321517
1104321502
1104321488
1104437274
1104437293
1104437251
1104437267
1104437281
1104437298
1104437256
1104437272
1104437286
1104437248
1104437261
1104437278
1104437291
1104437254
1104437265
1104437284
1104437296
1104437259
1104437270
1104437250
1104437266
1104437280
1104437297
1104437255
1104437271
1104437285
1104437247
1104437260
1104437277
1104437290
1104437253
1104437264
1104437283
1104437295
1104437258
1104437269
16
1104433637
1104433672
1104433657
1104433667
1104433649
1104433639
1104433660
1104433658
1104433653
1104433638
600761245
24959304
1104433676
1104433651
1104433673
1104433647
5
601035503
24959309
24959311
601034764
24959310
15
601035501
24959300
601031410
601031401
601031400
24959293
601032706
24959294
601033445
24959296
601033718
24959297
24959298
601034763
24959299
176
600752978
600752970
600752967
600752966
600752931
600752917
600752899
600752897
600752893
600752891
600752888
600752886
600752855
600752853
600752851
600752849
600752862
600752861
600752859
600752858
600752839
600752868
600752919
600752933
600752998
600752925
600752913
600752912
600752908
600752906
600752903
600752847
600752846
600752842
600752883
600752881
600752878
600752877
600752873
600752872
600752900
600752923
600752965
600752963
600752962
600752976
600752992
600753000
600753017
600753018
600755336
600755337
600755346
600755349
600755376
600755379
600755382
600761253
600761254
600761256
600761271
600761274
600761276
600761278
600761290
600761291
600761301
600761303
600764049
600764051
600764058
600764062
24959308
600761247
600761252
600761251
600761266
600761265
600761262
600761289
600761300
600761298
600761297
600761292
600761286
600761283
600761282
600761280
600761279
600761260
600761258
600755387
600755386
600755384
600755354
600755353
600755351
600755339
600753010
600764044
600764039
600761269
600761267
600755397
600755395
600755392
600755364
600755363
600755356
600755341
600753011
600753008
600753006
600752996
600752993
600752995
600752985
600752980
600752982
600752971
600752974
600752937
600752950
600752954
600752955
600752958
600752864
600752867
600752835
26023697
26023700
600752927
26023702
206990103
206991594
26023704
600743148
600743149
600743170
600743152
600743153
600743154
600743166
600743167
600743168
600743169
600743160
600743161
600743162
600743163
600743164
600743165
600752959
600752975
600752984
600752988
600752989
600753002
600753003
600753014
600753016
600755323
600755325
600755332
600755333
600755366
600755367
600755369
600755372
600755319
600755320
600761248
600761238
24959303
24959302
600764061
22
600778298
600778295
26023726
600778293
26023722
26023720
26023718
600778290
26023716
26023714
600778284
26023712
600778280
26023710
600743171
206990233
206990828
600743155
600743156
600743157
600743158
600743159
1
373381598
5
26023693
26023678
26023680
26023685
26023687
300
600823280
600823281
600828761
600828760
600828757
600828755
600828754
600828774
600828772
600828771
600828784
600828783
600828763
600828764
600828765
600828766
600828768
600828769
600828775
600828777
600828779
600828780
600828781
26023774
600826747
600826745
600823248
600823228
600823224
600823222
26023768
600823268
600823267
600823270
600826742
600823271
600826737
600823253
600826735
600826733
600829278
600829277
600829275
600829276
600828750
600828748
600828747
600828745
600828752
600828751
600829280
600829279
600826732
600829282
600826730
600826728
600826736
600823266
600826739
600823264
600823262
600823261
600823287
600823286
600823285
600823283
600823282
600823246
600823244
600823242
600823226
600823247
600823216
600816174
600823220
600823219
600823218
600823217
600823227
600823272
600823274
600823275
600823276
600823277
600823278
600823259
600823256
600823269
600826738
600826743
596184212
596184209
596184208
596184206
596184205
596184203
596184223
596184219
596184217
596184215
596184213
596184242
596184240
596184239
596184238
596184236
596184235
596184234
596184232
596184231
1304926216
1304926215
1304926214
1304926211
1304926213
1304926210
1304926218
1304926217
1304997809
1304997849
1304994261
1304994272
1304994270
1304994275
1304994268
596172549
596172523
596172527
596172532
596172534
596172514
596172518
596174116
596174118
596174120
596174121
596174102
596174104
596174107
596174108
596174092
596174093
596174094
596174089
596174091
596174095
596174097
596174099
596174101
596174100
596174109
596174112
596174113
596178622
596178624
596178626
596178620
596178629
596178633
596178636
596178639
596178642
596178644
596178647
596178609
596178610
596178613
596178583
596178584
1306426176
596178587
596178588
596178590
596178592
596178618
596178593
596178599
596178600
596178602
596178604
596178605
596178606
1306424569
596178703
596178705
596178706
596178707
596178710
596178712
596178714
596178715
596178720
596178721
596178723
596178725
596178726
596178727
596178728
1306424473
1306424476
596178679
596178681
596178682
596178683
596178685
596178686
1306424474
596178691
596178694
596178676
596178668
596178669
596178670
596178671
596178673
596178655
596178656
596178657
596178659
596178661
596178663
596178664
596178651
1304994274
596184228
596184227
596184225
596184256
596184255
596184254
596184249
596184248
596184269
1304931182
1304931201
1304931228
1304931198
1304931226
1304931213
1304931196
1304931231
1304931197
1304931211
1304931209
1304931205
1304931254
1304931216
1304931215
1304931191
1304931230
1304931187
1304931267
1304931247
1304931282
1304931268
1304931292
1304931275
1304931270
1304931175
1304931166
1304931165
1304931162
1304931168
1304931285
1304931256
1304931260
1304931251
1304931280
1304931224
1304931207
1304931183
1304931203
1304931220
1304931236
1304931287
1304931234
596184258
1304991667
1304991665
1304991663
1304997813
1304997816
1304997811
1304997850
1304997835
1304997837
1304997842
1304997812
1304997830
1304997824
1304997820
1304997826
1304997852
1304997848
1304997854
1304997844
1304997825
1304997818
1304997847
1304997836
0
385
1304922627
1103632823
1103632820
1103632714
1103632673
1103632813
1103647667
1103647682
1103647759
1103647696
1103647769
1103647712
1103647633
1103647718
1103647643
1103647734
1103647725
1103647729
1103647669
1103647740
1103647757
1103647674
1103647680
1103647736
1103647665
1103641178
1103641236
1103647737
603323097
1103647663
1103641194
1103641245
1103644696
1103644753
1103644762
1103641184
1103641242
1103641230
1103641278
597568063
597568064
597568069
597568667
597568668
597568669
597568670
597568671
597568672
597568673
597568674
597568675
597568676
597568677
597568678
597568679
597568680
597568681
597568682
597568683
597568684
597568685
597568686
597568687
597568688
597568689
597568690
597568691
597568692
597568693
597568694
597568695
597568696
597568697
597568698
597568699
597568700
597568701
597568702
597568703
597568704
597568705
597568706
597568707
597568708
597568709
597568710
597568711
597568712
597568713
597568043
597568042
597568041
597568040
597568039
597568038
597568054
597568053
597568052
597568051
597568060
597568059
597568058
597568057
597568056
597568055
597568075
597568076
597568077
597568074
597568073
597568072
597568339
597568340
597568341
597568342
597568343
597568344
597568345
597568346
597568347
597568348
597568349
597568350
597568351
597568352
597568353
597568331
597568332
597568333
597568334
597568335
597568336
597567985
597567986
597567987
597567988
597567989
597567991
597567992
597567993
597567975
597567973
597567972
597567997
597567996
597567994
597568329
597568327
597568326
597568325
597568324
597568323
597568322
597568321
597568320
597568318
597568317
597568316
597568315
597568314
597568313
597568312
597568311
597568310
597568309
597568308
597568307
597568306
597568305
597568304
597568303
597568302
597568301
597568300
597568299
597568298
597568297
597568296
597568295
597568294
597568293
597568292
597568291
597568290
597568289
597568288
597568287
597568286
597568283
597568282
597568281
597568280
597568279
597568278
597568277
597568276
597568275
597568274
597568273
597568272
597568271
597568270
597568269
597568268
597568266
597568062
597568338
597568044
597568045
597568049
597568050
597568022
597568023
597568025
597568026
597568027
597568028
597568031
597568032
1103962114
1103962100
1103962102
1103962089
1103962134
1103962151
1103962143
1103962131
1103962133
1103962155
1103962154
1103962088
1103962138
1103962108
1103962090
1103962111
1103962118
1103962136
1103962084
1103962132
1103962153
597568033
597568034
597568035
597568036
597568037
597568015
597568016
597568017
597568018
597568019
597568011
597568012
597568013
597568014
1103960145
1103960146
1103960135
1103960095
1103960098
1103960143
1103960144
1103960139
1103960142
1103960136
1103960133
1103960118
1103960148
1103960149
1103960147
1103960092
1103960120
1103960137
1103960119
1103960138
1103960101
1103960122
1103960134
1103960124
603323102
603323103
603323094
603323095
1103641190
1103641253
603323088
1103641227
1103641294
1103641173
1103644742
1103644710
1103644757
1103644715
1103644667
1103644728
1103644685
1103644731
1103644690
1103644738
1103644736
1103644701
1103644754
1103644711
1103644760
603323089
1106787379
1103644716
1103644714
1103644756
1103644708
1103644740
1103644692
1103644733
1103644688
1103644729
1103644671
1103644675
1103644717
1103644764
1103644713
1103644755
1103641221
1103641274
603323090
1103647684
1103641283
1103647662
1103647721
374736783
374736796
374736809
374736821
374736834
374736846
372932419
372932431
372932413
603323076
603323081
603323080
603323083
603323082
603323084
603323091
1103647636
1103641167
1106787388
1103647688
1103647763
1103647735
1103647677
1103647758
1103647694
1103647768
1103647774
1103647717
1103647641
1103647732
1103647672
1103647756
1103647686
1103647761
1103647638
1103632760
26023800
1103632732
26023798
1103644730
1103632654
26023796
1103632783
26023794
1304922639
26023792
1304922637
26023790
1304922633
1304922631
26023788
1304922628
1304922635
26023786
1304922629
26023784
26023782
26023780
0
321
922441574
922441552
922441576
922441549
922441525
922441625
922441605
922441587
922441569
922441627
603943720
603943713
603943698
603943798
603943768
603943758
603943752
603943813
601029730
601029731
601029732
601029733
601029734
601029735
601029746
601029747
601029750
601029751
601029753
600950015
40117580
40117566
600952080
40117558
40117548
40117520
40117503
40117493
40117483
40117477
40117470
40117462
40117452
40117178
40117173
40117164
40117151
40117136
40117125
600961281
40117113
600961285
40117101
600961289
40117094
600968064
269374851
269374850
600978923
269374849
269374848
269374847
269374846
600978910
269374845
269374844
269374843
269374842
269374841
269374840
600985608
600985611
600985614
269374839
269374838
269374837
269374836
269374835
269374834
600985606
600985598
269374833
600990328
269374832
269374831
600996349
269374830
269374829
269374828
269374827
269374826
269374825
269374824
600996342
600999384
269374823
601000885
269374822
269374821
269374820
269374819
269374818
601007962
601007964
269374817
269374816
269374815
269374814
269374813
601007957
269374812
601007959
269374811
269374810
269374809
269374808
269374807
601007953
269374806
601012544
601012536
269374805
269374804
269374803
269374802
269374801
269374800
269374799
269374798
269374797
269374796
269374795
269374794
269374793
269374792
269374791
601025290
269374790
269374789
24959289
601025284
601025286
24959291
601031408
601031395
601031399
601031407
601031405
601031404
601031402
601029690
601029701
601029702
601029704
601029706
601029695
601029693
601029692
601029720
601029719
601029710
601029709
601029708
601029707
601029716
601029715
601029741
601029740
601029739
601029738
601029737
601029736
601029749
601029748
601029752
40117569
600952082
40117560
40117525
40117505
40117497
40117485
40117479
40117472
40117464
40117454
40117181
40117175
40117168
40117152
40117140
40117128
600961280
40117118
600961283
40117104
600961287
40117097
252057373
600968062
252057338
252057337
600978927
252057336
252057335
252057334
252057333
252057332
252057331
600978919
252057330
252057329
252057328
252057327
252057326
252057325
252057324
252057323
252057322
252057321
252057320
252057319
600985604
252057318
600990325
252057317
252057316
252057314
600996346
252057313
252057312
252057311
252057310
252057309
252057308
252057307
252057306
252057305
252057304
601000883
252057303
252057302
252057301
252057300
252057299
252057298
601007968
252057297
252057296
252057295
252057294
252057293
252057292
252057291
252057290
252057289
252057288
252057287
252057286
252057285
252057284
252057283
252057282
252057281
252057280
252057279
252057278
252057277
252057276
252057274
252057273
252057272
252057270
252057269
252057267
252057265
252057262
252057260
252057259
252057258
252057257
252057256
24959288
601025281
601029689
601029729
601029728
601029727
601029726
601029725
601029745
601029744
601029743
601029742
601029718
601029717
601029714
601029713
601029712
601029711
601029723
601029722
601029721
601029698
601029696
601029699
922441575
922441548
922441523
922441638
922441620
922441600
922441586
922441558
922441585
922441554
922441546
922441567
922441534
922441610
922441588
30
603943733
603943673
603943663
603943470
603943490
603943508
603943531
603943564
603943151
603943175
603943057
603943216
603943873
603943879
603943885
603943891
603943898
603943904
603943908
603943931
603943924
603943914
603943910
603943939
603943942
603943943
603943944
603943946
603943948
603943951
1
603943412
2
603943063
603943067
16
603943071
603942931
603942930
603942929
603942925
603942922
603942919
603942917
603943027
603943017
603943123
603943115
603943108
603943101
603943093
603943084
8
600816168
600816169
600816170
26023762
600816171
600816172
26023764
26023766
6
24959312
601033731
24959313
601033446
24959314
601032703
174
265458347
1104322876
1104322890
265458342
265458332
1104313079
1104313084
1104313089
1104313093
1104313077
1104313082
1104313087
1104313088
1104313092
1104313076
1104313080
1104313085
1104313078
251697939
922441607
922495825
922495805
922495852
922495840
922495885
922495868
922495815
922495798
922441573
1104313086
1104313081
251697940
1104314175
1104314180
1104314153
1104314164
1104314177
1104314186
1104314200
1104314159
1104427286
1104427345
1104427277
1104427338
1104427270
1104427335
1104427372
1104427312
1104427351
1104427307
1104427342
1104427298
1104427280
1104427314
1104427275
1104427310
1104427269
1104427305
1104427357
1104427288
1104427349
1104427301
1104427353
1104427282
1104314176
1104314182
1104314197
1104314155
1104314173
1104314178
1104314188
1104314160
1104423370
1104423358
1104423408
1104321481
1104321470
1104324890
1104324881
1104324887
1104324861
1104324869
1104324877
1104324884
1104324865
1104324873
1104324882
1104324888
1104324862
1104324870
1104324878
1104324885
1104324891
1104324867
1104324875
1104324883
1104324889
1104324863
1104324871
1104324879
1104324880
1104324886
1104324892
1104324868
1104324876
1104314184
1104314199
1104314157
1104314174
1104314179
264357405
264357412
264357417
264357423
264357429
1104322887
264357431
264357434
264357435
264357437
264357438
264357441
1104423401
1104423317
1104423250
1104423328
1104423261
1104423368
1104423275
1104423373
1104423269
1104423371
1104423300
1104423394
1104423314
1104423400
1104423322
1104423217
1104423365
1104321516
1104321486
1104321475
1104322882
1104322867
1104322886
1104322878
1104322864
1104322889
1104322881
1104322873
1104322866
1104322892
1104322885
1104322868
1104322863
1104322888
1104322880
1104322872
1104322871
1104322865
1104322891
1104322875
1104324874
1104324866
1104423260
1104423362
1104423211
1104423321
1104423399
1104423309
1104423385
1104427309
1104427267
1104427304
0
2
741685814
600829274
8
265458356
265458404
265458396
265458391
265458389
265458386
265458374
265458368
143
26023622
1104581340
26023620
26023618
26023616
26023614
1104581330
1104587264
1104587313
1104587293
1104587274
1104587261
1104587303
1104587288
1104587269
1104587314
1104587297
1104587265
1104581344
1104581328
1104587312
1104587271
1104587250
1104587299
1104587278
1104587266
1104587311
1104587294
1104587273
265458028
265458030
265458032
265458035
265458037
1104587268
265458047
265458049
265458052
265458054
265458056
265458059
265458061
265458064
265458066
265458069
265458071
265458073
265458076
265458078
265458080
265458083
265458085
265458088
265458090
265458092
265458095
265458098
265458104
265458106
265458109
265458112
265458114
265458116
265458119
265458121
265458124
265458126
265458128
265458131
265458133
265458135
265458138
265458140
265458143
265458145
265458148
265458150
265458153
265458155
265458157
265458160
265458162
265458165
265458167
265458169
265458171
265458173
265458177
265458179
265458181
265458183
265458185
265458189
265458191
265458194
265458196
265458200
265458209
265458211
265458213
265458215
265458218
265458220
265458224
265458226
265458229
265458235
265458238
265458241
265458246
265458248
265458253
265458255
265458258
265458260
265458265
265458270
265458272
265458275
265458277
265458280
265458282
265458284
265458287
265458289
265458292
265458294
265458297
265458299
265458302
265458304
265458306
265458309
265458311
265458316
265458319
265458321
265458322
265458323
265458324
265458325
265458330
265458328
1
264357399
50
1104590371
264357114
264357117
264357122
264357125
264357129
264357130
264357136
264357140
264357143
264357146
264357149
264357150
264357161
264357165
264357166
264357169
264357171
264357174
264357187
264357190
264357193
264357196
264357197
264357201
264357204
264357209
264357212
264357215
264357217
264357219
264357222
264357235
264357238
264357239
264357243
264357247
264357252
264357256
264357257
264357277
264357292
264357297
264357302
264357307
264357312
264357316
264357319
264357323
264357327
426
1074020901
1080622972
1074050545
1074079792
1074099915
1074023889
603955824
603955820
603955814
603955796
603955786
603955780
603955774
603955770
603955761
603955757
603955748
603955741
603955732
603955709
603955698
603955690
603955681
603955673
603955670
603955662
603955655
603955648
603955638
603955628
603955616
603955606
603955600
603955592
603955580
603955576
603955550
603955542
603955517
603955510
603955492
603955483
603955475
603955465
603955417
603955410
603955096
603955087
603955076
603955067
603955057
603955032
603955022
603955011
603955003
603954996
603954988
603954984
603954980
603954971
603954965
603954957
603954950
603954941
603954933
603954922
603954911
603954903
603954897
603954645
603954639
603954636
603954633
603954631
603954628
603954625
603954623
603954620
603954615
603954612
603954609
603954606
603954604
603954603
603954598
603954594
603954591
603954589
603954587
603954584
603954582
603954580
603954577
603954575
603954572
603954555
603954551
603954546
603954545
603954542
603954539
603954535
603954531
603954295
603954291
603954289
603954287
603954285
603954282
603954280
603954278
603954275
603954273
603954270
603954267
603954265
603954261
603954258
603954255
603954252
603954249
603954245
603954240
603954237
603954233
603954230
603954228
603954225
603954222
603954219
603954215
603954213
603954210
603954208
603954205
603954202
603954200
603954199
603954198
603954197
603954195
603954194
603954193
603954192
603954188
603954187
603954186
603954185
603954184
603954183
603954182
603954181
603954180
603954179
603954178
603954177
603954176
603954175
603954173
603954172
603954171
603954170
603954169
603954168
603954167
603954164
603954162
603954159
603954157
603954156
603954155
603954153
603954151
603954149
603954148
603954146
603954144
603954142
603954141
603954140
603954121
603954120
603954119
603954117
603954116
603954111
603954105
603954103
603954099
603954096
603954094
603954092
603954090
603954088
603954086
603954084
603954079
603954076
603954072
603954071
603954070
603954069
603954068
603954062
603954058
603954057
603954056
603954055
603954054
603954053
603954052
603954051
603954050
603954049
603954048
603954047
603954046
603953930
603953916
603953907
603953902
603953852
603953844
603953834
603953826
603953821
603953819
603953816
603953815
603953814
603953813
603953812
603953811
603953810
603953809
603953808
603953807
603953800
603953787
603953784
603953783
603953782
603953781
603953780
603953779
603953778
603953777
603953776
603953772
603953771
603953769
603953768
603953767
603953766
603953764
603953761
603953759
603953757
603953755
603953754
603953750
603953746
603953745
603953744
603953742
603953739
603953737
603953735
603953733
603953731
603953729
603953727
603953725
603953723
603953722
603953721
603953720
603953719
603953718
603953717
603953716
603953715
603953714
603953713
603953712
603953711
603953710
603953709
603953708
603953707
603953706
603953705
603953704
603953703
603953702
603953701
603953700
603953699
603953698
603953697
603953696
603953695
603953693
603953691
603953681
603953678
603953676
603953673
603953672
603953670
603953668
603953666
603953664
603953661
603953660
603953659
603953658
603953657
603953656
603953655
603953654
603953653
603953645
603953634
603953624
603953619
603953611
603953605
603953599
603953592
603953583
603953576
603953570
1074021086
1074055666
1080643101
1080625652
1074108178
1074033575
1080624809
1080618606
1074048293
1080619955
1074068734
1074017235
1074093705
1080641872
1080662796
1080657823
1080617532
1080637254
1080634206
1074069225
1073998245
1080655686
1074107446
1080641664
1074055317
1080665697
1074062953
1080658495
1080638152
1074050135
1074001562
1080640668
1074110215
1074072964
1074101930
1074037319
1074013098
1074089026
1074026209
1074053161
1080648568
1074092229
1074075303
1074046011
1074003913
1074076547
1080604457
1073995458
1080653812
1074056223
1074070213
1080613256
1073999118
1080667693
1074072397
1074000759
1080631658
1074064346
1080640243
1074057788
1074025157
1074100559
1080650089
1080607267
1074088188
1074082033
1074052749
1080625386
1080642804
1074067993
1080659455
1073996031
1074045445
1074003725
1074014990
1074028860
1074054280
1080661965
1074094083
1074006766
1074083926
1080610021
1074042121
1080657020
1080632378
1080652971
1080657463
1080609071
1074021157
1074011418
1074087373
1074085474
1074105725
50
603942933
603942936
603942939
603942942
603942944
603942945
603942949
603942950
603942953
603942961
603942968
603942976
603942982
603942995
603942913
603942914
603942915
603942916
603942891
603942893
603942894
603942895
603942462
603942486
603942492
603942498
603942519
603942390
603942389
603942388
603942387
603942386
603942385
603942384
603942382
603942379
603942376
603942371
603942368
603942360
603942358
603942397
603942396
603942395
603942394
603942393
603942392
603942442
603942435
603942554
195
1088210738
1088210495
1088210898
1088210587
1088211021
1088210788
603323793
603323791
603323828
603323826
603323824
603323821
603323820
603323818
603323817
603323816
603323814
603323811
603323790
603323788
603323784
603323781
603323580
603323542
603323541
603323896
603323894
603323893
603323892
603323891
603323890
603323889
603323888
603323887
603323886
603323885
603323884
603323883
603323882
603323881
603323567
603323927
603323919
603323918
603323926
603323924
603323923
603323922
603323917
603323908
603323903
603323880
603323895
603323836
603323570
603323575
603323835
603323876
603323877
603323561
603323555
603323581
603323584
603323223
603323222
603323228
603323227
603323225
603323229
603323256
603323365
603323363
603323325
603323362
603323214
603323288
603323213
603323212
603323292
603323298
603323296
603323297
603323294
603323530
603323529
603323289
603323302
603323303
603323305
603323304
603323301
603323300
603323235
603323216
603323219
603323218
603323125
603323128
603323141
603323134
603323120
603323118
603323113
603323114
603323115
603323116
603323117
603323210
603323209
603323208
603323207
603323206
603323585
603323587
603323588
603323589
603323592
603323595
603323460
603323466
603323597
603323601
603323468
603323472
603323483
603323604
603323607
603323612
603323614
603323616
603323618
603323619
603323620
603323190
603323202
603323172
603323197
603323193
603323196
603323189
603323188
603323176
603323181
603323177
603323178
603323621
603323148
603323110
1103427070
603323145
603323624
603323109
603323215
603323108
603323220
603323224
603323107
603323106
1088210913
1088210612
1088211103
1088210864
1088210559
1088211001
1088210954
1088210907
1088210599
1088211030
1088210852
1088210539
1088210978
1088210973
1088210934
1088210665
1088210755
1088210710
1088210489
1088211039
1088210611
1088210825
1088210556
1088210774
1088211061
1088210644
1088210476
1088210948
1088211115
1088210720
1088210607
1088210444
1088211034
1088210957
1088210818
1088210858
1088210564
1
26023676
15
26023642
26023644
26023646
26023648
26023650
26023652
26023654
26023656
26023658
26023660
26023662
26023664
26023666
26023668
26023672
22
1112358236
1112355233
1112357574
1112358536
1112356952
1112358235
1112355745
1112358209
1112355275
1112358518
1112356290
1112355200
1112356923
1112355737
1112357549
1112355253
1112356959
1112355764
1112358190
1112356903
1112358511
1112357540
0
132
1103682154
1103682063
1103682139
1103682024
1103682106
1103682039
1103682148
1103682168
1103682079
1103681981
1103681998
1103681986
1103682103
1103682134
1103682044
1103682151
1103678048
1103678022
1103678054
1103678028
1103678047
265458447
265458445
265458442
265458440
265458437
265458435
1103678044
265458430
265458426
265458421
1103678030
1103678026
1103678046
1103678040
1103678017
1103678041
1103678018
1103678037
1103682070
1103681976
1103681989
1103682108
1103678045
1103682101
1103681984
1103682081
1103682026
1103678036
1103678024
1103678059
1103678032
1103678021
1103678057
1103678053
1103682018
1103682127
1103682033
1103682144
1103682065
1103682167
1103682073
1103681979
264357943
264357937
264357933
264357932
264357929
264357926
264357922
264357919
264357914
264357909
264357864
264357853
264357850
264357845
264357842
264357839
264357832
264357826
264357821
264357818
264357816
264357813
264357808
264357806
264357805
264357803
264357800
264357797
264357794
264357792
264357791
264357789
264357769
264357767
264357766
264357761
264357758
264357756
264357755
264357753
264357752
264357750
264357749
264357747
264357746
264357744
264357736
264357733
264357719
264357710
264357707
264357705
264357704
264357702
264357701
264357699
264357693
264357691
264357690
264357688
264357687
264357685
264357682
264357668
1103682097
1103682114
1103682028
1103682142
1103682064
354
1304787974
1304787757
1071001138
1080608769
1080614962
1080636332
1082555212
1071034542
1082558067
1082576590
1082559901
1082536778
1071002533
1080659604
1082521297
1082528280
1071028544
1070999480
1071036427
1082534865
1080608074
1082540735
1071007713
1082549688
1080625536
1071038273
1082584162
1080627556
1080634041
1082521716
1080623108
1082550337
1070999028
1082540289
1082560822
1071028005
1082572182
1071033071
1080658557
1080610426
1082582887
1082561799
1082559637
1071021985
1080626607
1080648655
1080614429
1082567405
1082528804
1080661257
1080637025
1082568742
1082582254
1071023925
1071014835
1071033984
1080609517
1082572423
1082569129
1082521411
1082547020
1082578384
1080661054
1082560727
1071026736
1070998688
1080615615
1080636650
1070997044
1082577012
1080632594
1082566559
1080657556
1082581591
1082562188
1080660134
1080664456
1071009790
1082536404
1082559816
1080612550
1080634887
1082522395
1080630507
1080635566
1071005920
1080625743
1082559746
1071012103
1071031753
1082561698
1082566196
1082565967
1082529608
1082582412
1082580637
1080624939
1082576176
1082567582
1080619130
1082553584
1082569611
1071034358
1082558541
1082576773
1071033208
1080605196
1080641010
1071013839
1082525613
1082546606
1080662953
1082549872
1082562260
1082573365
1080609849
1082529903
1082524231
1080658009
1082526407
1080627680
1080634236
1082537809
1082556094
1071004880
1082532893
1071018817
1082567870
1080663798
1071016441
1080624776
1082522119
1082542222
1082579187
1082532335
1082525922
1080622354
1082577054
1082565914
1071023870
1082538418
1071036833
1082525462
1071003352
1082546799
1080662828
1082574664
1071018393
1082566168
1080609766
1071006051
1082567185
1071014744
1082529782
1082573648
1071013353
1071032853
1071030828
1082527336
1082566433
1082583089
1070999995
1071016089
1080643632
1082576012
1082568109
1082577542
1071034924
1082569335
1082552997
1082582442
1080666162
1071004229
1082575273
1082540943
1080640940
1080661669
1082527476
1082565935
1080657339
1080608661
1082574148
1071012987
1071006657
1080633260
1080665371
1071031400
1071022300
1080648880
1080608009
1071009237
1082563224
1082569295
1082578426
1082571961
1082552989
1071035429
1082573857
1080664785
1080604646
1071014017
1071003934
1082545997
1082566198
1082576900
1071030295
1082547397
1082562807
1080650183
1070999196
1082521478
1082538169
1082541814
1071024196
1082559696
1080664258
1082580537
1071038073
1082542093
1082553156
1071022114
1071019200
1082569124
1082542290
1071002360
1082565081
1082553564
1080636972
1082523671
1082583046
1071033189
1071011172
1082555726
1071021790
1082539733
1071036001
1082532515
1082542553
1080622797
1071007075
1071025146
1080615508
1071035020
1071159130
1071192182
1080651852
1080643194
1080625731
1071166816
1080641508
1080636642
1080615581
1080649044
1080626971
1071205490
1080665618
1071194390
1080604808
1071208404
1080648382
1080609192
1071202286
1080653101
1071181851
1080656660
1071160425
1071193256
1071199655
1071206773
1080620242
1080612628
1071201560
1071159492
1080664029
1071198889
1071203705
1080612147
1080659928
1080618989
1071206186
1080658665
1082558939
1082574764
1080650665
1071004133
1080624804
1082553451
1071015645
1082550010
1082524369
1082546963
1082521159
1080621400
1082565553
1080625656
1080667868
1071030462
1080643102
1080608197
1082557509
1082573467
1082583903
1070997990
1082524462
1082550924
1082533754
1082534172
1080619076
1071022516
1082540072
1082530293
1071035641
1082577289
1071026173
1082557592
1071020070
1082554479
1080623341
1080660049
1071038504
1071002813
1082557041
1082547126
1082566156
1082583162
1082531024
1071034787
1082546259
1082547906
1082576273
1082555319
1080664981
1082562439
1071010921
1080621524
1082534775
1080632501
1082524285
1082539240
1071026473
1080608244
1071014532
1082571021
1080613795
1082573435
1082559728
1082567818
1082557427
1080654750
1082555174
1071003139
1082565738
1080637917
1082578843
787
374377091
374377071
374377046
374377035
374377025
374377002
374376990
374376977
374376403
374376415
374376425
374376442
374376449
374376475
374376493
374376506
374376562
374376576
374376594
374376602
374376618
374376630
374376638
374376645
374376654
373409928
373409913
373409892
373409883
373409868
373409861
373409856
373409849
374376667
373409834
373409826
373409816
373409811
373409803
373409796
373409792
373409784
373409778
373409771
373409761
374376386
375981665
373409753
374375719
374375738
374375753
374375764
374375826
374375841
374375857
374375868
374376046
374376024
374375992
374375979
374375970
374375954
374375941
375981732
264358143
264358138
264358088
264358126
264358129
264358132
264358134
373409598
1102915238
1102915246
1102915243
1102915240
1102915236
1102915244
1102915241
1102915237
1102915245
1102915242
1102915239
375981684
375981708
375981715
375981725
373409463
373409482
373409436
373409441
373409449
373409453
373409487
251369987
251369984
251369983
373433137
251369981
251369982
374375893
374375904
374375913
374375926
374376084
374376100
374376114
374376131
374376147
374376203
374376220
374376233
374375882
374376272
374376280
374376314
374376334
374376353
374376367
251369997
373409690
373409698
373409709
373409716
373409724
373409730
373409735
373409740
373409747
374377186
374377166
374377154
374377136
374377125
1304793172
1304793210
1304793149
1304793150
1304793179
1304793183
1304793194
1304793200
1304793152
1304793213
1304787924
1304787963
1304787925
1304787994
1304787952
1304787970
1304787972
1304787975
1304787997
1304787954
1304793175
1304793248
1304793242
1304793245
1304793249
1304793147
1304793144
1304793146
1304793148
1304793184
1304793196
1304793202
1304793156
1304793153
1304793171
1304793215
1304793180
1304793151
1304793216
1304793209
1304793222
1304793174
1304793181
1304793188
1304793198
1304793205
1304793211
1304793214
1304793203
1304793220
1304793224
1304793218
1304793227
1304793228
1304793225
1304793230
1304793158
1304793173
1304793177
1304793119
1304793138
1304793258
1304793185
1304793283
1304793176
1304793262
1304793259
1304793270
1304793281
1304793246
1304793250
1304793234
1304793236
1304793122
1304793123
1304793125
1304793128
1304793164
1304793212
1304793217
1304793221
1304793140
374582622
373409503
265458450
265458452
265458454
265458457
265458459
265458462
265458464
265458467
265458469
265458471
265458472
265458473
265458474
265458475
265458476
265458477
265458478
265458479
265458480
265458483
265458486
265458487
265458488
265458489
265458490
265458491
265458492
265458493
265458496
265458499
265458502
265458504
265458507
265458509
265458510
265458511
265458512
265458513
265458514
265458515
265458516
265458517
265458518
265458519
265458520
265458521
265458522
265458523
265458524
265458525
922441604
265458526
265458527
265458528
265458529
265458530
265458532
265458533
265458536
265458538
265458540
265458543
265458581
265458579
265458577
265458574
265458572
265458569
265458567
265458564
265458562
265458559
265458557
1103614152
265458555
265458552
1103614173
265458550
265458548
265458545
1103606356
1103606390
1103606351
1103606385
1103606345
1103606381
1103606423
1103606363
1103606420
1103606358
1103606416
1103606353
1103606388
1103606349
1103606383
1103606352
1103606386
1103606346
1103606382
1103606344
1103606380
1103601192
1103601255
1103601249
1103601200
1103601270
1103601222
1103601281
1103601294
1103601234
1103601166
1103601247
1103601193
1103601257
1103601216
1103601278
1103601225
1103601291
1103601228
1103601164
1103601242
1103601181
1103601252
1103601203
1103601195
1103601269
264358083
264358080
264358078
264358076
264358075
264358073
264358072
264358070
264358069
264358067
264358064
264358063
264358061
264358060
264358058
264358056
264358055
264358053
264358052
264358050
264358049
264358043
264358042
264358040
264358039
264358037
264358035
264358034
264358032
264358031
264358029
264358026
264358025
264358023
264358022
264358020
264358018
264358017
264358015
264358014
1103614178
264358012
264358011
1103614157
264358008
264357995
264357985
264357983
264357982
264357980
264357979
264357976
264357972
264357971
264357961
1103614149
1103614175
1103614154
1103614180
1103614160
1103614185
1103614165
1103614189
1103614148
1103614174
1103614153
1103614179
1103614158
1103614183
1103614163
1103614187
1103614167
1103614195
1103614171
1103614150
1103614176
1103614155
1103614181
1103614161
1103614159
1103614184
1103614164
1103614188
1103614168
1103614196
1103614172
1103614151
1103614177
1103614156
1103614182
1103614169
264358028
1103601245
1103601189
265458589
265458591
265458593
265458596
265458598
265458600
265458603
265458605
265458607
265458610
265458612
265458614
265458617
265458619
265458621
265458624
265458627
265458629
265458631
265458634
265458636
265458639
265458643
265458645
373409607
265458648
265458658
265458671
265458684
265458692
372939256
372939262
372939268
1102915019
1102915007
1102915014
1102915020
1102915005
1102915012
1102915017
1102915023
1102915010
1102915006
1102915013
1102915018
1102915024
1102915011
1102915015
1102915021
1102915008
27114564
265458747
265458742
265458740
265458719
265458701
373409617
373409622
373409626
373409630
373409635
373409642
373409648
373409654
373409660
373409665
373409670
373409677
1304793272
372939248
372939236
372939230
372939225
372939219
372939277
372939273
374582139
374582121
374582087
374582058
374582024
374581972
374581950
374581926
374581902
374581878
374581856
374581833
374581812
374581787
374581767
374581738
374581706
374581684
374581662
1304793143
1304793187
1304793112
1304793113
1304793115
1304793117
1304793251
1304793255
1304793252
1304793254
1304793256
1304793257
1304793253
1304793264
1304793265
1304793269
1304793267
374581584
374581558
374581526
374581491
374581288
374581252
374581226
374581198
374581164
374581141
374581104
374581077
374581051
374580994
374580929
374580856
374580811
374580756
374580739
374580722
374580707
374580678
374580639
374580623
374580604
374580597
374580537
374580519
374580492
374580408
374580390
374580363
374580343
374580328
374580298
374580278
374580267
374580253
374580243
374580148
374580126
372939309
372939283
372939286
372939289
374582680
374582657
374582978
374582737
374582952
374582928
374583028
374582898
374582835
374582716
374582700
374582854
374582874
374582787
374582758
374582599
374582586
374582563
374582543
374582523
374582502
374582470
374582445
374582421
374582379
374582357
374582320
374582294
374583007
372939311
372939291
372939294
372939296
372939299
372939307
374376895
374376914
374376880
374376866
374376857
374376845
374376834
374376823
374376808
374376793
374376777
374376727
374376709
374376697
373409946
373409962
373409970
373409979
373409986
373409990
373409995
373410011
373410016
373410020
373410025
373410041
373410046
373410051
373410055
373410060
373410065
373410071
373410077
373410082
373410085
373410091
373410096
374579883
374579915
374579945
374579994
373410114
373410119
373410125
373410131
373410135
373410141
373410152
373410165
373410177
373410202
373410233
373410241
373410243
373441780
373441789
373441795
373441802
373441808
373441814
373441821
373441830
373441836
373441839
373441845
373441851
373441857
373441864
373441868
373441874
373441879
373441881
373441890
373441892
373441894
373441898
373441899
373441902
373441904
373441906
373441909
373441912
373441914
373441917
373441921
373441926
373441931
373441935
373441940
373441943
373441949
373441954
373441961
373441967
373441976
373441982
373441991
373441997
373442002
373442009
373442014
373442020
373442027
373442033
373442039
373442046
373442049
373442054
373442058
373442061
373442065
373442069
373442072
373442075
373442078
373442082
373442089
373442093
373442098
373442100
373442104
373442106
373442109
373442114
373442118
373442121
373442127
373442130
373442133
373442136
373442140
373442147
373442151
373442156
373442162
373442166
373442168
373442171
373442175
373442181
373442186
373442191
373442195
373442200
373442203
373442207
373442213
373442218
373442222
373442226
373442232
373442236
373442249
373442252
373442274
373442268
373442262
0
3
264357602
264357630
264357637
73
1080630713
1080640626
1080621775
1208599049
1208599325
1208599090
1208599406
1208599278
1208599153
1208599135
1208599170
1208599386
1208598922
1208598924
1208598940
1208598945
1208599093
1208599005
1208598987
1208599327
1208599196
1208599261
1208599265
1208599263
1208599262
1208598996
1208598989
1208599052
1208599045
1208599048
1208599357
1208599095
1208598939
1208599112
1208599127
1208599396
1208599187
1208599264
1208599281
1208599276
1208599329
1208599310
1208599105
1208599131
1208598952
1208599006
1208598966
1208598920
1208598971
1208598970
1208599014
1208599376
1208599044
1208599371
1208599366
1208599246
1208599344
1208599288
1208599226
1208598975
1208599218
1208599067
1208599065
1208599282
1080639596
1080643230
1080664468
1080634780
1080643286
1080651957
1080604377
1080639668
1080660243
0
126
373622772
372932330
374736611
374736621
374736630
374736641
376081430
372932074
372932084
372932045
372932006
376081310
376081318
376081203
372931969
372931913
372931921
372931800
372931808
372931813
372931845
372931838
372931829
372931822
376081268
376081273
372931958
376081287
372931956
372931954
372931950
372931942
372931937
372931931
376081240
376081232
376081222
374736549
374736563
372931964
376081249
376081260
372931890
373622767
372931793
376081291
376081300
372931971
372931975
376081328
376081336
376081345
372932005
372932034
372932031
372932029
372932027
372932024
372932022
372932019
372932014
372932012
372932010
372932007
372932037
373622768
376081369
372932054
372932056
376081396
372932061
372932059
376081384
376081393
372932088
372932095
372932255
372932257
376081405
376081423
376081407
376081418
372932278
372932274
374736673
374736652
372932291
376081453
376081460
376081444
372932342
376081484
376081474
376081492
372932403
372932380
372932374
372932365
372932367
372932372
374736754
374736741
374736727
372932355
372932360
372932326
372932324
372932321
372932318
372932310
372932308
372932333
597567960
597567959
597567958
597567957
597567956
597567955
597567954
597567953
597567950
597567949
597567948
597567947
597567946
597567945
234
374583854
377009383
374583497
374583475
374583453
373374497
374699642
374699560
373374505
374699586
376000121
374667140
374667120
251207212
376000094
376000069
376000047
374584233
374584216
374584198
374584181
374583303
374583326
374583345
372938738
372938736
372938734
372938731
372938729
376000025
372938726
372938723
372938721
372938718
372938743
372938740
251207246
251207244
251207243
1345340327
374584167
1162282898
1162282969
1162282826
251207198
1162282821
377875955
376000162
376336288
376336287
374583681
374583700
374583781
376081165
374583799
251208852
250834236
250834237
250834238
250834239
373381562
250834233
250834240
250834234
250834235
1161457499
1161457497
1161457496
1161457498
741685884
1163560385
1163560430
1163560395
741685869
251209063
1162282927
1162282801
1162282959
1162282900
1162282911
1162282916
1162282970
1162282819
1162282828
1162282954
1162282806
1162282973
1162282803
1162282912
1162282790
1162282863
1162282938
1162282918
1162282837
1162282996
1161620633
1161620629
1161620647
1162282853
1162282878
1162282857
1161620643
1161620631
1161620649
1162282875
1162282961
1161457500
251208954
373374549
251208951
251208949
251208947
251208946
251208945
1162282811
1162282976
1162282894
1162282829
1162282930
1162282890
1162282981
1162282920
1162282896
1162282943
1162282877
1162282817
1162282855
251208958
374666918
373622782
251207206
251207207
251207209
376336291
741685855
376336292
251207211
251207210
373622779
251207228
251208962
251207220
251207219
376001102
376000912
374667337
376000896
374667496
376011955
376011929
376011914
377059363
376081157
376064317
374699510
374699497
374699489
374699467
374583834
376064548
376064610
376064587
376064541
376064358
376064338
376064458
374667413
376064366
376064381
374667443
376014216
374667350
376081145
376011277
374667508
376011265
251207216
251207215
251207214
374666910
374667323
374667162
374667173
374667128
374667150
376000463
375999743
374666900
376000111
376336275
376081174
374667368
376081193
376000704
376014256
376000651
374667095
376000670
376000630
374667471
374667455
376011969
376320867
376064779
376064794
376064806
376320880
376320870
376320871
377059237
374667426
374667483
376064706
376081139
374699551
373374506
374699598
374699572
373374500
373374485
373374489
373374490
373374493
373374494
374583820
376320863
387532907
385267896
374791582
374791596
374791612
374791625
374791642
374791654
1
374736602
12
372931786
372931681
372931868
372931692
372931704
372931715
372931727
372931738
372931748
372931756
372931762
372931770
3
373374534
373374530
373374528
2
251207968
251207962
6
1205773927
1205774043
251697951
1205774016
251697952
1205774045
238
1205766906
1205766995
1205766493
1205766859
1205766998
1205766717
1205766692
1205766865
1205766948
1205767030
1205766958
1205766952
1205766535
1205767037
1205766751
1205766539
1205766506
1205766570
1205766529
1205766531
1205766617
1205766678
1205766727
1205766607
1205766756
1205766950
1205766748
1205766900
1205766525
1205766560
1205766558
1205766575
1205766499
1205767051
1205766869
1205766965
1205766983
1205766997
1205766830
1205766571
1205766532
1205766808
1205766795
1205766522
1205766850
1205766491
1205766846
1205766497
1205766893
1205766887
1205766926
1205766563
1205766867
1205766613
1205766519
1205766863
1205767041
1205766503
1205766801
1205766568
1205766686
1205766724
1205766711
1205774012
1205773967
1205774025
1205774014
1205773920
1205773921
1205774000
1205773962
1205773930
1205773954
1205773925
1205773922
1205773958
1205773956
1205774023
1205773960
1205773986
1205773993
1205774038
1205773997
1205773984
1205773988
1205773963
1205773969
1112924108
1112923969
1112923995
1112924092
1112923932
1112924079
1112924105
1112924019
1112924047
1112924106
1112923952
1112924048
1112924080
1112924032
1112924063
1112923980
1112924005
1112924046
1112924077
1112924062
1112924055
1112924002
1112924029
1112923990
1112924015
1104445047
1104444993
1104444945
1104444987
1104445074
1104445024
1104444930
1104445028
1104444983
1104445077
1104445001
1104444923
1104445051
1104444990
1104444947
1104444909
1104445045
1104332673
1104332708
1104332717
1104332705
1104332714
1104332669
1104332709
1104332728
1104332667
1104332671
1104321471
1104321482
1104321494
1104321509
1104321465
1104321499
1112924102
1112924074
1112923977
1112923950
1112924061
1112923992
1112923968
251697941
1104330131
251697946
1104444925
1104445049
1104444944
251698401
1104444968
1104444911
1104444924
1104444966
1104445011
1104445078
1104444985
1104445031
1104445052
251697944
1104444943
1104444967
1104445033
251697943
1104332722
1104332639
1104330128
251697942
741685872
1112924060
1112923979
1112924004
1112924041
1112924070
1112923989
1112924044
1112924090
1112924059
1112923967
1112923916
1112924076
1112923937
1112924098
1112923999
1112923973
1112924014
1112924018
1112924078
1112924049
1112923931
1112924020
1112924067
1112924035
1112924027
1112924094
1112924033
1112923994
1112923988
1112923964
1112924040
1112924013
1112924031
1112924101
1112923951
1112924030
1112924003
1112924045
1112924017
1112924103
1112924075
1112924016
1112923991
1112924073
1112924010
1112924037
1112924099
1112923945
1112924042
1112924071
1112924024
1112924052
1112923974
1112924000
1112924034
1112924065
1112923982
1112924006
1112923970
1205773952
1
1205774021
6
251697949
1205774008
251697948
251697947
1205773983
1205774047
1
374736568
110
597568666
597568665
597568664
597568663
597568662
597568661
597568660
597568659
597568656
597568654
597568651
597568650
597568649
597568648
597568647
597568646
597568645
597568644
1103666450
1103666506
1103666498
1103666554
1103666485
1103666544
1103666469
1103666479
1103666535
1103666463
1103666519
1103666448
1103666504
1103666441
1103666497
1103666553
1103666484
1103666542
1103666468
1103666528
1103666451
1103666508
1103666445
1103666556
1103666489
1103666548
1103666478
1103666533
1103666462
1103666517
1103666447
1103666503
1103666560
1103666496
1103666552
1103666482
1103666540
1103666467
1103666526
1103666530
1103666453
1103666511
1103666464
1103666521
597568582
597568583
597568584
597568585
597568586
597568587
597568588
597568589
597568590
597568591
597568592
597568593
597568594
597568595
597568596
597568598
597568599
597568601
597568602
597568603
597568604
597568605
597568606
597568607
597568608
597568609
597568610
597568611
597568612
597568613
597568614
597568615
597568616
597568620
597568621
597568622
597568623
597568624
597568625
597568629
597568630
597568632
597568634
597568635
597568636
597568638
597568641
597568642
41
1103666442
1103666449
1103666522
1103666465
1103666537
1103666480
1103666550
1103666494
1103666558
1103666501
1103666512
1103666454
1103666531
1103666471
1103666546
1103666487
1103666555
1103666499
1103666443
1103669815
1103669844
1103669819
373388524
373388599
373388603
251369974
251369975
373388588
251369977
373388519
251369972
251369973
373388516
1103669846
1103669818
1103669841
1103669812
1103669838
1103669811
1103669835
1103669823
1
1103666481
10
1103666452
1103666510
1103666446
1103666502
1103666559
1103666495
1103666444
1103666500
1103666557
1103666493
2
1103666524
1103666466
0
4
604672516
604672504
604672529
604672501
0
86
603324967
603324973
603324982
603324841
603324840
603324837
603324101
603324423
603324137
603324112
603324110
603324108
603324041
603324040
603324051
603324052
603324053
603324054
603324055
603324056
603324057
603324070
603324069
603324058
603324049
603324045
603324046
603324047
603324024
603324060
603324044
603324043
603324038
603324019
603324014
603324016
603324010
603324988
603324082
603324081
603324080
603324021
603324020
603324026
603324149
603324148
603324105
603324073
603324104
603324107
603323064
603324598
603324734
603324609
603323063
603323060
603323059
603323969
603323968
603323967
603324895
603324898
603323950
603323949
603324882
603323071
603324851
603323069
603323944
603323945
603323929
603323932
603323934
603324628
603324634
603324695
603324653
603324658
603324814
603324834
603324832
603324836
603324798
603324858
603324915
603324927
0
2
374580083
374580066
15
374580019
373409511
373409517
373409523
373409527
373409533
373409538
373409544
373409550
373409554
373409558
373409563
373409570
373409576
373409583
1
251369965
5
251369989
375981680
251369993
251369992
251369991
18
251369943
375981754
373362291
251369931
251369932
251369934
373381681
373381688
251369936
251369937
251369939
251369927
373362297
373362295
251369941
251369942
375981762
375981758
0
2
264357472
264357491
105
1345855248
1345854761
1345855080
1345855246
1345855027
1345854969
1345855141
1345854686
1345854926
1345854982
1345854943
1345855216
1345855241
1345854767
1345854867
1345854977
1345854678
1345854756
1345855195
1345855179
1345855203
1345855110
1345855166
1345855139
1345854869
1345855197
1345855178
1345855114
1345855181
1345855054
1345854972
1345855189
1345855162
1345855067
1345855086
1345855280
1345855065
1345854864
1345854955
1345854916
1345854862
1345855128
1345854789
1345855211
1345854693
1345854739
1345854741
1345855243
1345854683
1345855263
1345854668
1345854644
1345854857
1345855008
1345854886
1345854858
1345854688
1345855260
1345854630
1345854914
1345854708
1345854744
1345855170
1345854974
1345854782
1345854833
1345854611
1345855261
1345854713
1345854710
1345855005
1345854788
1345855152
1345855003
1345855285
1345854705
1345854715
1345854947
1345855275
1345854728
1345855149
1345855212
1345855214
1345854712
1345854835
1345855147
1345854892
1345854910
1345854979
1345855231
1345855146
1345855148
1345855150
1345855182
1345854918
1345854759
1345855127
1345855129
1345855187
1345855062
1345854632
1345855035
1345854736
1345854950
1345854855
74
1112924022
1112923984
1112924008
1112924109
1112923960
1112924012
1112924039
1112923987
1112924091
1112923936
251698366
251698368
1112924086
1112924112
1112924026
1112924054
1112923914
1112923966
1112924058
1112924089
1112924043
251698339
251698342
251698343
373341832
251698316
251698317
251698318
251698319
251698320
251698321
251698322
251698331
251698330
251698329
251698328
373341835
373341838
251698326
251698327
1103684119
251698333
251698334
251698335
251698344
373341840
251698340
251698347
251698348
251698349
251698350
251698355
251698356
251698357
251698351
373341847
373341850
251698353
251698359
251698360
251698361
251698376
251698374
251698373
251698371
251698370
251698377
251698369
1112924064
1112924107
1112924081
1112923953
1112924097
1112924069
29
1112924104
1112924028
1112923949
1112923976
1112924113
1112923965
1112924056
1112924087
1112923934
1112923971
1112924068
1112924095
1112924050
1112924082
1112923996
1112924021
1112924084
1112924110
1112924023
1112924051
1112924009
1112924036
1112923961
1112923985
1112923986
1112924011
1112924111
1112923935
1112924096
15
1112923975
1112924083
1112923983
1112924072
1112924100
1112924053
1112923998
1112924085
1112924001
1112924025
1112924066
1112924093
1112924007
1112923997
1112923993
3
1104631077
1104631116
1104631083
38
1104631136
1104631157
1104631096
1104631117
1104631145
1104631166
1104631108
1104631127
1104631106
1104631154
1104631092
1104631122
1104631141
1104631150
26023598
1104631159
1104631138
1104631165
1104631095
1104631126
26023600
1104631112
1104631087
26023602
1104631130
1104631101
1104631078
1104631134
1104631093
1104631123
1104631142
1104631079
1104631102
1104631131
1104631151
1104631089
1104631148
1104631085
7
376081613
376081602
374699631
376081651
376081660
373362245
251207184
2
251207182
251207180
7
377059196
374667303
374667186
374667194
375981792
377059175
374667240
13
250834305
250834306
250834307
250834308
250834309
250834311
373341806
373341817
373341813
373341821
373341809
373341815
373341826
14
373341784
251698536
251698309
251698308
251698307
251698306
250834317
250834316
250834312
250834313
373341802
373341776
373341781
373341794
230
1104631160
1104631132
1104631113
1104631080
1104631152
1104631124
1104631103
1104631164
1208582605
1208582805
1208582394
1208582416
1208582365
1208582352
1208582604
1208582722
1208582816
1208582466
1208582318
1208582676
1208582579
1208582783
1208582714
1208582658
1208582485
1208582788
1208582452
1208582702
1208582646
1206300706
1206301018
1206300699
1206300431
1206300990
1206301172
1206300579
1206301023
1104631086
1104631111
1104631137
1104631158
1104631098
1104631167
1104631156
1104631084
26023606
1104590573
1104590518
1104590408
1104590375
1104590376
1104590411
1104590521
1104590575
1104590467
1104590571
1104590386
1104590420
1104590541
1104590580
1104590404
1104590454
1104590568
1104590550
1104590374
1104590418
1104590464
1104590578
1104590381
1104590430
1104581346
1104581338
1104581332
1104581349
1104581343
1104581336
1104581329
1104613747
1104613770
1104613760
1104611444
1104613752
265457994
1104581337
1104581345
1104581335
1104592191
1104592188
1104592184
1104592193
1104592190
1104592186
1104592183
1104592192
265458020
265458018
265458016
265458013
265458006
265458004
265458001
265457999
1104611575
1104611549
1104611481
1104611454
1104611413
1104611557
1104611511
1104611539
1104611438
1104611584
1104611474
1104611545
1104611504
1104611473
1104611541
1104611588
1104611442
1104611483
1104611555
1104611610
1104611452
1104611510
1104611417
1104611603
1104611477
1104611576
1104611485
1104611552
1104611404
1104611590
1104611469
1104611508
1104611408
1104611443
1104611516
1104611592
1104611418
1104611414
1104611559
1104611512
1104611535
1104613754
1104611547
1104611420
1104611502
1104613766
1104613744
1104613756
1104613761
1104613739
1104613748
1104613757
1104613763
1104613743
1104613751
1104613740
1104613750
264357063
264357065
1104613745
1104613764
1104613759
264357085
264357088
264357090
264357093
264357096
1104590369
264357098
264357102
1104587300
264357108
264357105
1104587267
264357103
1104590576
1104590458
1104590412
1104590372
1104590564
1104590577
1104590529
1104590415
1104590379
1104590566
1104590461
1104590403
1104590373
1104590537
1104590434
1104590383
1104590579
1104581347
1112788309
1104590401
1104590423
1104590545
1104590406
26023612
1104581331
1104581348
1104581342
1104581350
26023610
1104581334
26023608
1104631162
1104631099
1104631119
1104631128
1104631109
1104631168
1104631147
1104631144
1104631081
1104631104
1104631133
1104631153
1104631091
1104631114
1104631140
1104631161
1104631100
1104631121
1104631082
1104631107
1104631094
1104631115
49
604626626
604624850
604625439
604625736
604625595
604624115
604625758
604625521
604625932
604625695
604625646
604625861
604626041
604625305
604625280
604625168
604625221
604625231
604625243
604625009
604625029
604625053
604624975
604625089
604624954
604624940
604626355
604626365
604624878
604624863
604626477
604626462
604626440
604626398
604626409
604626300
604626199
604626244
604626157
604624186
604624195
604624003
604624037
604624048
604624064
604624077
604624088
604624129
604624145
4
251698310
251698311
251698312
251698419
0
1
250834323
0
35
1080639054
1208599372
1208599315
1208599305
1208599018
1208599010
1208598947
1208599007
1208599180
1208599069
1208599184
1208599155
1208599008
1208599313
1208599025
1208599029
1208599027
1208598993
1208598990
1208598988
1208599117
1208599109
1208599077
1208599072
1208599342
1208599009
1208599011
1208599003
1208599149
1208599210
1208599216
1208599297
1208599028
1208599064
1208599234
30
1208599309
1208599298
1208599097
1208599370
1208599337
1208599223
1208599031
1208598969
1208598974
1208599382
1208599212
1208599220
1208599323
1208599150
1208599129
1208599136
1208599252
1208599360
1208599159
1208599133
1208599038
1208598962
1208599035
1208599268
1208599026
1208599032
1208599047
1208599188
1208599403
1208599389
18
1208599244
1208599157
1208599224
1208599020
1208599205
1208599066
1208599091
1208599209
1208599283
1208599089
1208599318
1208599266
1208599291
1208599016
1208599333
1208599144
1208599128
1208599241
0
0
27
597568112
597568111
600525697
600525698
600525699
600525700
600525702
600525704
600525705
600525706
600525707
600525696
600525710
600525711
600525713
600525714
600525715
600525717
600525709
600525708
600525725
600525724
600525722
600525721
600525719
600525718
600525727
3
1208599363
1208599174
1208599355
0
14
1163560403
1163560378
1163560401
1163560428
1163560416
1163560377
1163560355
1163560360
1163560363
1163560382
1163560414
1163560397
1163560373
1163560387
6
1075500349
1080652038
1080667878
1075520906
1080622879
1075524597
4
377887906
377887900
377887893
377887869
23
1345825028
1345825057
1345824990
1345825087
1345824762
1345824946
1345824716
1345824992
1345824782
1345825079
1345824635
1345824862
1345824898
1345824904
1345825099
1345824728
1345824902
1345825073
1345825051
1345825106
1345825046
1345824761
1345824889
31
264358262
264358261
264358258
264358254
264358251
264358246
264358245
264358242
264358240
264358239
264358237
264358146
264358154
264358157
264358179
264358187
264358197
264358200
264358203
264358206
264358208
264358211
264358214
264358215
264358219
264358223
264358228
264358229
264358231
264358232
264358234
2
250834347
251698165
18
1104313083
1104321511
251697938
1104321466
1104321477
251697937
1104321489
251697936
1104321503
1104321521
251697935
922441602
1104433642
1104433659
922441565
1104433675
1104433640
1104433655
46
600798156
600798214
600798211
600798215
600798159
600798160
600798164
600798170
600798142
600798158
600798150
600798149
600798147
600798145
600798144
600798220
600798219
600798218
600798217
600798216
600798227
600798226
600798225
600798224
600798223
600798190
600798189
600798193
600798183
600798186
600798163
600798169
600798228
600798167
600798201
600798199
600784551
600784607
600784604
600784600
600784617
600784619
600784622
600784548
600784553
600784557
10
372939129
372939120
372939116
374375658
374375626
372939201
372939195
372939191
372939166
372939159
1
373341830
0
7
600798094
600798096
600798097
600798099
600798117
600798101
600798119
1
603323915
14
600798102
600798104
26023748
600784609
26023752
600784545
26023750
600784543
600798115
600798114
600798112
600798111
600798109
600798108
0
0
0
4
26023638
26023634
26023632
26023628
0
0
5
604624251
604624394
604624289
604624278
604624262
2
600829347
1304922626
2
373374435
373374449
2
1028416477
1028418271
0
0
0
7
1104611513
1104611586
1104611482
1104611608
1104611509
1104611411
1104611561
0
0
28
27114563
27114553
27114549
27114548
27114547
27114545
27114543
27114541
27114539
27114537
27114535
27114531
27114528
27114524
27114522
27114519
27114517
27114515
27114511
27114510
27114509
1304787824
27114493
27114496
27114498
27114500
27114502
27114504
6
600798122
600798138
376320847
376320848
376320849
376320852
3
376320846
376320844
376320841
9
376320821
376320822
376320823
376320828
376320829
376320831
376320833
376320836
376320835
2
1345340325
1345340353
0
1
376000770
12
597568010
597568008
597568007
597568006
597568005
597568004
597568003
597568002
597567976
597567978
597567980
597567998
3
741685828
741685866
741685873
11
741685821
741685881
741685803
741685859
741685876
741685847
741685870
741685812
741685891
741685831
741685817
1
373381583
7
372932448
376320806
376320807
376320811
376320812
376320813
376320816
8
600778300
600778304
26023738
26023740
600784533
600784537
26023742
26023744
0
0
1
1345340331
1
376081630
0
0
2
373381671
373381649
0
0
0
1
600798140
0
0
0
0
3
603324007
603324009
603324008
0
0
1
374736509
0
0
0
1
373374467
1
374667035
0
7
374583108
374583092
374583077
374583052
374583211
374583279
374583259
0
0
0
0
0
3
376011215
376011246
376011251
0
0
0
0
0
1
373381668
0
1
1103962150
0
0
3
373433147
373433184
373433161
0
0
0
0
0
0
1
603323111
0
0
0
0
5
1075522843
1075508013
1080628225
1080663363
1075516091
0
0
0
0
0
0
0
0
0
