7
10258
7860
4821
4904
8386
7401
4468
4929
6844
8929
3123
9946
7066
1658
5935
9196
4719
7963
2850
8902
3820
9781
610
8194
1158
8597
4014
425
8425
179
7507
7664
5688
6808
1409
5239
7119
797
6463
7674
1128
1915
10033
3939
8558
9933
2558
10263
3513
1416
5546
7352
210
1875
3453
9997
463
7181
6078
5899
10329
8447
10336
5962
4563
1829
9527
5599
3798
9655
7141
1055
4109
2449
4757
4039
4464
504
2946
8057
2006
5407
135
4296
1073
10182
2458
6311
3839
5188
4717
9766
7833
9230
617
520
4075
5591
10078
9290
6911
4384
3372
8524
9828
662
5764
1828
1292
1550
4937
1340
839
2395
86
8196
7284
3680
6800
6407
9410
3752
696
2299
9478
9627
3757
7612
6935
2741
2710
7912
2625
8507
7721
5890
2509
614
1384
4289
6065
626
2792
2527
1299
7403
8664
1833
2055
6938
6734
8855
1594
9000
1401
7032
1086
2049
3602
9868
9563
3418
6527
6807
4518
1037
1763
2141
7394
221
9817
3963
431
2574
4637
7148
7679
4858
1341
4520
7870
8179
5582
2446
8044
1794
6439
1886
6756
6359
6305
555
5303
287
32
586
5073
61
2582
9439
1972
3316
1321
3265
7183
3073
9668
9174
10150
1201
29
3705
8289
719
10109
2096
7087
2775
9659
7057
3470
1899
2538
10234
6626
7546
8291
9923
7980
3101
3266
2161
2325
5877
7025
9042
7282
1800
8925
1696
6082
3977
347
9062
9771
2081
5454
7954
1089
22
9782
2591
6984
6833
6184
6617
3474
1160
3044
8463
1797
2323
7598
4049
1667
251
3347
1799
6490
9707
6151
6480
7453
9324
5861
7731
4813
8061
3863
2489
1770
1664
7564
1569
1563
8529
3853
6464
2313
3728
7160
2329
10235
10313
1267
3407
8341
6529
5917
8024
5489
7003
8414
3187
3795
1981
3114
4784
5756
89
3925
178
10284
3590
8455
1468
4501
1167
9971
272
5496
3685
9600
4628
8600
6579
5441
3041
6246
5902
3106
9178
1701
9372
3095
4003
2406
7082
9959
3221
7115
6821
8297
3204
6546
9881
10067
1373
2773
9811
3603
6682
2430
7133
5794
4966
10258
6795
5642
5939
114
6432
4605
5681
96
169
3377
8037
9749
2456
4218
3956
602
2619
2258
691
8281
2576
6433
8187
2272
5431
6646
562
3038
500
5256
2244
4630
4303
65
9413
4624
3124
2189
9697
9335
10110
3097
7452
2759
4591
1944
7659
7539
7529
3144
3644
3397
3733
6635
9488
5988
3027
5977
5912
3072
8080
5490
9438
6952
3300
2590
7240
7323
7888
6098
6360
9684
558
8027
295
8542
9288
2383
2314
6601
3565
2997
387
5936
5485
6987
7582
5996
1114
8068
4820
2331
8656
2859
7247
477
2310
8884
9614
8421
1812
1802
1469
5780
289
2094
4740
8340
2124
3278
1018
2243
5225
3592
188
7475
620
8909
6588
4697
7442
8652
623
2733
9269
1551
6613
6517
6262
4266
8142
9261
8004
874
5209
3896
5446
1336
6042
5723
796
6182
4091
4324
1985
1371
2114
3192
9842
2144
6856
3937
4392
7248
1670
4698
5412
3530
5809
2840
9059
5284
8723
7428
3641
8133
3742
10196
6257
2322
7374
2023
6508
2149
9201
8706
3834
1835
7964
5156
597
1771
120
7426
4478
1220
5213
9901
7999
9985
5982
710
5907
6185
859
9449
4496
9014
2548
5133
7405
7704
1951
9529
1475
5732
7041
4887
3203
5230
8774
4319
7916
5817
7034
4643
2198
3243
4620
10032
9280
46
7111
1635
9879
9386
5645
7167
3052
5495
6611
3737
9718
4934
2764
6977
8503
3003
7490
10241
7511
1094
2185
629
2037
866
2661
1992
7998
43
3758
5998
7080
7468
9784
2210
4855
4798
3573
245
612
897
4670
8473
429
2758
727
1783
4710
3264
8454
2273
496
6690
4665
6431
35
5595
1624
391
979
3854
4241
5389
5747
5427
9460
6347
5324
7678
2269
9302
7768
9487
856
6872
2018
7335
6991
9455
7140
343
8687
6504
1813
5767
47
817
2375
10355
2914
2232
7543
6239
2178
9866
4590
5207
10212
6643
4923
4941
8372
9317
8946
3662
2476
10248
7722
6236
9616
8965
3059
680
93
10254
8733
5994
74
64
7227
238
6751
5223
4280
2572
3085
5444
7320
4442
4864
6815
4013
739
2238
5034
3751
7574
5611
8114
9078
7393
2384
1252
3663
9533
4043
7929
2170
124
9021
821
2843
1076
8553
9265
2529
6939
2508
7485
8815
2318
6962
5838
4619
6363
9155
1152
4332
4295
8536
5299
9197
7107
9003
9581
8462
2320
2045
1699
4042
5567
9248
3671
7544
1479
6213
3419
4107
9255
789
913
7147
6923
374
5597
5332
2666
7189
4336
9499
8634
851
4424
119
6513
4938
1830
7325
1541
3000
645
2129
2701
4549
9753
4490
205
8292
6512
6227
9516
2512
6750
6859
3569
3401
6822
769
3379
7585
7810
3576
3739
4342
5222
8164
5062
8172
10321
2878
968
7665
6606
2401
9674
6867
5943
1074
7691
3562
5095
6769
5153
824
6972
1222
7945
1150
7996
2862
7841
7661
10097
5383
5951
9618
6288
4190
290
4090
7055
9631
3438
4889
8731
8183
5502
9942
10247
7530
6372
3149
10147
7930
1492
8605
3661
3436
4294
7545
6497
9393
7943
9799
1472
3761
4112
5510
3635
4100
1630
3988
3414
5337
256
2909
4848
7967
2394
3359
3065
3002
3100
4143
231
7040
4452
6518
3701
2309
6748
7624
5967
1952
4747
5291
4301
6944
2705
4402
2387
6158
6266
6096
4528
6841
8763
10142
267
9129
6341
3880
9878
9727
565
6731
5775
6960
2061
4691
6802
5081
2457
2848
1750
6574
6099
37
6681
5146
4498
10113
10288
5140
3819
4709
5883
3792
5966
3426
9166
2085
4456
7139
3043
3332
4653
6549
7319
9548
5498
3387
9599
157
9681
6553
5017
8482
8342
5447
5068
8367
5696
4046
647
6543
9669
5463
5343
3596
6309
8621
6444
2819
225
7017
1008
5733
195
697
4568
7173
4491
363
7587
8011
9786
7400
3675
2409
3651
1210
9242
4638
7170
3918
7341
4458
1420
1878
9956
887
8895
5608
4996
9236
1398
1453
1248
8048
1296
1905
8331
5142
9945
8009
8238
5331
9643
2065
2967
6152
8379
10073
813
6770
1982
1528
4225
505
4443
5524
1381
10224
3950
1242
3115
8996
3725
3459
2392
3443
580
6904
9848
3782
8410
4270
14
9491
7717
5097
3337
7466
80
4002
9694
9672
8758
9667
2487
5622
8192
4441
6413
3250
3395
8594
7746
7815
8267
7736
9321
3079
5955
260
2763
1916
870
4570
3555
5915
8180
7791
8439
7895
6120
3704
2112
1540
2173
9609
4437
349
517
4883
3660
456
9802
9906
8337
4853
5118
5837
10179
6651
6835
7932
2242
1339
1356
843
7048
8168
5104
1906
5301
2184
54
1743
2418
5971
8746
7817
464
5763
5577
9846
1325
1034
733
2136
8385
8894
9307
2649
8124
3654
7692
5589
5847
5580
6186
7802
6425
9241
2980
4195
150
3990
7008
2654
4057
6950
8200
8904
764
4005
8642
10105
2152
1826
2794
8742
6547
175
9893
236
4074
8655
6595
5911
7121
8436
9676
2965
7767
38
7622
1565
1640
5421
2496
3127
7729
3630
3410
1379
9913
4422
7191
1834
2215
2978
8517
7174
8933
4814
6156
5760
1279
1124
6010
1739
4511
5240
982
2450
5876
7993
7947
2900
3966
1022
6641
8191
10185
6394
9069
4603
2451
10256
8332
1610
7643
8216
8871
1322
7672
5089
7309
8831
4984
8266
1197
6132
1942
3657
2146
8544
7146
6350
510
8896
3128
471
9308
539
3633
4791
2031
1726
8562
8214
5555
1997
5511
6183
4947
8648
9534
9733
2987
7834
6652
9454
6356
3345
2798
3564
1963
8013
10169
211
5300
1087
8661
5547
731
327
184
7203
10343
5573
4663
10003
8039
4472
10005
2884
8995
9016
5419
5714
855
6466
932
3324
8953
3710
4453
4150
890
9661
6812
1801
7503
9889
1566
6294
8609
3442
5255
7928
2470
6498
4162
6380
9539
3933
2598
7328
2870
3924
5745
8514
7120
5414
5624
8280
6218
969
7966
9301
4365
5783
965
412
6757
4382
2257
2131
10047
8215
1572
678
10324
5283
5781
1795
1614
9858
10286
10270
3343
4730
7920
5
2686
2388
3973
7555
1842
5480
7064
3326
8554
1311
1497
1583
7411
8641
9908
97
1425
7408
4488
10334
10062
3594
7338
17
6913
8492
10114
8632
10273
9018
2292
1502
3913
76
4932
5361
3028
4594
5513
1390
3084
1046
9170
8058
196
5296
8029
4273
757
5131
2584
9040
5530
8178
2046
1437
2813
5506
2788
312
5375
8530
9210
10059
2348
5478
8071
4997
9934
7619
9650
8159
9350
5091
5922
8303
116
6721
6494
9041
6798
4493
1439
427
5082
4379
1843
5976
7685
6715
1038
10188
9200
6159
4509
4673
2334
2162
9208
8261
9920
2627
7989
1529
154
315
6396
3295
2004
1558
6377
2826
6777
7362
4056
9352
7613
5231
6888
6779
9834
3961
2847
884
1994
2462
7482
102
5116
7549
9873
3871
2753
5786
9219
4527
9654
5728
1872
2440
509
2317
3707
8471
2736
6610
6752
5816
6157
8566
6660
5127
8076
1310
10173
8988
511
6175
3173
9977
8054
5099
3697
508
8324
2552
5627
7068
3955
832
7060
6139
9634
5664
8552
451
7903
3177
10275
7534
8673
1714
5835
5793
9254
6661
3897
10328
6668
4573
4648
998
8576
5083
7042
5671
1405
392
5657
170
5867
7813
1394
9272
4863
7076
660
2153
10168
6554
2635
4564
2821
5923
9740
825
6616
4829
10278
6589
4884
1233
876
9140
5313
1805
3643
1932
6138
6738
9513
7253
1636
1260
9730
2142
9582
8695
9331
1864
6824
9456
8616
4787
1432
8660
10077
5482
4086
7381
2633
802
6590
2559
6273
5288
667
6102
2072
7610
8775
8226
8208
896
3315
214
2195
7026
7271
5398
6530
4444
5253
3301
5615
3611
9833
9822
10011
7389
8898
7762
6531
5544
9622
4193
2567
1236
5445
1263
7083
1407
5761
404
10118
338
1317
1110
9001
1302
8460
15
7741
5345
6803
7952
1727
762
9088
4746
2868
190
3947
3638
246
2186
2860
1760
3025
5782
5195
9421
5233
234
9875
4773
6974
4910
1954
1764
1470
2795
9246
9569
1200
2432
6033
6988
9328
4835
10249
5067
8016
8146
4825
915
2986
529
5755
8759
3215
3147
7444
951
4288
4877
9642
6656
6027
3005
886
4044
3353
5180
4664
8772
4015
4229
1911
7955
2167
3105
3788
7024
9702
9585
5523
6793
7526
8361
669
726
7547
6881
8525
3875
3693
2713
5262
4343
9162
8919
5258
8102
564
9053
2683
2359
3632
9409
5839
10281
6535
7844
443
4182
5440
79
5568
7129
7327
5539
8095
2951
1857
2289
8686
4376
4397
5646
2680
7368
7829
10054
7973
5024
9459
2711
1262
9969
388
5748
2328
5374
9961
7019
2824
552
1140
882
6592
1788
1358
23
9885
7036
1827
7734
9429
8167
3361
8608
7225
2568
7027
10298
8822
3743
5450
4025
3107
9687
8559
6428
5161
7533
10087
2011
6245
7514
7617
6131
5621
8431
5077
3730
5740
4583
8941
1893
3843
4577
7668
2668
7709
1410
1697
1181
8307
2587
1171
3179
6164
689
9856
7876
4731
2414
3629
6544
3219
3489
836
1877
7811
1399
2743
259
3534
3217
2659
9912
2428
3015
4634
7775
8275
6133
10319
10154
3895
2658
2577
773
2781
4833
348
8224
4338
9087
4347
9309
6030
9418
7207
1898
10130
4812
5449
5722
3912
8198
2040
1892
297
6058
4572
7480
2678
1622
8843
7508
3902
9592
772
5773
4311
4471
2361
881
2948
2889
2121
7642
3153
4142
487
8744
2822
9876
2671
7410
6714
9327
4838
4862
9495
7149
8939
7209
4262
1026
9928
9338
2927
8416
4212
703
4138
7013
5885
4214
357
30
938
5487
6973
2780
3210
9995
3712
4954
2285
3870
6772
3335
4278
5002
2725
1789
8631
3518
9779
960
3600
2069
10317
4651
7387
3111
4616
581
8107
8560
1459
814
4852
4157
6352
2595
273
235
5395
7090
9240
8315
8450
5244
1190
2008
2246
6129
9564
2453
4565
430
2839
9010
10280
2212
3585
4360
1544
4427
3665
2426
3703
2204
7517
5013
2271
1682
7506
3679
9183
2182
3570
4839
3604
9886
1271
4430
9389
5968
6338
9419
5470
7751
5548
9165
9264
2466
6111
4128
2768
6335
148
2368
6071
10014
6325
4244
1403
1202
591
6040
2957
2714
3331
4823
2150
4300
5196
8075
1613
8665
2366
732
1293
7552
5492
370
588
7275
5675
10193
4356
4851
3186
693
9032
9556
2225
5417
5423
8415
5210
2431
2035
10155
8897
9943
8935
1754
9250
9792
6296
4556
4064
4610
3455
9195
4967
6076
1239
7259
5583
1720
2134
5020
322
5109
6801
1075
8734
1574
4707
10029
9354
1501
6764
6846
8000
3650
8972
8347
2119
1993
1035
60
763
8999
4204
9770
2644
9039
4302
6858
10314
554
9133
6806
5884
3971
5103
1753
7959
4758
3501
1146
2143
690
4585
502
2354
3473
4283
9818
2405
369
6780
7705
6703
8197
3826
6317
5235
7573
7414
9125
2964
8937
8393
4970
1590
9561
8273
4425
7084
8881
3370
9864
8908
2012
8954
9814
8702
1924
3416
8689
283
10159
3429
611
2298
784
6470
301
5352
587
8574
3942
2071
1657
2116
5901
9426
7500
7131
7542
7728
3042
4649
4882
7078
4926
699
9395
4053
7256
4224
6725
4770
7274
9523
4492
9761
2371
6654
10231
921
7807
9496
3708
6379
7379
9785
864
1693
4785
3778
3805
6642
2996
3992
4470
3582
9608
8352
5472
7150
4279
2675
3075
1258
9584
4137
5054
6368
6402
270
9724
6942
8984
1231
8478
2429
4084
10034
972
518
3621
5532
3190
176
9320
6761
8073
5634
9420
8738
3082
2097
6937
2754
5141
5011
2021
9206
8889
8591
9434
4721
9991
2280
3272
3575
2825
3818
8144
3753
6797
129
1102
2423
5385
521
6411
845
5468
2707
9549
242
2297
9793
7750
632
2369
946
1235
3031
10022
7650
9228
4482
9526
7202
6614
8717
6217
7871
4170
2284
8587
5474
2832
3146
5689
9231
7852
9508
5712
3553
4702
2478
1634
5274
4559
1779
9954
7557
3824
4171
9557
3225
7052
6916
9375
440
6097
9249
4440
7096
2988
9340
9737
6829
8084
5644
786
7308
2607
2720
4640
7299
4642
5762
7238
5626
5535
4008
947
3382
3247
8023
638
108
8165
2699
8611
3591
8698
8038
4916
4971
3196
3935
4541
9515
4612
3593
4497
9485
3139
774
4611
4023
3781
3374
2589
4998
1280
9295
3815
6029
4029
1735
7065
644
4514
6259
5294
2789
5247
9483
6085
2187
4896
8170
33
4657
7621
4457
8924
4012
8796
3174
163
6435
9759
4622
1742
473
2952
5019
6459
4088
58
2553
1148
7293
5986
8423
1241
8153
2154
1859
9171
4333
9414
5221
5187
7427
4489
6324
9877
6089
6091
9073
2111
3941
8916
5477
6560
4550
1383
9145
10217
5113
1176
4958
6240
7853
9747
9199
2732
9013
5537
7127
5941
9009
3471
2673
7842
9973
10304
7675
6774
2648
8799
8614
3267
1155
7628
2174
2626
9528
10205
442
1700
9217
5148
4277
4016
25
4718
8741
1028
2306
2966
2151
2823
3355
8458
5232
2995
888
1070
6423
4977
7684
646
183
446
5765
8404
8171
8538
9553
8570
2234
4061
1948
3117
9433
8099
127
2015
5072
10325
6921
9560
2973
4678
7204
2766
3857
4210
1023
1357
8592
5396
6212
2901
7677
1525
4330
1460
1555
4909
3731
5349
9975
9554
7165
4394
978
4723
4769
7137
9207
2030
3218
4019
3476
3482
2569
2104
10
8918
1049
83
6767
8583
4136
9855
5826
5534
4817
3089
50
8377
9289
3129
2799
7690
7301
7620
1987
613
2604
1507
1393
8237
1847
7281
2181
3929
5820
3783
4595
2958
3674
705
1642
1274
4826
8649
9887
7124
4752
7123
5823
9898
4265
7580
7538
2716
4101
7109
2898
3928
6704
7462
7431
3760
598
9750
3434
10260
6676
6006
5957
7192
975
2757
8771
8399
3462
2237
6440
9537
7611
3321
2344
5479
421
1213
1889
570
3126
7939
7179
9575
2791
3831
2233
5724
5964
6056
8885
4432
7498
3493
5229
3274
1284
6537
4398
3270
9577
320
2942
9673
3317
8217
5827
3062
2835
4554
2083
7951
7755
5975
8234
2814
5096
3305
653
1966
1009
1349
5003
2857
10190
1749
4060
10364
7395
599
6449
1250
1170
8064
10166
466
545
6778
6827
879
8220
6049
7773
7439
6177
5048
6587
2499
5214
971
3276
9223
3858
4234
4845
2464
7711
9082
2222
8437
5729
9312
9373
1253
1462
8993
1865
5108
2925
8271
6046
6849
3319
10057
6255
3702
7085
567
4917
3889
6189
2560
7499
10213
1331
9763
2276
3039
9915
8710
1986
6404
5897
6094
8564
2374
7518
9903
4942
3577
5758
9535
7093
7889
942
4621
9966
2656
9762
8443
4130
4264
7312
3772
2999
3551
27
5790
6455
2871
1545
3191
548
5698
4928
9473
5234
3254
3687
2554
4158
10322
2550
4794
3779
7097
9215
3235
5322
6327
1330
2447
6201
1874
2110
444
7670
4238
9583
9380
6861
254
4973
1014
10126
4306
571
3299
9111
6331
7935
5411
8966
748
5708
4272
8886
9743
7016
935
8599
8296
1633
6012
4292
3957
519
1489
2601
1320
8366
2991
4271
5557
2224
4734
1908
7143
8338
2877
3524
9359
1372
5323
4608
6990
8255
976
6171
2985
1153
279
1223
7683
8472
19
8452
4051
9767
2105
730
7424
3228
553
9925
5311
4513
3306
3878
3160
4403
2998
1269
6555
4581
8059
9705
7740
6828
228
9690
5750
10221
8078
6451
6015
1645
9100
8265
854
9745
9930
6462
8666
2990
2163
4093
8515
8618
566
775
5958
7130
9972
8229
1392
6147
9734
8911
6115
6072
4189
1286
6749
5453
9105
3298
5810
4766
8300
5858
3645
5182
8992
5598
1530
8541
2304
4500
3930
5307
10184
6286
1786
341
8157
3765
2993
3552
5124
6054
6726
1936
8218
3422
867
816
9388
2378
1589
2769
4801
6260
934
7660
4962
8258
6862
6079
6685
6900
6693
2564
10269
10058
6597
110
10094
8633
6375
3260
10242
2599
8104
1552
6161
4799
2632
925
6250
6853
5162
6766
7588
7369
9883
1406
6229
9738
8523
3769
6163
155
9803
6864
7045
455
5819
5065
8010
4683
5776
1964
8402
2125
6510
7830
5279
6032
1159
4352
1931
984
2250
3236
2579
2355
1458
5159
2801
3391
199
8272
39
5282
9752
7222
2935
6208
7102
5738
8245
9114
1333
2882
8092
891
7441
4544
2091
9422
3206
6776
7540
5246
5596
1265
6104
4290
474
9363
10098
6405
7718
4503
5494
6902
8008
5064
7550
3446
7512
6416
3483
9794
10121
323
3809
9387
5305
1671
3655
4304
4537
6901
5969
2704
7122
5995
5648
4318
8497
6437
7245
7279
5570
2600
9011
11
6851
8859
8100
1212
1535
9112
9994
7591
6024
10132
8403
2211
6445
2252
3307
3137
9029
5363
8675
6920
877
2287
2561
3507
920
6126
6063
3723
1348
6299
7835
3396
8397
3454
6036
8626
2880
8876
6702
8721
850
1668
6873
2281
4078
8135
1888
4260
6657
5037
997
1278
1395
6059
8694
10104
438
3522
9293
3904
1122
790
5643
7891
5304
5787
6061
4213
6489
8680
4704
5428
2209
3921
2266
5042
8582
9588
3157
9054
512
5660
1738
770
3986
6253
1625
4246
1092
7630
1306
4059
4396
1732
94
1065
8357
6479
8354
5631
2807
6222
5198
7316
2286
3537
8430
9780
7373
7730
1189
4123
2278
7205
6290
9237
1207
1808
6306
640
2523
4679
3810
10089
3303
8041
5799
9117
6370
7819
5640
6002
3275
9884
8043
5623
3108
962
232
8155
5392
8409
3620
7407
1041
8978
4446
5143
7269
5393
1793
9947
7359
7696
4126
8585
4681
4349
7136
3259
3195
10222
7425
3348
2179
2979
485
2213
679
382
4626
7738
2495
10160
1238
4340
794
9055
4071
10240
2315
5545
8062
2765
5892
7697
6287
4228
9639
3424
7353
3169
6277
4656
2955
4328
6406
5413
2750
4870
3748
6598
9034
5930
904
10056
8499
337
7134
344
4275
8112
5154
4329
536
2283
6495
2837
6516
8625
7384
528
3823
4972
5931
1261
9081
3979
4201
6297
5293
5719
10347
9049
8188
8797
1312
7187
1360
3610
9715
4530
7727
4646
10124
1000
4860
3808
131
7152
3452
4606
7223
8093
2557
362
5950
761
1925
5271
799
4194
8304
6889
6278
5348
3659
9955
9281
9107
1695
5205
3389
1347
2977
8412
8708
3058
3721
1573
4574
6410
9721
2698
923
3614
9976
9598
9374
10214
6634
3891
9501
6838
6471
7780
3836
2520
8260
3341
7681
974
9637
4127
2033
5924
8802
2770
9665
6794
2936
8246
4644
10215
2834
1334
5635
8727
908
4793
8879
10030
3088
6736
1435
6083
336
8477
7814
7330
5891
7454
687
8635
8818
2337
4068
1490
8398
8527
10228
5402
5179
10271
4215
4038
7854
4844
7267
9872
10359
4475
7409
805
6465
8486
9229
8837
9593
2640
2439
6556
6198
9544
5796
4900
2796
9238
5515
3502
217
6698
5052
263
1723
7212
7168
4118
2653
5302
7348
2479
7038
7350
4251
3040
8203
4447
4481
8148
4953
9623
9630
4857
1871
9641
9050
2240
1995
1121
10345
5100
2338
2020
7865
4140
7163
8420
7112
1483
3245
6874
6216
132
5078
164
8873
6837
405
5466
5287
5071
1137
9789
4216
3017
4461
1164
111
4305
5175
4878
445
5347
3618
5356
8491
1051
7088
9586
2051
2703
5637
5609
6507
8117
2090
4699
1532
7477
2420
7313
8111
878
3867
831
7345
9905
7074
3148
7625
339
5238
5683
1691
3251
6270
3987
6782
3883
3554
9964
5647
3296
4782
7601
4176
5416
7726
7132
540
7270
5641
729
2166
3294
3535
6339
1095
6552
6728
8464
4961
9987
1303
9522
1759
200
107
9895
1748
5833
907
6315
4547
6219
9541
145
5871
2128
3444
624
9809
4805
1185
6999
1084
3198
4368
2514
842
4874
8712
452
2895
2172
5451
4148
229
7434
4502
8485
10140
16
5138
6243
7521
5249
8390
3456
5125
4992
9440
9607
7000
3601
7479
2103
4991
3684
5979
5186
7797
1940
3931
6684
5674
73
7196
1116
250
10101
10068
1430
6632
5946
3182
7881
9579
3183
2239
2034
8596
7004
1370
4164
294
308
2397
7771
6951
7593
5919
3292
2737
1021
9181
4836
201
1363
462
426
7656
734
8510
7044
10276
1883
8356
818
9079
470
8278
9058
41
90
2723
9711
9064
7378
2400
9552
3860
1809
10117
2861
1078
2205
3887
3037
513
5250
7899
5831
7456
1824
1408
7886
9647
5512
5163
2291
3588
3784
616
9149
298
8519
5893
8129
5318
658
1285
8282
7541
1093
4824
4995
5438
5390
628
6214
7983
3457
2910
7904
8807
6064
9141
3458
6103
4976
1784
417
1725
1072
1949
6100
9116
1294
3308
7321
8161
1184
2301
6580
5604
7344
6101
6180
5469
1605
7495
933
2256
4419
4922
5560
10039
2452
6899
6274
9451
1811
4175
5913
7332
8483
2521
4321
3879
6631
2398
5904
1443
306
1123
3720
3543
4017
9086
7012
6985
2092
5297
3229
6485
5602
6340
6720
4561
1454
6351
1845
2491
1098
9880
2180
6961
2526
3411
1027
1323
8293
5804
6454
8865
5121
266
4968
6326
1175
1106
5948
8944
6484
889
9900
9935
956
981
9266
4462
6418
1508
549
7033
9005
1950
2902
2724
2080
6723
2708
6700
4738
2727
1854
10207
7458
4526
4346
4411
4569
6386
2113
4680
1449
7211
6832
6548
8875
615
8537
7382
5585
5797
3392
6005
3287
7536
9686
8846
4975
3450
6845
2751
2535
2545
2539
1702
5046
2444
156
4041
2345
4351
5178
917
2692
5173
371
4370
5894
6572
8934
819
1595
2199
9594
6578
5035
5226
6932
3768
5016
2945
1721
2
3648
8407
8288
5192
9262
1856
9602
7471
1218
7186
6571
6113
9090
9187
7662
3744
9245
9806
6446
6057
6008
6487
665
5880
9626
1316
3561
8989
8070
4152
1058
9204
7101
449
7357
1193
2772
3220
3026
1514
2427
3584
3102
1631
402
4872
5442
5157
8277
8175
8644
4778
9226
4380
9382
4132
9192
8045
8753
1818
4122
6419
8693
2892
8028
8888
486
5822
6093
6789
3093
7371
2120
5443
5144
3447
9415
6666
6117
9692
5308
4124
3376
1011
2326
7787
10063
10023
8858
9521
4233
2660
7114
5834
6007
2407
399
4688
7627
2277
9368
9801
1554
4348
2543
5937
9693
4602
7476
10086
681
8860
7561
342
5561
1575
5670
6051
1593
7336
8202
8903
4230
3848
5312
4325
959
2547
1135
4183
2078
10131
3678
8046
577
2294
239
2025
3158
8785
40
6996
8327
8826
3286
1505
5130
9271
10152
8786
5538
2583
7708
8476
4748
4477
8580
582
6839
8834
7519
2231
2295
7418
7766
3529
8475
1314
1867
7531
358
7847
4957
10138
8432
4696
8760
1136
2217
4313
6448
10250
1955
6373
3676
10310
6945
551
9394
9709
7756
7049
6619
6018
4476
9381
4463
4546
8960
6823
3057
10015
903
3579
134
213
1604
2959
3785
5263
454
3076
8096
2282
7488
8645
1245
7481
6523
3230
4412
8349
1423
2413
7505
9038
1747
4669
584
6050
2074
5811
1237
21
4168
3909
10021
7960
6499
8617
6637
7194
2308
6545
7877
6640
7532
10191
1962
3755
4066
8082
3045
8313
5542
652
3279
967
5504
2070
5992
6558
4449
8730
6673
1984
8174
44
4772
6436
10352
3746
3029
8101
7486
892
5551
1627
5828
2783
906
4990
8959
1896
5335
4209
8629
6458
585
6755
8318
7907
8518
1188
6509
3090
8077
3631
3962
8247
9365
7346
4167
66
7631
2712
9731
7273
6302
1649
1792
9680
10246
4856
8312
7079
9277
78
2137
6355
8737
5251
3184
8243
10180
8350
7910
3249
8230
5616
9260
1353
1326
6362
7554
8251
4415
3690
9625
5678
3344
8345
3910
1082
4534
8374
2893
5730
7200
5371
8638
8252
3506
1904
6412
1718
3384
1254
133
5115
5620
2630
7931
7171
499
9525
7110
8516
1772
4110
7972
7286
9891
9675
67
6136
3475
6896
7948
9198
7592
2642
4776
1876
98
1157
2817
2393
6963
5713
5938
2123
1969
4255
3485
8956
4474
2098
1740
4979
6732
2738
8740
7250
7978
6125
6615
10199
2841
9498
2333
3607
6135
4285
5710
5129
8955
4920
8619
7415
6194
1758
5126
8466
8358
3165
368
7872
4070
3905
1666
4505
9458
5550
7917
1586
5098
7701
1463
5777
4587
165
4366
1612
8323
5832
6321
1755
432
4840
2646
3619
3366
10106
4080
428
1730
7986
7354
5813
3528
1853
5666
6365
2891
10085
846
3488
4903
6540
8709
8329
7953
722
9492
10220
8411
3605
8681
5554
4211
5181
1570
1230
140
5860
5111
6415
5588
5578
8442
6954
7723
4540
2855
8575
3563
9194
6699
10279
9148
8389
911
5662
103
4575
9489
3171
8495
4876
694
6482
9060
10157
6953
893
8745
949
9504
4716
2537
4694
3888
7764
7450
2028
7030
507
3509
9294
10301
2662
379
622
6140
939
8195
9310
1129
6907
126
3440
4401
8584
4454
1999
5215
9235
2164
9305
6847
5704
8963
8948
9963
7901
230
8081
5080
9816
4197
2805
2415
8301
8143
2687
4828
1118
5505
458
9571
2365
3802
642
5452
8777
955
3448
264
2463
223
718
5736
5093
7421
8334
9621
5010
5333
8811
3852
3968
8326
3766
6244
5045
3700
2531
6025
9820
113
4880
8190
3201
95
2989
4147
2171
650
1426
8932
8950
7812
9993
2684
4479
5909
3994
185
5630
1603
737
9568
4156
1894
7753
2132
3786
1433
72
9401
715
1195
2933
3557
1101
3919
1953
6955
3750
180
4949
5367
8770
4030
7397
9361
3136
8087
8729
5310
6811
750
6882
6647
6649
787
6584
1887
1741
494
6233
9559
3625
8861
675
1711
6645
9411
8019
3380
672
8428
9412
4795
7985
8551
7654
3624
9510
8890
6813
4223
3545
7435
688
9027
9812
7072
9212
752
6965
9531
482
1332
3691
9131
1537
6230
9190
3425
6137
2460
7073
9286
4040
5090
8479
7988
9924
746
10291
3967
7603
4924
8394
6264
8940
5874
8400
483
2177
2803
7965
7176
7759
7715
735
247
334
9139
4433
3945
7331
9951
7365
9502
123
873
5959
2641
10362
8761
7836
3077
282
4220
1500
8756
8387
8765
1587
7804
4308
7629
6284
8650
9202
6443
1891
3813
8882
4745
8321
4092
6456
5177
6066
8445
5200
9077
7445
7653
5219
10333
4420
4245
5658
3241
9132
149
778
8798
905
3949
5746
6914
8663
950
2424
1933
3258
7885
9445
3357
5625
4369
2155
8279
6450
8692
6620
10341
3842
3145
2165
3383
2573
4159
7277
7420
2815
9244
152
2800
7846
9574
3580
4727
10036
10171
5025
5397
8725
3116
4026
3012
5327
4682
7252
9144
1522
9640
4519
578
5636
6924
5952
2066
5741
9476
5802
7056
5677
7849
3074
5074
9123
5259
2842
5404
6788
1359
6980
4249
8063
3242
609
3363
2024
57
8392
307
5316
9121
5206
6557
10009
8302
10229
5914
7261
4115
2718
7417
7551
5852
7583
3713
4099
9578
5224
4593
6376
5386
2578
8444
3460
2928
3793
5220
8901
7569
8026
4480
4999
6067
9234
8481
7364
1848
707
2829
9152
5410
3096
4166
5592
6295
10167
1457
5842
2858
5727
277
9841
4658
6204
3523
3302
8286
9257
1901
1289
2873
9154
9093
9805
6968
7586
2029
1400
10266
53
5006
2396
3435
9606
10363
7067
2612
182
1576
6150
91
1917
2639
2638
4981
1628
3240
6551
4096
8363
9948
2618
1787
8749
7667
9514
1378
9863
676
6502
6742
192
4098
7596
3408
9153
542
3965
10040
8991
758
1768
56
2663
655
7725
6880
9831
4931
7145
6382
9757
9728
8646
918
468
857
5574
8240
5978
8322
9443
5900
4956
8521
5850
7347
6947
7106
7688
9371
9089
1342
5027
6834
3064
3199
9619
1717
8912
4178
6421
8339
10243
5372
5821
4263
543
9871
9931
1592
7694
271
3547
5149
4859
6039
5457
1611
6735
8987
6639
10083
6905
3747
5997
6055
8480
9224
3533
872
3916
6534
3205
2549
9169
656
2075
10050
6318
9287
4417
9311
5629
4736
2227
6887
8659
5522
5667
847
8158
5326
3328
3340
6160
7151
2473
5069
9716
1816
8958
2311
293
8091
1556
6256
7295
1751
1112
10119
1579
2438
5991
9949
2747
9383
7828
2039
8820
7633
5021
7046
7156
302
2443
8249
1471
2513
3016
9481
9284
9532
771
5566
6080
105
10071
4983
4065
2408
7796
7859
8209
5703
6659
10026
5122
8018
1096
4722
491
4650
5579
6154
3109
9700
18
2139
9821
1053
3233
8732
4797
8470
265
8550
9147
4831
181
2014
5030
712
7975
9299
441
8707
721
4181
3050
9919
8565
8718
3121
3381
10262
1429
1259
7556
1097
9844
3646
1598
8787
1204
6314
5088
324
5586
4551
5481
6600
10326
4186
6420
1836
1673
4897
10053
2200
1162
7915
3122
8502
5791
9916
6200
5848
9958
9115
5576
5614
1486
9189
6930
6680
8395
1928
2972
7801
7896
1706
3175
6313
325
3689
2776
6323
8907
9824
280
3232
5280
5137
6562
1064
4867
5650
10137
5934
5344
7221
957
6374
1050
674
783
7242
5989
1606
900
2435
9012
8640
5552
6457
3412
5464
7437
10004
8651
2818
1733
285
1088
9829
3467
9048
1032
10146
5486
937
5373
6052
9865
6608
7757
9519
9097
4600
4810
3914
7340
4434
1127
7918
4987
3923
643
7334
1178
606
6746
6958
8862
4006
6941
3461
10148
6677
1946
1068
10342
3670
6989
9329
9120
7770
7023
6717
3261
2399
4426
9644
2109
6488
9769
9929
5829
9168
1941
1264
4161
4357
5870
4120
3830
5731
9708
8726
970
3804
4222
3749
3664
5055
2303
6501
1542
6758
2912
2919
6671
3628
4390
2251
6263
10162
3981
6593
5563
8964
5873
1684
2722
434
6118
6228
7092
2918
2106
3103
9746
8604
6765
411
5278
9795
8254
909
1519
1208
10349
9430
6672
3134
10237
6566
2500
6515
146
9390
7716
10264
2302
4256
1615
7641
590
5705
3637
6946
5518
1113
8264
7440
403
5298
7742
7779
8316
3571
2777
3855
6915
5128
7995
1029
1659
6878
3806
1485
9128
5358
7887
5619
3035
3724
7206
3
5564
7077
782
2275
4927
6223
333
7175
4985
2939
9918
6711
8533
8549
5007
9122
7333
6210
9629
1434
268
3622
143
4522
3212
376
668
5973
6199
4705
9428
9179
7169
8020
3759
7105
394
7714
4259
4614
10066
2774
4154
4022
1549
9570
8981
1139
7735
5436
9810
3162
4129
964
7882
700
1273
6709
1491
4242
3538
10027
9742
2351
1126
9024
8079
8757
4377
6809
4741
4724
10294
6409
7936
2581
8867
7651
352
8021
9562
1090
6354
6910
8314
9316
5261
6060
1918
7658
2157
1295
5334
6220
4314
5384
3406
5420
8782
1849
9158
5174
5865
3409
1054
9167
10316
8914
5507
6068
8151
671
6145
579
7799
7190
5684
8344
7197
3885
4601
4217
7473
112
8311
2367
4933
8242
28
6316
2490
1744
9044
8139
6852
575
9566
2833
2248
7257
3244
6655
9853
9882
6453
9932
2267
7287
10211
5134
2542
9550
3845
10330
4632
924
4548
5094
9134
8244
4542
9243
6361
4021
1389
8764
9978
400
5517
63
5292
3024
244
5812
7990
534
3112
2717
9172
740
6044
8864
5898
4232
6532
7600
8378
6336
5716
8716
2145
9472
8563
3717
3934
2191
7219
9823
7824
9505
4873
4535
792
4633
7070
9315
4720
7305
1166
2183
453
5194
5079
9232
4754
8319
4381
1337
7572
10239
9850
7789
2706
7567
5965
2175
4367
1085
2003
10287
695
8643
4803
7118
9379
10357
115
7494
5379
8
5350
8025
3763
8816
3998
2412
6596
7826
3068
5004
5788
2949
2695
3365
2270
9703
3740
6193
7457
8007
4139
5216
5581
826
9160
2226
2229
3481
1217
698
3972
1582
3193
2249
335
3164
1536
5105
7961
1677
795
2203
10012
3430
6536
8382
3636
4765
3364
546
2731
6936
3172
685
6312
9008
5336
10257
744
3451
9704
8658
9070
2022
389
5673
1290
8814
4635
5863
9176
2032
2969
6533
2274
1907
6928
8204
6092
1790
1560
3268
2953
2305
6174
6434
9177
9045
6964
4341
1870
4919
10145
6722
401
2259
8380
8976
1777
9127
1639
4950
2235
2739
6705
10210
8089
3142
5208
996
8276
9432
9270
1391
10052
9645
5171
3876
4790
1017
240
1211
7856
2771
9861
6903
2524
2745
6226
5888
991
10274
5692
10020
6866
4339
2580
5107
7465
8429
6940
6037
6205
7749
5593
5377
8863
5725
2026
8017
537
7229
1703
4524
8413
4355
3911
7063
2954
6310
9002
4677
6783
10076
10091
2864
5355
4388
2264
4512
1141
24
7925
4543
5145
3666
5086
3405
1968
8371
9612
5925
9576
636
2623
26
9104
1010
6209
7864
5015
7266
7816
5252
8647
3667
5467
8181
6799
1385
833
5526
2518
1130
6876
7155
9216
436
4399
7412
2362
2442
1885
7962
4199
7366
7783
7226
8163
1327
10244
7236
5949
3850
8098
7649
6786
8615
9022
2353
7808
4027
1644
4354
377
987
3922
6909
3567
6692
7992
1757
423
9847
9283
6221
9407
6124
3080
1939
5857
9590
2506
10282
7792
2017
2516
9907
2762
1145
3692
10265
3560
1354
9628
3899
8545
4507
4179
9227
4755
3864
808
9927
2502
5430
7116
3566
835
2525
5584
6105
2425
6398
8714
5559
2048
3360
6332
5491
7892
2620
8622
6577
9341
1455
7782
6895
4732
8705
985
7356
9004
2752
233
5139
7469
151
8808
5461
7472
2947
7647
4866
9182
8803
2709
461
3578
10043
10225
2126
9441
3787
7576
8221
284
9214
2960
85
930
7142
8145
329
2614
7443
3627
6016
10028
3006
5032
9567
4753
275
1983
5701
36
10084
10031
6718
10203
8333
6476
6906
6034
860
6130
4385
2926
8957
3612
1315
4767
2290
8408
1810
6708
346
5061
7788
10226
7037
2067
5940
8783
10038
7497
2382
7700
2492
4809
6818
7890
5676
506
7043
1003
4517
7949
8274
6077
9337
8308
7581
4146
7464
7108
3339
10194
375
7699
8122
3797
8036
625
1694
4654
6031
3352
3841
7827
3970
7732
2100
1773
2886
6997
9479
7635
809
6142
664
10061
8683
4538
6112
4408
1629
3816
9186
10048
6289
8573
3771
6754
9633
5040
2956
6785
9874
2670
5339
365
2159
1607
6187
6389
2060
5342
8228
6303
6541
7772
10037
2544
5066
7589
3118
6819
261
3865
9185
5242
4436
191
4254
7144
7478
3974
7360
6712
4891
1653
1244
4742
9967
450
2962
3647
8850
8501
2434
8750
8724
3255
9061
7733
5172
7879
3882
219
2236
1745
603
1996
8526
3155
3773
2853
838
7848
6539
2922
3796
7638
9092
6086
101
4940
6759
4359
5189
823
9950
8239
5814
4898
7213
9366
5295
7944
1978
2608
5228
6170
2897
7053
1002
3135
1539
6848
248
2565
2874
7470
2417
2700
1900
2468
4105
6144
10108
1125
5285
3927
5257
353
8572
51
3269
4960
6730
7383
6727
7776
8248
6948
7845
8106
9773
3969
9546
2220
7372
2968
406
3608
4063
2346
10024
5878
9435
1585
6691
5406
5711
2404
8982
5351
2515
4652
5041
3291
4913
7794
7873
9448
9322
7977
3293
5158
9378
914
6017
4571
1422
751
1478
4578
6045
5273
3953
8140
1079
4796
522
2702
6628
3178
6503
2402
7198
3094
3606
8493
7968
7390
7748
8256
948
2616
7283
1785
6957
6272
3900
8449
9999
4
7702
1680
4268
8438
8872
7208
4431
822
5039
2786
4708
4627
6014
1091
1839
9696
6771
4713
92
10230
2628
756
4592
4467
10006
2920
3351
980
6760
4400
10149
1228
3846
4208
2593
9760
1873
3194
4510
3141
6511
5600
7153
1903
1374
9300
414
9339
883
4291
9751
4989
1716
3542
766
5771
174
7761
4149
2107
4221
1404
1108
1019
3282
3777
3906
8417
686
4486
5853
10187
9402
5792
8355
7054
2746
5990
6983
4700
9314
1921
407
350
4373
4184
574
7618
6745
1959
9006
31
9313
6202
4445
501
216
9543
3007
7069
1186
6225
8263
1266
1973
5366
583
8832
8461
2471
6599
1543
177
9910
515
8121
9220
899
8317
8127
5488
7927
1913
6107
1031
4337
1974
8103
5382
1879
9798
2099
2681
4703
1376
8913
4344
7039
1287
1227
2059
7938
8776
4191
1226
7398
4001
9839
8001
3399
7719
1183
9397
1215
5691
8847
7449
8603
1335
8120
4598
8668
1056
359
4010
9699
2510
3388
1268
3231
4416
2621
4777
2127
659
1651
6475
1368
5176
5243
2088
4106
6047
4055
8568
10064
1477
6561
3285
3544
6886
3342
10351
6737
8128
10272
9205
3549
3709
5706
1521
5408
1329
6890
2465
2930
7158
84
5164
5981
4735
1445
7430
2793
7958
3803
7235
4562
9437
861
4450
8748
7272
5841
4407
1621
7164
572
3189
6585
1734
604
4706
8951
9860
6582
3369
8467
9353
2806
8893
3558
912
3837
385
3239
8060
4058
523
7914
2293
10232
1105
7941
5325
1083
3964
7193
863
5211
1131
9392
5276
5381
6695
3642
6500
7086
1663
9986
7166
576
1591
1762
3548
1151
6817
7010
4661
4832
6383
7639
2019
7047
9404
544
2042
9755
3944
1043
262
4393
8184
6689
2797
4282
5076
5063
3835
1798
7981
121
760
4219
8968
1510
3252
9025
2830
8219
8926
2505
9992
4789
7974
488
2611
1956
6281
4372
3047
3639
9084
9068
1976
3019
4615
3999
158
2197
10323
9037
8235
8610
2566
6893
6810
10079
8844
9989
8115
3020
9047
1066
9051
3952
5718
130
2009
3829
9253
1503
8743
7154
3223
2013
4588
7997
5669
8983
2816
4533
5562
3133
2324
3209
439
9511
2389
747
682
6586
7905
1647
9790
862
1930
1177
4902
6022
9671
3811
5751
10115
7195
2787
852
2820
5590
3718
6918
7510
424
457
218
4693
5426
9221
8489
1672
5607
2245
4032
9787
1641
1882
5341
2963
4358
3188
8050
7117
8547
3185
8434
6919
8793
7268
10312
8498
2570
5212
5286
7484
2689
88
10311
7839
5920
5400
6116
1247
2101
755
927
8370
8496
4235
657
709
791
2730
5264
1823
3449
7402
6328
4725
2084
5357
9952
215
2782
4085
654
6978
9083
6670
9164
5057
1855
5889
8703
9648
2643
8353
316
5680
2983
2095
9974
3325
5572
6686
4386
3273
7091
1352
7343
8262
8823
3336
3081
5862
3181
9617
2676
4312
8781
4641
9470
5879
7781
4761
7858
10315
4165
4800
5227
3350
6741
1646
4684
9453
5203
6481
4756
525
6868
8362
9023
4153
4315
144
2904
6679
3246
2330
309
7523
8490
3318
8789
8556
2360
7710
2108
7785
9468
3021
8383
6234
4759
4261
6320
9191
5587
9222
1168
4905
10201
8722
1752
563
5859
2475
9764
5184
7614
1523
1766
410
4103
4807
10025
9247
10202
8306
8130
4353
2370
8335
8579
8014
6141
9442
827
1815
3954
109
9685
4334
5869
2485
1767
4576
2053
9990
7035
1724
10153
5970
2961
10253
5364
4567
6956
1318
9020
340
10293
6211
5290
2852
4744
8590
460
7535
9758
395
4808
2981
2610
2340
2255
9099
1844
1397
4822
1860
6461
7489
3587
526
367
8474
7447
6235
5612
6658
7911
7071
9151
9601
6678
2093
3516
8848
5717
3767
8225
6291
4739
6605
7608
6195
5031
7937
5315
4771
9854
9475
5135
8676
5942
5168
1142
4484
7005
168
4237
7806
2068
1346
7180
4733
3069
2133
7956
3227
2756
8915
7616
8969
71
3681
6293
8343
4582
5026
4521
5963
3982
4952
10208
2748
8042
9595
1355
804
871
9896
6378
3694
9015
3898
4076
9936
9524
4062
1362
1588
7098
6697
2357
5245
5036
1305
2441
3774
1840
7461
8512
3597
5926
1030
898
6885
1912
9362
4045
1275
1796
4331
189
4414
7159
6929
8856
5527
6971
4326
10300
4144
6403
4667
3754
459
9613
8348
9346
7051
5112
8997
252
7502
5514
2804
1415
10136
173
1520
5169
381
1005
6622
9218
8040
6724
2528
4890
9691
5875
3288
1187
3150
2603
9282
704
5639
1746
3932
4185
6653
8845
5543
7436
9203
3732
8900
3070
1895
9124
3951
2735
1301
1623
800
1438
8453
9980
7689
3856
1350
5267
9660
6206
5744
8840
2058
7294
8032
10001
9291
2041
396
2540
5197
3238
3253
6804
5191
6483
9462
7805
895
9603
952
3658
6357
6877
1914
1015
6414
5918
7262
3334
4886
5102
6747
8154
1578
7577
6843
2122
5432
7061
1945
5960
2260
3445
6630
137
10041
331
3825
6594
3589
4134
1814
2501
4310
5269
738
7634
303
5825
4240
5921
448
3478
4036
8828
2448
4629
3018
1465
4908
2831
6043
601
9323
4760
299
9137
3034
1300
9825
4104
7850
9026
2056
3428
4557
7893
6048
489
4180
2887
8947
9296
1937
6743
2934
8509
7422
9503
1838
4899
4951
9333
8035
8801
2219
9103
7934
2541
3526
2263
4912
2617
6563
10183
2288
5778
7326
4258
2342
7448
5558
3790
5106
4028
4728
1676
5499
9150
3009
1025
2827
8141
841
6178
5679
10238
10090
6114
5933
8657
2050
6384
9804
1473
7680
311
6207
7926
4969
4037
3154
1553
1007
4875
7103
780
5803
9776
8555
9391
9444
2001
10095
8607
2381
9446
6231
8418
498
7809
4689
4281
255
3138
10227
2086
2696
692
249
10354
8931
6334
10051
2921
648
7388
8231
8593
3514
378
6381
4504
8752
8773
6300
6249
3862
4955
10002
2742
204
4054
304
901
4623
2279
995
6701
7832
3237
3086
1132
5954
7559
162
3417
2846
7607
3745
3214
9677
7504
8396
1143
9679
5425
8162
1446
5668
7906
3099
4552
7537
5694
160
9447
3938
5033
6931
3498
3656
9596
10285
9477
1616
1989
6636
2076
5617
1825
533
9452
6088
6282
4247
1559
6095
7058
1713
8336
6452
390
4284
7342
10268
4406
4775
6119
5659
8690
128
6816
713
9463
493
3995
1780
8569
8778
6252
7302
7909
1902
3828
1059
9303
9662
9031
9275
7095
3495
6570
4011
9450
7419
3683
9102
9465
5001
8310
1488
798
849
3289
830
7644
1547
5277
9138
2690
844
8762
3861
3023
4317
4666
2881
5237
5330
3976
8994
785
4172
5769
5236
9649
9098
1328
5840
4374
1820
840
5999
8669
420
701
7602
9184
2206
1775
3677
9285
9297
759
1020
7089
9417
2247
4227
2911
9894
4545
2688
1837
3833
5465
8980
605
1689
9464
2863
422
9849
6933
4965
8126
7875
2907
5881
1474
9071
475
2115
139
630
1736
9808
3197
5399
3634
10158
3421
9604
5929
9791
4915
1564
5830
9830
1597
2875
1104
1533
8678
3432
8136
2036
8199
4389
8504
10303
714
1421
10081
6875
9431
673
5190
8857
6251
6763
3958
3640
3008
3559
894
1428
9364
627
6442
122
5014
8137
6860
1369
9656
8531
4320
4834
1712
3508
3520
4286
1243
5266
8548
2057
4925
7358
9982
6478
5575
6020
7837
3669
1688
8287
3014
5743
6397
6505
634
4655
9678
8268
902
1194
373
6496
1134
677
305
3477
4763
397
5800
7795
4020
8849
3653
10016
1281
765
6237
1704
8985
9892
4811
7217
4935
2063
4174
3151
736
5321
683
2715
7758
3159
7228
3726
3838
1216
10007
4662
7304
2437
4448
8971
7460
9646
10122
77
7522
2411
661
5123
5346
3492
10178
8066
1862
3886
1351
5525
8754
3775
2169
5536
6694
8138
2455
3789
4841
253
5726
6603
4081
4009
9981
9741
9252
9869
9512
8784
8952
497
8189
9939
6524
5009
5693
2677
992
100
3001
5354
3346
1255
4895
4988
5268
8962
9263
243
3799
1866
6429
1156
5424
9330
7706
2216
7001
5043
1807
5956
1581
532
4879
6633
6075
7563
2339
4686
5391
3583
8662
8441
3130
1234
6168
7863
5695
6172
4435
2356
1781
9106
1001
5509
99
3595
2336
3373
9664
5508
5401
4609
9797
4095
8827
711
994
2917
7976
1675
8701
4921
5594
292
3371
8679
5737
7666
5218
3469
4375
3375
3980
8794
8182
6869
3367
9273
2373
9017
1571
3541
7744
2729
3060
7579
10120
7009
9376
5947
8654
7605
3722
6387
1467
1632
743
6820
2563
366
3125
5166
106
8751
5531
6196
313
7695
3500
6242
2811
9897
10308
4160
4257
5394
6422
9620
5353
3403
6
7862
1413
6265
6713
2312
2679
328
8938
8351
8539
7380
1448
330
7249
7599
8003
1562
6831
6179
6081
6153
7637
2651
7823
1427
5460
6879
8094
8177
6892
8598
4523
1988
8528
6441
2613
3356
9076
9701
10111
8520
118
4250
2422
10082
9736
2307
5638
3892
2876
6733
806
7496
1863
9326
8833
1219
7258
8034
767
5672
1858
958
666
4762
8866
1111
5571
4711
7713
3465
75
6969
3491
9109
478
3484
7821
6773
1638
3304
3996
7803
1182
6687
6330
9530
5328
4236
10170
4871
9826
8589
635
6576
6424
4163
2488
9835
5183
7777
4963
9490
7239
9507
6664
7406
9783
3437
1774
2138
3568
6710
9580
7800
4613
9506
5165
6134
5476
9940
9080
3030
1660
2624
9845
10096
1161
7515
9497
1174
8975
10289
4804
9589
963
10236
1980
355
6665
7264
5254
409
6190
1044
8457
7260
3859
945
8601
3091
9597
6013
2637
9095
8125
10206
9343
10010
9209
9944
875
8670
9369
8711
6203
7921
7525
9837
4911
7214
3511
3801
8790
1910
4948
7571
8535
5785
7135
3873
1365
3280
2445
8056
9358
608
6805
5448
941
10335
6108
6550
9110
4052
2924
8581
8105
7982
2386
4993
6173
6401
4764
2828
2812
8309
8156
3881
5008
4539
4978
6927
4617
1466
10283
8887
2168
10129
5000
3078
2241
7315
9349
919
1203
7615
1662
8284
7184
6486
3989
6342
5028
4516
7251
8943
2230
1729
206
1922
7878
8780
4675
834
4239
837
5906
1495
2474
6604
6870
9800
1313
5735
3277
9157
2469
5789
209
6784
9998
2156
8728
1518
6993
6041
5362
5455
7451
4207
10353
1291
3213
10251
3290
5872
8922
5529
2851
8456
484
9461
4413
1561
5655
6399
649
117
5199
2971
7908
197
1990
4276
7278
3525
9161
10127
5836
4532
7693
87
7857
7793
6884
5757
4850
961
8685
3698
4133
2221
3903
326
9347
8446
5606
8671
10116
9796
4108
4868
2511
8636
4428
9325
2551
9357
2316
1013
2728
2077
3840
5070
384
6569
7898
9827
8290
2869
8883
3832
3284
8736
7682
5856
9605
4391
3036
10112
7306
1048
7940
7081
1229
9486
1643
1531
5734
7483
447
3486
1728
8851
3310
8391
8841
8206
6343
8928
8788
2002
4508
9101
4094
2265
1482
8424
853
314
7292
5887
7739
4362
2480
7100
10197
172
2321
1484
4307
4786
6087
3226
2672
1256
2778
5306
7021
4455
1411
269
7606
1103
6269
7234
2484
3817
9573
6768
6143
10219
10000
8005
8257
9777
166
5540
6719
2767
3466
3807
4121
5807
9713
2517
6855
7288
595
4169
10252
5185
6825
2140
7737
989
3216
7516
9983
10181
2327
1927
4625
5854
1040
1609
1929
5697
7349
1456
2147
4751
8207
1063
2194
8543
5378
8829
1868
2984
3049
1117
2533
5501
2923
10216
2694
10055
880
7923
7855
8967
621
4298
5380
9067
5754
3211
9028
6934
4842
8588
779
6393
9624
9072
4596
2519
3314
2970
1192
4473
278
8381
5462
6038
4297
1791
2808
7578
8739
8891
5051
1961
4253
1731
7868
6791
6021
10290
7568
465
8779
9471
4715
3515
3741
3281
573
8945
2262
6155
8259
1715
2652
68
9870
5779
8109
9720
10261
5265
6348
8877
9
2950
5038
9957
5319
5759
9867
7423
10172
7432
1832
59
2507
2636
8330
481
8375
4943
4135
7218
2073
7385
8285
3202
4293
10008
5289
6857
8052
6739
7698
9572
8131
9233
8795
2645
9778
9726
8672
8998
6388
7231
801
1846
5690
437
207
4119
4847
6528
9052
8557
7513
4674
5329
926
4586
4102
1042
3055
5152
7994
7317
6492
5409
4816
4033
8484
6967
8253
4515
7128
1850
811
9666
5932
6850
4405
3586
4631
2657
9836
8176
1619
4395
1841
10100
8768
5387
9698
286
7467
2208
5473
7822
2994
7386
3329
10070
9719
3327
125
2667
5533
2201
3358
3354
34
5217
8910
9748
5370
6581
419
2160
8949
6176
807
530
9075
1375
725
3540
5484
6400
7254
3715
8152
7455
9336
7491
5766
5435
1297
4466
7851
3652
1436
2117
364
10161
1067
9074
8735
6238
9610
3330
1412
3907
6753
8116
6280
1276
1324
3738
3821
8870
7307
9408
4423
1382
393
3110
1196
7355
4994
5117
3997
408
6062
9890
2228
2896
4113
9298
3756
723
4145
10348
5136
6009
10065
4647
153
8612
6279
3323
8368
5886
10189
3402
3908
2472
7391
6035
10134
4865
10125
10018
1517
8921
2594
9937
6706
637
8169
9193
1822
869
4692
8905
8506
1991
5018
3920
6254
5160
7280
4322
321
556
10128
6675
7416
1970
9832
2391
4018
1817
1012
7029
5770
5084
4097
4364
8047
9542
8406
7255
10307
2188
3222
4695
1884
1209
3224
7902
9706
6026
8869
9565
9030
5503
9722
7014
828
3505
1538
8534
3262
4536
4034
8682
6575
5928
4792
10223
633
2193
708
2403
8792
4335
7784
4930
7285
10339
6898
1154
6353
5798
3200
7752
8119
3598
4783
2010
5087
7565
3092
7075
8269
6109
492
490
4192
8108
2347
9351
4125
7459
8821
4618
9862
9259
7558
10200
7971
3599
2102
8513
1975
6669
2755
1476
6477
9146
1345
9467
5824
7626
8325
296
7396
8012
6322
237
1869
7946
7640
3120
9091
2592
5866
224
2890
3420
3313
258
1298
3480
2941
202
4558
8147
618
8835
6871
9653
1546
8936
5618
728
9019
5846
8346
6959
8868
10019
1147
1880
10299
8110
5272
3271
6167
418
5742
7224
2719
619
2223
4089
4248
538
2192
1246
1923
1006
4371
7861
6625
2845
9360
6976
10218
6247
7632
8839
9163
7298
7487
2937
1496
2410
2905
8970
6298
2932
3716
5170
5818
3512
8854
3311
8033
6716
5029
9540
2536
3695
5905
2992
803
2261
6188
9332
1431
2522
6729
7392
8051
1307
1277
3800
4946
8468
2976
8696
5270
4830
5309
1080
2888
48
9188
3061
9517
8427
986
5340
4906
8055
3985
2555
10361
6865
10151
4483
4188
2089
6308
1557
8567
7296
4469
7104
9399
6542
2854
4768
9545
5749
5193
6609
4531
4024
7655
9538
2062
8540
9518
2655
8086
10277
6696
5700
10346
3398
5433
7636
5429
9251
7233
7199
4205
351
9118
7623
4485
1919
2691
3167
7652
9683
2761
8800
2350
7370
2027
6090
716
3893
3032
9292
600
9046
1386
6224
5654
4964
4072
1819
2631
9555
7015
9632
1191
1452
1119
9732
2866
2940
7843
9173
5012
3207
684
1480
5075
9474
2196
9385
8842
2571
136
561
2503
3623
593
1710
9304
7520
7657
5699
7399
858
8805
557
2376
4980
1069
1511
931
2665
3536
993
10356
3256
8653
2038
8241
10195
4687
8812
7590
2872
7220
6028
2190
1304
3312
2421
7548
9852
9398
745
7991
3776
651
8874
7707
10175
5927
5281
2647
6367
829
568
9772
416
8369
8469
3051
4685
8522
6001
2883
3943
222
2054
8637
3616
6364
868
1965
5784
380
5147
8595
7339
3844
3672
4047
7178
5806
4690
1045
3404
1526
1464
9813
3320
2602
10340
472
1493
6349
4202
5368
4274
1527
781
5656
3297
4506
7883
1967
8719
7182
4155
6447
2493
9268
8065
1679
7002
1890
3940
3791
10204
1232
7712
2588
6073
910
4031
8160
10309
4067
2606
6897
5047
6926
3463
9657
7840
4749
4418
3936
6559
4893
8067
9551
4114
3152
2546
9638
6836
6762
5520
1169
2906
8384
9119
3626
3494
7492
9367
5060
3464
6438
8451
495
8236
5815
9914
2609
9717
8030
1596
1617
2532
4323
4802
2865
1344
6468
9425
354
2135
10358
9256
5320
9536
720
6618
7874
1674
8006
10072
1060
1163
3727
3532
639
7031
1387
10013
9815
10318
8376
9670
9788
2300
3431
3884
1319
8974
203
360
7900
7276
3827
1852
7969
4645
3682
2903
6106
1506
10192
9033
6787
1282
5497
7897
4309
7237
9279
1821
1971
8630
5005
6627
607
5721
5388
10177
4604
5685
7099
3119
6122
3479
7774
793
4806
10099
319
9962
1851
2332
10143
12
1957
5993
2454
6922
2494
9480
1
7566
288
8401
4566
1442
2044
6982
5851
5707
8920
3368
1998
5849
9688
10074
9345
8691
6621
6215
5628
6667
1920
6123
2358
2082
5415
6525
2779
5049
4580
62
1661
10297
10042
2629
8767
2380
3427
9941
5101
193
1943
8577
5493
9348
10198
6650
7509
7138
1133
480
7798
5895
1308
6796
3519
6391
6994
6319
2016
6417
1707
5050
274
6283
5686
7210
8405
1444
3499
9712
5974
9843
171
1897
2352
2664
5663
6925
3617
6840
3067
10176
9911
9416
3400
3161
9774
8880
1650
1039
1548
7230
3022
2118
4780
6975
4231
10295
1361
7291
6191
7686
3048
6908
4378
7161
7018
8804
10360
2253
8613
1769
6790
7880
4712
1004
929
4198
8088
5369
7687
8365
1441
8201
1652
9180
1115
8270
5687
10163
5541
7560
1165
8433
7493
8819
8459
1417
4117
4579
1515
1052
7676
9056
754
372
6358
9225
3531
3390
7950
5896
4854
7913
3393
2867
6003
3176
3975
5044
7527
2605
4048
10259
6276
1061
9136
6842
8488
2929
2856
5855
2810
3849
2433
7524
7125
7351
9965
983
7310
1669
1665
3527
6385
5167
5739
8185
2343
9888
5882
641
469
194
1761
6612
3673
9057
5613
9085
3539
9652
7377
9663
1138
82
5114
9587
10292
1861
6460
1107
6307
10302
8697
8193
1016
5338
2390
7007
4173
4894
1737
7232
3386
6292
8688
990
8878
1172
8212
7747
5405
2849
8699
9344
9482
4421
9714
4599
3234
6638
2047
6891
1240
8927
1309
8578
4187
5023
2436
7584
4243
159
5985
5908
1504
6663
9960
9968
3503
6979
7363
6519
4945
9695
7894
3915
2158
8426
5110
1534
8360
4525
6408
8085
8465
3063
212
9267
1450
3132
524
9484
1414
5983
9384
7
6232
7669
6912
1577
954
3550
7265
81
5471
3033
3948
5845
8494
9904
3901
3510
9126
5260
6346
2556
922
300
1979
10327
1719
749
717
4837
7446
6564
8720
2562
9334
2685
2296
5155
8031
8364
7671
8532
9494
5120
5953
3696
9970
7177
1977
4888
5059
7745
3556
3866
2319
503
4206
1077
5132
4082
5632
4636
1251
6520
435
6427
6567
3615
5774
9043
6707
1024
3668
8150
9819
6121
6074
8766
2377
1756
9094
2007
9108
6333
2744
5437
9635
345
8930
1396
9996
4986
2974
5549
9689
7743
2634
2530
7922
208
5422
6248
6371
4131
2693
8713
147
2064
3378
5459
4460
3729
7763
9493
2268
1206
7778
8422
5150
1947
4672
5910
4701
7597
4226
5553
5314
2615
3309
6992
777
1498
4079
9096
3851
3894
1205
2740
8813
1690
5569
7413
7463
531
7311
7433
6683
9063
6688
1512
2809
5709
7162
1692
7050
8166
10045
3054
7703
569
9926
467
5365
3497
9775
6329
3762
8508
3170
7575
3098
1881
5702
3706
2916
7942
6162
516
4939
6430
966
6986
8700
3872
5610
6084
8977
768
7322
4639
10306
1494
6268
9319
5868
1708
9007
3686
2586
1568
386
2908
1601
4299
45
3362
6568
8836
3711
848
2944
4743
8824
8373
4495
5434
5805
6392
3394
9355
1367
5439
433
5661
4035
7367
3113
3011
6473
1221
3869
1926
8917
3504
514
3468
7157
6674
3413
2650
8810
6583
4083
936
3649
916
4429
1419
241
1047
8990
4555
1935
4252
8294
6426
5119
3046
257
3926
9615
1637
6949
1678
1681
6744
6275
3496
3764
2622
3441
1424
2504
1938
9909
3163
6053
3917
6814
2844
5651
9306
8961
3415
4729
7329
6943
8205
10069
10139
5972
7825
7673
1173
535
2052
7113
49
550
1198
161
8791
5248
1081
6521
3574
5808
5521
10088
2254
6591
7831
10135
7244
547
8561
7924
1418
4499
5605
6970
3180
1179
9457
10233
7404
7562
7376
3263
8806
3385
7216
9213
9258
596
7303
5528
4073
8546
9744
6469
4671
6522
4494
3780
10133
810
7594
4959
187
9765
1224
753
1685
6981
6267
1960
4000
6301
812
3487
9469
1057
4116
6261
4004
4409
6573
2838
3333
5864
5916
9396
7300
9710
5317
8639
9159
3208
3847
560
4589
9211
9143
3699
10102
3609
5058
1806
2790
7429
1656
3257
3248
559
1516
9406
4914
5795
8979
9851
291
7933
2486
3010
8435
702
3714
5961
7059
8186
1909
8899
9735
7375
2214
8923
6337
8838
5360
8223
8586
4607
3439
3546
1705
999
2760
1283
1366
8440
8132
10093
4861
3960
4885
1364
2483
865
8359
10337
6826
7970
8852
8250
7838
1180
4982
1765
7663
10141
7570
2938
6863
4269
10107
6127
5556
8002
7011
2341
6004
2596
9427
276
6644
3140
5456
4676
2349
3874
8328
3104
6526
7474
3868
9278
8973
776
5241
7501
7062
7595
42
10255
9754
2575
2879
2682
9405
3423
7760
6624
4316
3433
8715
6506
7790
4846
1698
2467
3959
104
8667
4560
8211
4869
13
1036
5201
5753
4843
9175
1831
9723
5603
2915
7324
9370
2079
2498
8232
1509
8134
10103
281
2005
55
4819
2148
7646
6472
2982
8320
631
6662
6128
6602
8620
592
3688
8942
2363
310
9276
2482
10338
6166
724
6966
6344
3822
8448
820
6197
5483
5601
5944
3283
7188
4737
10060
9466
8571
1626
7438
6271
2885
8704
1580
6000
4363
1487
8511
1683
4849
8298
7185
2130
4383
742
9547
5151
2726
9859
1620
3013
6467
741
7979
3983
6894
4287
1654
7022
2207
3338
4069
4815
52
1608
7867
6304
4750
4827
10044
5519
7094
5565
9921
6165
317
8674
9938
2218
9988
9857
3131
8072
8388
226
10174
9274
1120
1600
2734
6629
1199
5682
1071
5359
7884
8149
5458
142
2721
5403
8213
4974
10164
10049
5649
6069
3734
7290
5801
8074
9113
9520
1343
4151
6883
2000
9423
953
1499
4350
7609
4818
3521
9611
9917
7648
5092
6169
8627
3719
20
2202
5945
138
4936
2585
10344
6917
9356
8500
332
6366
10165
2836
7754
9424
4944
5665
6395
4077
1709
1288
9729
3490
1380
10156
3877
5980
220
9130
9636
10144
227
6565
6781
7645
2043
8755
1687
1804
1958
9838
7987
361
5653
1402
3166
815
9509
8049
943
9558
5275
7006
6491
7769
9036
8295
5843
3736
885
1803
2597
6514
5475
4788
5720
7289
476
8069
7361
8083
413
8986
3053
5085
8853
8053
7246
8623
1513
8624
1778
4439
8173
10046
1776
6998
2176
1144
10245
4410
8487
973
1272
7201
1934
2087
8769
1567
198
3770
6792
1388
527
4714
1099
670
2497
383
8227
2899
2975
10080
5418
6623
3168
3613
8505
8097
4529
1461
2372
7786
6345
3066
3890
10320
1149
8628
3004
5715
4487
5633
9756
1584
9984
6390
6241
3984
318
6258
9807
2416
3978
186
8677
5652
3056
2931
9739
2784
3794
6740
167
6775
8817
10332
479
3156
6854
9682
2785
6011
5202
9922
8747
9403
4345
4387
7126
3814
6019
4660
2379
3517
7337
4553
5056
594
2913
6607
4141
1451
5053
7720
928
2802
5903
2481
4774
5516
3349
2385
9651
9065
6070
2943
8022
7241
5022
2477
8299
7919
1225
9436
5204
1270
8606
7243
1782
706
9725
2364
1686
9156
3087
4451
8015
8906
9035
2749
2534
4597
3812
3083
10296
1618
6148
69
1033
8090
6474
10267
8283
589
10123
5768
5376
9979
4892
1214
8210
70
5844
2894
1722
8305
4781
9768
3472
10331
9500
7604
1249
9135
9342
3071
4361
7818
7318
1338
6648
9899
8684
6830
8830
3946
8233
940
2674
8825
6149
3735
1100
10305
788
2335
1648
356
4087
1440
10017
8809
39
8113
8892
1602
4438
2669
1481
4881
1062
4901
10209
7553
4918
4007
4726
4267
8419
9400
7724
4659
9658
141
1109
2461
1599
6181
3572
1655
4404
1524
7172
415
4196
7215
4203
4177
4459
8118
5500
7028
43
541
7869
4200
6110
1447
944
8222
4779
3322
9318
9377
3991
9239
9902
7314
6023
3143
9066
3581
398
663
5772
2419
4465
4050
2697
6369
7263
7957
4668
7020
3993
10075
6493
10092
4907
977
1257
8602
6995
9953
5752
9142
4
6538
8123
7765
4584
3
7528
6285
4327
7
1377
7984
6192
7820
4111
7297
988
4
2459
6146
5984
5987
