4237
(8497,4318)
(2027,6090)
(7865,1435)
(4378,3813)
(9059,2840)
(1048,7306)
(7760,3423)
(9022,2506)
(9804,6384)
(728,5618)
(4839,3570)
(6796,1308)
(8304,6889)
(2454,6922)
(8730,8174)
(7885,9445)
(9899,8684)
(1670,4698)
(3813,8882)
(6232,7669)
(7002,1890)
(985,7356)
(2214,8923)
(7818,4110)
(3255,9061)
(5247,2187)
(3075,2675)
(2790,1806)
(9118,7623)
(182,2612)
(1593,3545)
(7298,9163)
(2522,1431)
(1280,9295)
(5734,7483)
(7739,5887)
(1996,8526)
(1916,2763)
(3978,186)
(7701,5098)
(7187,1312)
(9689,5549)
(6172,5695)
(9295,3815)
(5425,9679)
(9206,8889)
(5435,1841)
(8539,8351)
(9515,4612)
(8735,364)
(712,909)
(8791,5248)
(8110,10299)
(5828,1627)
(7375,2214)
(4483,4188)
(6150,1576)
(2891,10085)
(10073,8379)
(9003,9581)
(6842,9136)
(8241,561)
(2650,3413)
(1424,3441)
(4121,2767)
(10058,3292)
(902,1194)
(9781,610)
(1576,182)
(7922,2530)
(247,334)
(931,2665)
(8715,3433)
(2074,6050)
(516,6162)
(2872,7220)
(7879,3882)
(1601,2908)
(610,8194)
(4721,9991)
(9744,8546)
(10343,7203)
(3599,7971)
(9761,4492)
(9019,728)
(8546,4073)
(4031,6073)
(908,8727)
(4067,2606)
(5513,1390)
(3415,4729)
(3031,10022)
(594,2913)
(1740,10199)
(6321,8122)
(6456,5177)
(5422,208)
(10065,6009)
(4892,9979)
(9994,7591)
(8704,1580)
(7861,4371)
(8499,10056)
(2036,8199)
(5833,907)
(9726,9778)
(5628,6667)
(5742,8831)
(4839,3604)
(5296,7739)
(7947,7993)
(2517,9713)
(7311,531)
(10263,2558)
(7006,6165)
(9342,9135)
(6637,7194)
(5597,5332)
(980,3351)
(4258,7326)
(3824,4171)
(7107,9003)
(9713,5807)
(8710,9915)
(2558,9933)
(8548,5266)
(6408,8085)
(296,7396)
(5491,7892)
(9135,1249)
(1293,732)
(8352,9608)
(3938,9447)
(9264,2466)
(6539,2922)
(5390,1294)
(3939,8558)
(3454,6036)
(3458,6103)
(5266,1243)
(1958,9838)
(6939,2508)
(3279,652)
(124,2170)
(5193,5749)
(5019,2952)
(7273,6302)
(479,3156)
(2341,7011)
(1720,2134)
(10014,6325)
(8360,4525)
(8420,7163)
(2369,946)
(1214,4892)
(6895,4732)
(5694,7537)
(7472,987)
(3503,9968)
(1411,7021)
(52,4287)
(3272,3575)
(319,9962)
(9273,3367)
(7079,9277)
(7816,7266)
(5737,8679)
(5001,8310)
(1212,8100)
(5685,7099)
(9968,9960)
(5884,3971)
(7112,8420)
(2261,803)
(4565,2839)
(5551,892)
(6129,9564)
(1371,1985)
(4604,5685)
(6360,9684)
(6233,494)
(8629,6755)
(9028,3211)
(1057,9469)
(368,3165)
(21,1237)
(5689,3146)
(8101,3029)
(10068,2034)
(8544,2146)
(7337,4553)
(5980,220)
(6516,1925)
(2343,8185)
(5376,9979)
(2938,7570)
(3154,1553)
(1246,2192)
(3613,3168)
(9537,9628)
(9190,3425)
(5656,3297)
(8930,6363)
(3640,3008)
(2082,5415)
(6322,237)
(3874,8328)
(1739,6010)
(8684,6830)
(8882,4745)
(4083,6583)
(2682,9405)
(1436,3652)
(2551,9357)
(8082,4066)
(4489,6324)
(1416,3513)
(6576,6773)
(6830,8830)
(10019,8868)
(4745,8321)
(4389,8504)
(3679,7506)
(4066,3755)
(3536,993)
(9269,1551)
(2062,9538)
(1343,4151)
(6545,4285)
(8504,10303)
(3797,8122)
(7986,8329)
(8540,2062)
(6526,7474)
(9249,5626)
(9756,8447)
(6269,1103)
(5703,8209)
(3922,6909)
(4107,9255)
(2947,3612)
(7669,6912)
(6393,779)
(2974,4986)
(1081,6521)
(7226,7783)
(4795,6194)
(3507,2561)
(2182,9183)
(5281,5927)
(3667,8647)
(8072,8388)
(7635,9479)
(6934,9028)
(752,6051)
(3480,1298)
(2364,9725)
(3500,1825)
(8002,5556)
(8272,39)
(7650,5600)
(2516,9907)
(3591,8698)
(276,6644)
(7784,10223)
(2529,9265)
(7942,2916)
(67,6136)
(6362,7554)
(6652,9454)
(7591,6024)
(8422,7778)
(2916,3706)
(7423,9867)
(5511,351)
(8532,9494)
(7416,556)
(2832,4482)
(147,8713)
(6035,7391)
(6760,980)
(4192,490)
(3240,5566)
(7593,5919)
(9754,2575)
(1128,7674)
(7790,6506)
(1923,1246)
(1148,7293)
(2128,3444)
(6659,7796)
(6669,2755)
(2106,712)
(6914,8663)
(7379,6379)
(4155,6447)
(3371,292)
(2651,7823)
(1690,8813)
(80,4002)
(8445,5200)
(9260,1353)
(4674,7513)
(4453,10125)
(6379,3708)
(8267,7815)
(877,6920)
(4368,2514)
(1577,954)
(3477,4763)
(1396,8930)
(5620,5115)
(4040,9286)
(1249,7604)
(7513,8557)
(6241,3984)
(9596,3656)
(6812,9661)
(6837,8873)
(3899,9628)
(310,8075)
(4488,7408)
(7604,9500)
(7196,73)
(625,8036)
(6335,148)
(6111,4128)
(7843,2940)
(9526,7202)
(5633,9756)
(842,4874)
(45,4299)
(4204,9770)
(6208,7102)
(5340,4906)
(4392,7248)
(8424,1482)
(1180,3714)
(4128,9389)
(9414,5221)
(8732,4797)
(9770,2644)
(2117,1436)
(7442,8652)
(3894,3851)
(1018,2243)
(506,7043)
(8654,5947)
(6591,7831)
(1628,3240)
(8404,8171)
(4797,8470)
(3500,7695)
(7595,42)
(7157,3468)
(6764,1501)
(5084,5770)
(2017,2516)
(222,2054)
(2838,6573)
(2150,7552)
(4672,1947)
(5857,9590)
(5953,5059)
(2629,10042)
(6869,8182)
(8720,2562)
(4986,9996)
(9175,4843)
(1345,9467)
(7163,4140)
(3983,7979)
(3262,4536)
(233,5139)
(9183,3679)
(11,9522)
(3936,6559)
(2519,4596)
(4428,9325)
(627,9364)
(2014,5030)
(9458,3909)
(9288,2383)
(5635,1334)
(4740,8340)
(5673,389)
(910,4031)
(10230,92)
(2802,5903)
(3403,5353)
(10361,6865)
(8462,2320)
(9907,8808)
(6459,8796)
(3896,5209)
(8542,9288)
(2405,9818)
(6719,5540)
(8727,5635)
(6913,17)
(7949,8274)
(5246,5596)
(3716,2932)
(10185,8191)
(1810,6708)
(1270,8606)
(6654,2371)
(10347,528)
(9967,450)
(9655,3798)
(5710,5129)
(5363,9029)
(8274,6077)
(8815,7485)
(6904,580)
(8505,3613)
(2140,6825)
(5232,2995)
(3098,7575)
(1124,1279)
(7769,6491)
(5666,1853)
(8466,368)
(4187,8578)
(1327,8163)
(3796,7638)
(7883,1967)
(3385,8806)
(5391,7563)
(8709,6540)
(4333,9414)
(3382,3247)
(1450,3132)
(104,3959)
(3088,10030)
(3513,10263)
(6851,11)
(8080,5490)
(815,9988)
(10303,714)
(2380,8767)
(5558,7448)
(8899,9735)
(3794,6740)
(2768,6335)
(4167,7346)
(1494,10306)
(4127,9637)
(1962,10191)
(6883,2000)
(10305,788)
(3690,9625)
(3909,4168)
(714,1421)
(5610,3872)
(8564,2374)
(8920,5707)
(8447,10329)
(2879,2682)
(4529,1461)
(69,7931)
(2655,9518)
(2000,9423)
(3798,5599)
(788,2335)
(7894,9695)
(2064,147)
(4011,7095)
(3279,7960)
(1546,4472)
(5151,9547)
(9332,6188)
(4885,8359)
(9491,7717)
(4983,10071)
(6633,5726)
(5818,5170)
(5849,9688)
(3013,1620)
(3479,793)
(9547,742)
(10233,7404)
(9274,1120)
(8479,7603)
(9034,5930)
(1782,706)
(8048,1248)
(9029,3137)
(4146,7581)
(5053,7720)
(1120,6629)
(187,4959)
(6794,2936)
(8022,7241)
(5618,8936)
(3380,672)
(4164,294)
(1412,3907)
(6004,6526)
(4482,9228)
(6426,8294)
(9772,568)
(7177,9970)
(2750,3723)
(8827,4095)
(9337,8308)
(7241,5022)
(1229,9486)
(1256,2672)
(6598,9034)
(1509,8232)
(3773,2853)
(7782,6895)
(2761,8800)
(6191,7686)
(3444,624)
(3439,702)
(3908,3402)
(2170,7929)
(925,6250)
(8800,2350)
(950,2424)
(2493,9268)
(5713,5938)
(2582,61)
(7075,3092)
(6563,2617)
(6673,1984)
(1650,1039)
(1705,999)
(4150,8368)
(7638,9092)
(9077,9132)
(132,6216)
(3505,7255)
(2962,3647)
(4455,1411)
(5844,2894)
(9268,8065)
(5933,6114)
(7746,8594)
(8797,1312)
(3665,4427)
(8730,6673)
(2514,842)
(8247,9365)
(6247,10218)
(702,8435)
(3781,3374)
(8758,9667)
(2844,5651)
(318,6258)
(4530,9715)
(7632,6247)
(3398,10346)
(3374,2589)
(3594,4488)
(4795,7985)
(3756,8609)
(6258,9807)
(49,550)
(5433,3398)
(2644,9039)
(904,877)
(2882,8092)
(8609,6294)
(8835,6871)
(3985,2555)
(1881,3098)
(6391,3519)
(2265,4094)
(5968,5470)
(5480,9610)
(9498,6558)
(5508,9664)
(8373,4495)
(3519,6796)
(789,8815)
(9376,7009)
(8181,5467)
(6871,9653)
(8628,3004)
(2372,7786)
(10006,4467)
(5409,4816)
(5101,9941)
(6992,3309)
(2908,386)
(5651,9306)
(1147,10019)
(7009,10120)
(362,2557)
(3710,4453)
(2686,2388)
(3241,9132)
(8637,3616)
(1618,6148)
(9092,6086)
(3935,3196)
(6522,4671)
(966,6430)
(10223,10019)
(6708,9847)
(2573,3383)
(7647,2947)
(2388,3973)
(4553,3882)
(6271,2885)
(8619,7415)
(3027,5977)
(716,3893)
(7208,4431)
(4031,8160)
(8812,3051)
(9746,8604)
(1315,2290)
(3083,10296)
(6279,8612)
(4269,6863)
(1947,5150)
(5897,6094)
(3355,2823)
(5946,3182)
(4660,6019)
(6641,1022)
(5033,3938)
(1332,3691)
(10177,4604)
(2617,4912)
(3357,2638)
(3441,2622)
(4869,8211)
(8400,483)
(8851,3310)
(5196,4300)
(5162,6766)
(2932,6298)
(6168,1234)
(5509,99)
(518,3621)
(9888,2343)
(2423,1102)
(793,7774)
(3469,4925)
(91,1917)
(3624,8202)
(8023,638)
(8665,5196)
(763,8999)
(1234,3130)
(3592,188)
(4525,1761)
(906,2783)
(1102,129)
(7960,6499)
(9540,5029)
(167,6775)
(2733,9269)
(6071,9354)
(418,6167)
(2922,3796)
(5303,555)
(4990,906)
(8294,4252)
(4354,1644)
(588,10193)
(5916,5864)
(6651,10179)
(5851,6982)
(6775,8817)
(5938,2123)
(3775,8754)
(869,4692)
(1455,7782)
(2556,6346)
(10029,9354)
(742,4383)
(364,2117)
(4945,6519)
(8805,557)
(7637,2651)
(1012,1817)
(4818,7609)
(6442,627)
(6982,2044)
(7293,5986)
(3541,1571)
(8104,2599)
(6739,7698)
(6095,7058)
(9979,1915)
(803,2992)
(6519,7363)
(9663,1138)
(2151,2966)
(1571,9017)
(2599,10242)
(7183,3265)
(7126,4387)
(2638,4981)
(7640,3120)
(524,9484)
(1461,2372)
(4618,8821)
(7798,480)
(2734,1600)
(913,7147)
(136,2571)
(1021,9181)
(6902,4216)
(10101,250)
(9680,10246)
(9265,8553)
(2647,5281)
(9217,5148)
(820,6197)
(1444,3499)
(8299,7919)
(6098,6360)
(10094,110)
(799,4194)
(9541,145)
(6540,4903)
(2487,5622)
(5438,5390)
(151,8808)
(6768,9573)
(967,3279)
(8528,7926)
(1755,6321)
(4285,4070)
(322,5109)
(2350,7370)
(2450,982)
(3137,3307)
(1205,3894)
(6826,7970)
(6259,5294)
(3048,6908)
(6694,5536)
(4824,4995)
(9385,2196)
(10183,6563)
(7540,5246)
(4837,7446)
(17,7338)
(8290,2869)
(7370,2027)
(9412,4795)
(3575,2825)
(4594,5513)
(5483,5601)
(4982,1180)
(1531,5734)
(4002,9694)
(6298,8970)
(3168,6623)
(5542,8313)
(10238,5679)
(1679,7002)
(9365,7346)
(2336,3595)
(8839,7632)
(2589,4998)
(5992,2070)
(4399,7412)
(10172,7432)
(9584,1258)
(3029,3746)
(8033,3311)
(3250,6413)
(2130,892)
(9682,2785)
(9406,1516)
(3610,1360)
(4566,3368)
(10125,4865)
(9163,8839)
(7636,5433)
(6344,3822)
(4998,1280)
(6219,9541)
(1851,2332)
(2416,3978)
(3308,4635)
(1198,161)
(8854,1496)
(5429,7636)
(6452,390)
(768,8977)
(8500,332)
(334,9139)
(8553,2843)
(9852,7548)
(5301,1906)
(2929,8488)
(2332,10143)
(9950,8724)
(161,8791)
(3484,478)
(9704,3451)
(5895,10073)
(4043,9533)
(1693,864)
(1683,4849)
(8350,7910)
(8488,6842)
(1283,2760)
(8591,9434)
(3818,9515)
(4671,6469)
(3413,6674)
(7048,843)
(5167,6385)
(201,1363)
(5659,8690)
(9010,10280)
(33,270)
(10295,1361)
(2352,2664)
(9778,9233)
(5493,8577)
(5359,1071)
(6469,9744)
(4775,6119)
(8403,9112)
(9534,9733)
(6853,5162)
(4836,201)
(3673,9057)
(8144,4473)
(1842,5480)
(7100,6269)
(5555,8214)
(1326,6362)
(20,2202)
(6952,9438)
(7581,3462)
(848,2944)
(8325,296)
(153,4647)
(3691,9131)
(2853,838)
(9063,6683)
(6119,5659)
(1231,8478)
(4092,6456)
(600,9046)
(6949,1637)
(3946,8233)
(6662,631)
(532,4879)
(9556,9032)
(8859,6851)
(7895,6120)
(1232,7712)
(5097,3337)
(3560,1354)
(7682,5856)
(2749,9035)
(9954,7557)
(3310,8391)
(1822,8506)
(1101,3557)
(3339,6404)
(9877,6089)
(3071,9342)
(5458,8149)
(2893,5730)
(2665,3536)
(3130,8441)
(7296,8567)
(1562,8003)
(129,6797)
(4692,8905)
(4841,2455)
(6499,8617)
(6959,8346)
(505,4225)
(4492,301)
(270,9724)
(10060,9466)
(5477,6560)
(6165,9921)
(3425,6137)
(4302,9039)
(5209,874)
(7925,24)
(7917,1586)
(1428,5014)
(8959,4990)
(4248,4089)
(8617,6637)
(2503,8805)
(9628,7611)
(8211,4560)
(6560,4550)
(8501,2434)
(7273,1896)
(2585,10344)
(7698,4119)
(4028,5106)
(521,6411)
(7848,6539)
(5635,4275)
(81,5471)
(9664,3373)
(3748,6598)
(6496,1134)
(8545,3899)
(227,6565)
(8648,9534)
(8522,6001)
(8478,2429)
(7867,1608)
(7649,8098)
(3405,5086)
(9017,2373)
(278,8381)
(1773,2100)
(8379,6152)
(6979,3503)
(8094,8177)
(2623,636)
(9057,5613)
(3692,10265)
(7073,6458)
(2091,9422)
(8192,4441)
(253,4841)
(7592,2642)
(1137,5071)
(3466,6719)
(8364,7671)
(2770,344)
(5866,2592)
(3530,5809)
(9439,2582)
(5995,5648)
(8952,8784)
(1916,5955)
(6876,1130)
(9752,7222)
(4514,6259)
(482,1332)
(2886,1773)
(3284,3832)
(9454,6356)
(6713,6265)
(9496,7807)
(8784,9512)
(8554,1311)
(6126,920)
(5863,9176)
(745,9398)
(1903,7153)
(5566,6080)
(1231,6402)
(1620,9859)
(3619,3366)
(9052,6528)
(7303,596)
(10103,8134)
(474,9363)
(3512,5818)
(1046,5289)
(8210,70)
(4497,9485)
(5240,4511)
(3851,9096)
(9941,3427)
(9911,9416)
(5674,6684)
(9710,7300)
(596,9258)
(6922,2494)
(8169,5084)
(1747,9038)
(4511,1739)
(5059,4888)
(5361,3028)
(7238,5762)
(8636,4428)
(3429,10159)
(7609,4350)
(3508,1712)
(757,2511)
(5490,6098)
(5961,7059)
(5423,5417)
(7904,6214)
(1949,6100)
(9341,1455)
(3045,8082)
(2957,2714)
(3459,4443)
(2368,6071)
(8423,1241)
(1712,4389)
(1722,2894)
(2910,7904)
(9624,6393)
(2070,967)
(4473,278)
(8538,6712)
(10285,9596)
(4697,7442)
(6098,7888)
(3948,2268)
(6011,5202)
(1277,1307)
(8090,6474)
(6801,1075)
(8315,9240)
(356,1648)
(4851,3186)
(1436,8253)
(7248,1670)
(2033,4127)
(4216,9789)
(292,2917)
(4257,4160)
(5018,3920)
(6385,503)
(6196,5531)
(10143,12)
(7065,644)
(3834,8706)
(6366,10165)
(1991,5018)
(5908,5985)
(5846,9019)
(3032,9292)
(5993,2454)
(10356,3256)
(4345,9403)
(3958,3640)
(5248,1081)
(4749,4418)
(5985,159)
(6251,6763)
(9136,1061)
(1179,9457)
(502,6780)
(10348,4145)
(101,4940)
(3051,8469)
(8724,3355)
(4077,6395)
(4507,8545)
(2755,10014)
(5078,132)
(4843,5753)
(628,2623)
(5020,322)
(6310,9002)
(7243,1782)
(5073,586)
(5663,6925)
(7606,269)
(3886,1862)
(4297,1791)
(1943,193)
(3822,8448)
(5682,1199)
(61,5073)
(3292,2737)
(5413,2750)
(6275,6744)
(8754,5525)
(3466,3807)
(8767,2629)
(8328,3104)
(6230,9190)
(2571,8842)
(8562,1726)
(8831,7309)
(1975,6669)
(5945,138)
(482,9531)
(6474,10267)
(1053,3233)
(2477,8299)
(1512,6688)
(7464,4146)
(5218,7666)
(6153,7637)
(6780,7705)
(1386,6224)
(5648,8403)
(145,5871)
(9991,2280)
(5177,6066)
(5532,3190)
(5123,661)
(7680,1473)
(3378,2064)
(9605,4391)
(10003,4663)
(5013,7517)
(799,8246)
(5813,7354)
(7413,5569)
(1157,2817)
(7466,80)
(6066,8445)
(9156,3087)
(10081,6875)
(9821,1053)
(7575,3170)
(7474,3868)
(4874,8712)
(7517,2204)
(6716,8033)
(9812,9027)
(3649,936)
(8639,5317)
(8868,6959)
(8170,4896)
(9275,9031)
(7872,4070)
(8890,6813)
(7249,330)
(6086,101)
(9357,3840)
(8513,2102)
(6470,784)
(6696,10277)
(1035,60)
(6874,3245)
(6625,7861)
(4550,1383)
(314,853)
(4091,6182)
(3564,1963)
(2757,7647)
(2481,4774)
(7356,9004)
(1626,7438)
(2383,2314)
(3650,8000)
(9667,2487)
(3711,848)
(10088,2254)
(9114,1333)
(9306,8961)
(8611,3591)
(8013,731)
(8462,4107)
(6569,7898)
(9004,2752)
(8895,5608)
(8312,7079)
(4119,207)
(2254,6591)
(2883,3943)
(8345,3910)
(6166,724)
(3161,9774)
(2147,1456)
(6084,5610)
(5608,4996)
(4730,7920)
(4033,4839)
(6445,2211)
(9785,7379)
(1757,7992)
(8877,6348)
(4505,9458)
(1430,6632)
(2645,9778)
(1290,5673)
(4831,181)
(9228,7650)
(8194,8902)
(10189,5886)
(6348,4455)
(250,1116)
(8534,1538)
(6894,3983)
(3556,7745)
(798,849)
(471,3128)
(6069,5649)
(8598,4523)
(7445,7653)
(5927,10175)
(5549,2974)
(921,10231)
(2384,3834)
(4737,10060)
(4811,9892)
(1497,2117)
(4283,3473)
(10098,6405)
(7979,741)
(7653,5219)
(2631,9555)
(7593,8633)
(10261,9720)
(4847,4119)
(10231,6654)
(9533,3663)
(6508,2023)
(8928,6343)
(631,8320)
(1304,1512)
(1448,7380)
(9768,4781)
(9213,7216)
(6014,4627)
(6343,8206)
(6097,9249)
(5201,1036)
(1146,2143)
(9320,6761)
(390,4284)
(4622,1742)
(281,10103)
(2699,8611)
(9889,7503)
(8186,1909)
(2016,6319)
(5795,4914)
(58,4088)
(9739,2784)
(160,5694)
(148,2368)
(5210,8415)
(1963,8013)
(7001,2216)
(4650,5579)
(2504,1938)
(3735,1100)
(4946,8468)
(4701,5910)
(8706,9201)
(361,5653)
(1627,5551)
(1909,8899)
(4508,2002)
(3755,1962)
(6390,3719)
(8468,2976)
(7852,9508)
(4151,6883)
(4356,4851)
(8371,7939)
(1100,10305)
(6161,4799)
(7324,2915)
(7376,3800)
(1876,98)
(9267,1450)
(7579,3060)
(8174,9498)
(8097,4529)
(2803,7965)
(6729,2522)
(8252,8638)
(2342,4258)
(8751,106)
(4580,14)
(7141,9655)
(2165,3145)
(1413,7862)
(1841,10100)
(5459,3378)
(6259,2246)
(830,8182)
(2726,5151)
(9950,8239)
(9171,1859)
(3764,3496)
(3307,2252)
(4538,8683)
(10339,7285)
(1480,684)
(3011,1321)
(5225,3592)
(1862,8066)
(9085,194)
(7786,953)
(92,4713)
(9447,160)
(4969,4037)
(1398,8360)
(5726,253)
(6863,2938)
(5882,9888)
(9465,5001)
(4247,1559)
(2943,8022)
(199,8272)
(6356,3345)
(7265,81)
(3008,3559)
(724,6966)
(2646,1755)
(7259,8897)
(6248,5422)
(7862,6)
(9405,3423)
(7652,9683)
(2900,7947)
(9116,1294)
(7840,4749)
(5089,7672)
(2778,1256)
(6463,3812)
(219,2236)
(4799,2632)
(7558,9259)
(787,6649)
(9065,1225)
(9615,3926)
(3103,9746)
(5986,58)
(8658,9704)
(4972,5931)
(7778,6856)
(6568,3362)
(2632,925)
(1986,8710)
(1566,9889)
(6384,2050)
(8996,3725)
(8003,7599)
(7346,3962)
(2204,2426)
(9300,1374)
(8936,1546)
(7245,7279)
(3196,4971)
(6976,9360)
(9416,3400)
(2586,3686)
(8381,5462)
(9431,673)
(9283,8408)
(153,10161)
(10332,479)
(6299,7835)
(1917,2639)
(6109,4792)
(2426,3665)
(10218,6976)
(9892,5509)
(8075,1613)
(5700,6696)
(10178,3492)
(673,5190)
(2243,5225)
(269,1411)
(3984,318)
(6081,6179)
(5235,8478)
(8724,3255)
(1709,4077)
(1700,9217)
(10346,5700)
(5471,3033)
(98,1157)
(4635,8814)
(6994,6391)
(10244,1327)
(6644,2349)
(5845,3948)
(7777,5183)
(6636,1989)
(5613,9085)
(4596,9072)
(1133,7138)
(4698,5412)
(7831,10135)
(8340,2124)
(8162,5425)
(9712,5974)
(1919,7048)
(3780,4494)
(9236,6152)
(374,5597)
(8700,6986)
(8973,776)
(2034,8596)
(5,2686)
(7100,2480)
(9838,1402)
(9522,1759)
(5649,142)
(5974,9843)
(2935,6208)
(1061,159)
(7043,1003)
(6986,966)
(9678,4655)
(2704,7122)
(8368,3323)
(107,9895)
(3166,815)
(9130,9636)
(4758,6806)
(6090,716)
(8889,5141)
(4362,7739)
(4131,6371)
(9002,4677)
(4597,2534)
(8896,510)
(4299,1601)
(6100,9116)
(3323,6279)
(6278,8802)
(4391,3036)
(2137,5251)
(2363,310)
(9445,2612)
(1890,3940)
(5221,5187)
(6405,7718)
(4035,7367)
(5439,433)
(10333,4420)
(2529,6939)
(4430,1271)
(8921,8953)
(2371,9761)
(8141,2827)
(32,287)
(3940,3791)
(3905,1666)
(6846,6764)
(570,3126)
(8039,10003)
(2089,7298)
(3704,7791)
(2941,3480)
(580,3443)
(5969,2211)
(2023,7374)
(2320,6213)
(10267,8283)
(9851,8979)
(5668,1446)
(186,2111)
(2817,10365)
(6371,6248)
(4851,9556)
(3550,7265)
(5805,6392)
(8073,5634)
(8698,2423)
(5653,1402)
(7233,9251)
(8796,2372)
(3828,1902)
(8245,9114)
(9438,6583)
(10320,1149)
(2111,3941)
(3746,10352)
(241,1419)
(6085,9483)
(4515,8253)
(2947,7472)
(8018,1096)
(2783,5828)
(9283,6221)
(9661,890)
(9735,7375)
(1087,5300)
(9292,600)
(9653,1546)
(8696,5270)
(7939,506)
(8990,1047)
(531,7463)
(6305,6359)
(3339,7108)
(2729,7744)
(8440,8132)
(693,4823)
(6028,2190)
(9038,7505)
(4004,6261)
(9695,4945)
(7354,7986)
(1712,4834)
(7485,2322)
(1869,5866)
(8351,8938)
(4116,1057)
(845,2699)
(5625,3357)
(9233,8131)
(3979,4201)
(3141,4510)
(3469,5218)
(5930,904)
(3211,5754)
(10061,664)
(7792,2017)
(9847,9283)
(9092,9950)
(8921,1517)
(7122,5995)
(5049,4580)
(6674,7157)
(8134,1509)
(3594,10062)
(1367,5439)
(4366,165)
(8207,4751)
(4879,1807)
(6408,4525)
(6009,5136)
(2079,9370)
(4194,6278)
(2612,7067)
(3812,3083)
(5136,7064)
(9091,6602)
(3480,3420)
(7993,5876)
(3233,8550)
(2890,224)
(5569,1690)
(8399,8771)
(5931,1261)
(8441,8662)
(2786,9984)
(559,3248)
(8798,905)
(3104,6526)
(3521,4818)
(6647,6882)
(10103,8012)
(2480,8058)
(1195,715)
(8813,2740)
(8031,8364)
(2553,1148)
(6692,7992)
(1261,9081)
(3501,4758)
(789,913)
(7563,6075)
(5955,3079)
(4541,3935)
(131,3808)
(6179,6831)
(8620,8320)
(7429,2790)
(3490,1380)
(1613,8665)
(7448,2342)
(603,9092)
(8223,8586)
(4663,5573)
(1859,1148)
(8494,5845)
(8269,7075)
(3156,6854)
(1145,3692)
(10344,6917)
(7222,2935)
(3920,6254)
(436,4399)
(7988,5703)
(6194,1758)
(2005,281)
(8857,6251)
(8586,4607)
(6854,9682)
(6753,3343)
(3061,9517)
(4040,3103)
(6917,9356)
(7638,8526)
(2940,2866)
(2308,5542)
(1258,3075)
(4383,2130)
(3367,6869)
(4208,3846)
(561,136)
(560,3847)
(3877,10156)
(550,1198)
(9960,6663)
(3225,7052)
(2280,3272)
(8396,5659)
(2050,8657)
(2856,2929)
(3260,6375)
(9139,91)
(1915,10033)
(10291,746)
(6650,10198)
(3652,4515)
(9131,1537)
(5434,5805)
(7518,9903)
(8112,6516)
(4676,2349)
(9981,4081)
(849,830)
(9843,171)
(2246,6129)
(10198,9348)
(6975,4231)
(555,6305)
(5949,3850)
(2149,6508)
(1496,2937)
(4840,2646)
(1363,10068)
(2393,6963)
(9474,5075)
(3967,10291)
(750,6811)
(1033,8090)
(4318,8499)
(4231,10295)
(554,10314)
(6889,6278)
(70,5844)
(77,10122)
(351,4205)
(1997,5555)
(3893,3032)
(6010,1124)
(3309,2615)
(3812,4597)
(3992,2996)
(2392,3459)
(8836,6568)
(821,9021)
(2451,4603)
(528,7384)
(2827,1025)
(1897,8439)
(8250,8852)
(3791,10204)
(3051,4685)
(5071,5287)
(1141,4512)
(6109,8269)
(6491,7006)
(4457,7621)
(10204,1232)
(260,6319)
(3271,5272)
(9700,18)
(1761,6612)
(8587,5474)
(9104,26)
(1557,6308)
(6912,1577)
(5868,9319)
(6029,4029)
(7366,4199)
(6042,1336)
(1228,10149)
(5014,122)
(3647,8850)
(8108,3262)
(3941,8916)
(491,4650)
(8567,1557)
(5556,6127)
(5155,8031)
(2836,7754)
(8170,33)
(4029,1735)
(5499,1676)
(4199,7962)
(2518,5526)
(1574,4707)
(8690,128)
(2712,9731)
(1036,13)
(2754,6937)
(8916,5477)
(1616,9477)
(1414,5983)
(9419,5470)
(2639,2638)
(5403,2721)
(2869,8883)
(7754,9424)
(1730,5666)
(6521,3574)
(4606,9300)
(3688,8942)
(2287,877)
(688,7435)
(7062,7595)
(999,1366)
(7004,1370)
(2588,7840)
(3574,5808)
(9938,8674)
(4073,5528)
(4375,3469)
(603,1996)
(4842,6934)
(9155,7107)
(2436,5023)
(4560,8667)
(3331,10193)
(2798,3564)
(1228,1235)
(5944,3283)
(6575,8682)
(3126,5526)
(8717,6217)
(8138,6694)
(3686,9007)
(8627,6169)
(5983,9384)
(2031,4791)
(6840,3067)
(6806,9133)
(5039,1091)
(9240,8505)
(3546,3439)
(8029,4273)
(1637,9615)
(637,8169)
(5709,2809)
(9494,5120)
(4774,8072)
(4363,1487)
(8004,9261)
(6411,845)
(7064,3326)
(4290,474)
(1612,4366)
(1648,6289)
(8883,8736)
(8880,1650)
(7285,4930)
(4964,4072)
(2740,1205)
(1427,5460)
(1553,1825)
(2318,6962)
(5200,9077)
(3708,9496)
(5928,6575)
(796,5723)
(6473,3011)
(7323,7240)
(8435,3010)
(2534,2749)
(1354,3321)
(9672,8758)
(4273,7292)
(7907,482)
(6588,4697)
(5528,7303)
(3155,3773)
(1758,5126)
(9498,2333)
(7052,6916)
(9170,1046)
(1807,5043)
(9401,72)
(1440,4087)
(2946,6624)
(2298,611)
(7469,151)
(7326,5778)
(5221,163)
(8232,2498)
(8705,8399)
(1501,4430)
(8100,8859)
(5030,3103)
(10172,7423)
(9321,7736)
(5086,3666)
(4971,4916)
(591,6040)
(1370,4164)
(4823,370)
(611,3429)
(5626,7238)
(3520,3508)
(585,6755)
(8329,8709)
(7367,3113)
(10217,8872)
(9171,4333)
(5335,4209)
(7280,5160)
(5417,2225)
(9724,6942)
(7,6232)
(1336,5446)
(4916,8038)
(779,8588)
(8938,328)
(7138,7509)
(6040,2957)
(5986,8423)
(3433,1705)
(3321,5139)
(6898,10339)
(2123,1969)
(8085,8465)
(7695,313)
(2785,6011)
(5924,2033)
(7349,5697)
(8427,986)
(2845,6625)
(6663,1504)
(1801,6812)
(8551,7654)
(3194,1873)
(2054,8637)
(313,6196)
(4205,7199)
(5697,1929)
(6564,8720)
(10106,4080)
(7067,2573)
(7224,5742)
(1504,5908)
(7851,4466)
(904,6901)
(8917,1926)
(6759,4359)
(291,9851)
(5152,7994)
(2190,5927)
(3145,3842)
(1644,2353)
(9325,2551)
(2982,6472)
(1271,8513)
(2252,904)
(8239,5814)
(1925,761)
(9679,1143)
(623,2733)
(8506,1991)
(4793,908)
(6603,8679)
(1806,5058)
(2482,10338)
(8713,2693)
(1069,1511)
(5925,9612)
(4635,5863)
(8448,820)
(2312,6713)
(1361,7291)
(6262,4266)
(1103,7606)
(5599,9527)
(5314,5553)
(405,6837)
(3624,9510)
(319,6264)
(5284,9059)
(1381,10224)
(10246,4856)
(8214,8562)
(2349,3874)
(2284,8587)
(684,3207)
(1279,5760)
(437,5690)
(706,2943)
(9021,124)
(723,3756)
(3560,7649)
(8806,3263)
(6036,5413)
(1682,2271)
(6472,7646)
(2913,6607)
(7108,7464)
(8233,5765)
(337,8499)
(8622,2620)
(10155,2035)
(99,3595)
(10191,7532)
(922,2556)
(3216,7516)
(1190,5244)
(1421,10081)
(76,5361)
(9818,4283)
(6261,4116)
(3959,2467)
(5516,3349)
(9423,953)
(5166,3125)
(5579,6154)
(7095,9275)
(8401,4566)
(42,10255)
(4879,6633)
(4469,7296)
(5460,6879)
(6264,8940)
(1885,4507)
(6319,6994)
(4128,148)
(8809,10017)
(7590,2872)
(8808,7647)
(8254,9821)
(300,1979)
(9903,4942)
(5808,5521)
(4944,5665)
(6089,6091)
(7321,8161)
(1804,1958)
(5023,4187)
(9921,5565)
(5521,10088)
(4485,1919)
(9032,693)
(6153,6081)
(843,1356)
(3278,1018)
(3612,1315)
(6629,2734)
(5617,2076)
(2223,619)
(6317,5235)
(8310,1488)
(7063,2954)
(5011,2021)
(5550,7917)
(907,6315)
(2477,6070)
(2268,1206)
(6217,7871)
(3595,8268)
(3621,1146)
(8036,3797)
(5570,2600)
(2825,3818)
(6623,1288)
(8588,4842)
(1322,8871)
(10176,9911)
(2672,3226)
(6169,5092)
(4333,2553)
(2397,7771)
(7783,2442)
(288,8401)
(9147,4831)
(1825,5617)
(539,9308)
(5897,1986)
(6250,6853)
(1116,7196)
(4168,21)
(7099,3119)
(6706,4097)
(10091,2864)
(10265,3560)
(1039,7445)
(8177,6892)
(3877,5980)
(7153,5600)
(8889,8591)
(7807,921)
(6963,5713)
(4427,1544)
(3316,1972)
(1686,2364)
(7501,7062)
(3890,10320)
(1791,2808)
(8657,5933)
(6835,8836)
(6966,6344)
(5148,1996)
(943,9558)
(8122,7699)
(9375,440)
(8841,8391)
(1351,3886)
(3190,176)
(8230,5616)
(6435,9759)
(3046,5119)
(1130,2518)
(3472,9768)
(9258,9213)
(749,717)
(9545,4768)
(5251,3184)
(3192,2114)
(8999,4204)
(4912,4963)
(891,7441)
(10159,283)
(176,9320)
(9558,7987)
(7059,8186)
(5456,4676)
(5282,9752)
(2719,7224)
(3800,4946)
(5415,6525)
(2714,3331)
(8408,1810)
(8736,3284)
(5864,3333)
(6712,4891)
(1199,6629)
(6755,8318)
(1025,3009)
(7244,547)
(9904,8494)
(9528,10205)
(5600,6511)
(538,4248)
(1929,1609)
(8794,3980)
(2967,2065)
(547,8561)
(10199,2841)
(4517,7949)
(6216,6874)
(3487,812)
(6783,10076)
(7392,6729)
(2177,2803)
(4713,6771)
(1039,1548)
(1609,1040)
(6430,4939)
(3383,2165)
(9261,8142)
(812,6301)
(9917,9611)
(3631,8518)
(1935,4555)
(620,8909)
(4088,6459)
(1708,5868)
(3567,6692)
(10100,6753)
(6780,369)
(2264,7983)
(7438,6271)
(8612,153)
(9061,7733)
(8679,3371)
(6506,8715)
(9477,10285)
(8814,1290)
(1254,2893)
(9364,6153)
(2628,10230)
(3864,6332)
(4431,822)
(8318,2712)
(4245,5658)
(2987,7834)
(3807,8029)
(7983,3457)
(1067,9074)
(2508,7485)
(8108,4192)
(6124,423)
(9286,7073)
(1887,6584)
(4371,1006)
(1363,462)
(8180,5915)
(2885,8704)
(1765,4982)
(7309,5089)
(7823,1427)
(1846,801)
(2385,9651)
(2411,7522)
(2118,4780)
(5915,3555)
(6584,787)
(4443,505)
(9420,8738)
(1242,3115)
(2038,8241)
(9,8877)
(2808,3594)
(638,108)
(4534,8374)
(6375,308)
(9531,6965)
(8738,3082)
(9509,8049)
(133,1254)
(2290,8408)
(8923,6337)
(8168,6308)
(5603,9723)
(6640,7877)
(1537,6230)
(9159,8639)
(3186,693)
(7631,66)
(1501,6338)
(6875,9431)
(5988,3027)
(9212,7072)
(6337,8838)
(6359,1935)
(6635,9488)
(1080,2888)
(5686,7210)
(7712,2588)
(8705,985)
(9450,7419)
(1938,9909)
(10044,4827)
(5412,3530)
(6753,8116)
(4627,4708)
(2992,5905)
(3869,1221)
(2563,6820)
(8246,8304)
(2022,8658)
(4870,3748)
(5854,4625)
(4523,1988)
(6077,9337)
(6063,6126)
(9891,9675)
(10071,105)
(3283,7188)
(4495,5434)
(4547,6219)
(2966,9768)
(1188,6509)
(10337,6826)
(4669,1423)
(7475,620)
(110,6597)
(480,1133)
(8979,5795)
(6897,5047)
(1239,7259)
(6080,7603)
(4967,6076)
(6509,3090)
(469,641)
(2915,5603)
(7919,1225)
(1487,8511)
(8374,2630)
(5056,594)
(4555,8990)
(8216,7643)
(6087,4786)
(3468,514)
(9176,9070)
(2511,8636)
(7234,6269)
(1535,1212)
(7745,5059)
(731,5547)
(717,4837)
(4201,6297)
(7643,1610)
(4125,2347)
(4359,5189)
(6766,7588)
(8206,8841)
(10090,10238)
(7684,646)
(3028,4594)
(6053,3917)
(224,5866)
(8836,1819)
(1502,3913)
(9809,4805)
(3826,6317)
(4830,5309)
(7815,5524)
(7428,8723)
(5649,10049)
(1084,3198)
(5679,6178)
(328,2679)
(4360,2808)
(6613,6517)
(7412,2362)
(7432,7423)
(4834,4320)
(2840,2144)
(5856,9605)
(1006,1923)
(1339,6651)
(4785,1693)
(4589,560)
(384,6569)
(916,3649)
(3198,4368)
(6302,8247)
(1698,4846)
(4320,8531)
(294,308)
(9303,1059)
(5098,584)
(10049,10164)
(9251,5429)
(10076,10091)
(6761,8073)
(6,3403)
(7503,1801)
(2102,3599)
(5547,8661)
(1059,3828)
(586,32)
(2434,8750)
(5104,8168)
(26,2623)
(3083,2534)
(7446,6564)
(4275,8112)
(8661,1087)
(373,6496)
(8561,7924)
(2187,6085)
(1463,7701)
(2216,8952)
(9643,5331)
(9688,5628)
(2194,1063)
(1772,4776)
(8795,2645)
(151,3692)
(417,1725)
(2211,8403)
(73,5674)
(6301,4000)
(4467,4592)
(9789,1137)
(7924,1418)
(108,8165)
(9384,7)
(2664,5663)
(2379,4660)
(5702,1881)
(5331,8238)
(3182,7881)
(1075,8734)
(4000,1960)
(6325,1202)
(10242,3260)
(4298,2194)
(2202,5945)
(2875,1104)
(1748,5833)
(4596,5385)
(4647,10065)
(9542,4150)
(9334,2685)
(1925,5271)
(3719,8627)
(8723,5284)
(822,5039)
(1586,5098)
(7597,4701)
(9046,1386)
(3004,5715)
(7380,8539)
(2146,3657)
(533,9452)
(196,5296)
(3311,8854)
(2316,2077)
(6402,6368)
(9729,3490)
(4460,5459)
(3462,2237)
(149,778)
(3297,4506)
(4388,2264)
(8518,7907)
(894,1428)
(3557,2933)
(7463,7413)
(8771,985)
(8038,8698)
(4728,4028)
(3248,3257)
(732,2366)
(7240,2590)
(6649,6647)
(8428,9412)
(5768,5376)
(4225,7509)
(2933,1195)
(3452,7152)
(4570,870)
(301,6470)
(6182,796)
(4774,5516)
(7645,2043)
(3072,8080)
(5935,5768)
(4487,5633)
(9527,1686)
(4065,4983)
(8526,3155)
(7152,131)
(2021,9206)
(8838,5360)
(8802,5924)
(9126,3510)
(776,5241)
(3039,8564)
(6931,5033)
(7552,5492)
(7155,6876)
(3790,5558)
(3850,7236)
(9073,1091)
(5360,8223)
(6178,841)
(10139,5972)
(1499,3521)
(4474,1740)
(1476,6477)
(48,9188)
(5043,7001)
(8388,226)
(8405,6283)
(7877,6545)
(5272,8110)
(1792,1649)
(1356,1339)
(4776,1876)
(1473,9804)
(7509,6650)
(3451,6580)
(3666,5145)
(9216,436)
(2373,9273)
(9608,3582)
(9886,1271)
(9081,3979)
(7715,735)
(3695,2536)
(743,1632)
(926,4586)
(483,2177)
(5139,7469)
(2575,2879)
(1927,2327)
(4708,2786)
(1905,1296)
(6424,6576)
(765,1001)
(3901,9904)
(4657,33)
(4586,4102)
(1224,9765)
(1896,8959)
(10280,2212)
(62,1661)
(1533,8678)
(1040,5854)
(3090,8077)
(1298,258)
(3245,1483)
(1294,3308)
(9201,2149)
(6926,3463)
(6404,5897)
(4930,7784)
(8077,3631)
(6355,8737)
(7021,5306)
(2429,4084)
(3753,8144)
(1311,1497)
(3463,9657)
(4137,9584)
(1825,533)
(428,1730)
(7401,4468)
(10062,9)
(3080,1939)
(9363,10098)
(6104,4290)
(5289,6857)
(1433,3786)
(777,6992)
(4674,5329)
(4079,1498)
(5742,418)
(5293,5719)
(8332,10256)
(10099,319)
(432,4840)
(5670,6230)
(8047,4364)
(183,446)
(4543,7925)
(5762,4440)
(1984,8174)
(4087,356)
(6923,374)
(9466,8571)
(7134,337)
(9520,1343)
(8415,5423)
(2561,2287)
(6781,7645)
(9276,2482)
(8879,4793)
(4440,5535)
(1001,9106)
(2211,7279)
(1241,8153)
(864,9785)
(423,1757)
(4284,7342)
(7818,4361)
(8243,10180)
(5814,4898)
(2866,9732)
(7203,6183)
(1390,3084)
(8854,3512)
(809,7635)
(8531,9656)
(6346,5260)
(8153,2154)
(6308,2089)
(3815,6029)
(8677,5652)
(9656,1369)
(3842,5625)
(6019,3814)
(105,6080)
(4974,8213)
(987,3922)
(10165,2836)
(3841,3352)
(1902,7909)
(1977,7177)
(8360,1534)
(1969,4255)
(8163,7226)
(8213,5403)
(4861,3960)
(5947,9376)
(2442,2362)
(5300,211)
(846,5832)
(478,9109)
(972,518)
(1366,8440)
(447,3486)
(3559,894)
(3207,5012)
(2218,9938)
(9922,9528)
(953,1499)
(3937,4392)
(7279,5570)
(5260,9126)
(9909,3163)
(1180,7838)
(7834,6652)
(6925,3617)
(4097,5084)
(193,5101)
(5446,3896)
(5919,3292)
(1726,2031)
(3617,6840)
(4503,5494)
(954,3550)
(138,4936)
(10255,2596)
(2600,9011)
(7552,1293)
(9351,7626)
(3010,2486)
(3729,4460)
(3583,5391)
(5011,9206)
(6224,5654)
(4350,4077)
(2864,5355)
(10252,4169)
(8191,6641)
(5418,10080)
(220,9130)
(10200,7558)
(7699,375)
(2666,2318)
(450,2962)
(5654,4964)
(6413,6904)
(3652,7851)
(2288,10183)
(2453,4565)
(8136,2036)
(2674,8825)
(4387,4345)
(7522,77)
(3009,9150)
(9610,6238)
(6137,5335)
(8906,8015)
(9399,7104)
(9101,4508)
(5525,1351)
(4179,9227)
(784,2298)
(9732,81)
(1348,6299)
(1134,9678)
(7029,1012)
(1383,9145)
(2134,5020)
(6038,4297)
(6348,5265)
(6542,9399)
(7796,2408)
(4553,5056)
(3808,4860)
(7906,5668)
(1001,5509)
(4619,6213)
(9145,10217)
(3971,5103)
(2169,3775)
(1498,777)
(5707,5851)
(1,7566)
(7825,7673)
(7646,2148)
(321,4322)
(8484,4033)
(9564,2453)
(5778,2288)
(9835,2488)
(994,711)
(1456,7349)
(5189,823)
(8755,1687)
(5241,7501)
(4510,3194)
(7970,3546)
(1042,3055)
(8458,5232)
(2353,9022)
(5126,8466)
(6583,8810)
(4750,6304)
(181,2014)
(7863,6168)
(1096,4722)
(10093,4861)
(8511,1683)
(1339,2242)
(2762,1145)
(6831,1562)
(1745,603)
(10327,1719)
(6624,7760)
(2379,3517)
(5712,4559)
(833,1385)
(3719,20)
(6813,4223)
(10219,6143)
(829,6367)
(636,9576)
(4081,6603)
(6614,8717)
(3314,2519)
(69,1033)
(1920,6123)
(9576,5925)
(186,8677)
(10033,3939)
(4145,723)
(7686,3048)
(6440,3899)
(4279,7150)
(6667,1920)
(8336,6452)
(4849,8298)
(6920,8675)
(7216,3385)
(5524,1381)
(375,10194)
(2424,1933)
(7861,4947)
(207,437)
(91,6150)
(4226,7597)
(8984,1231)
(8689,9466)
(9484,1414)
(7384,8625)
(4663,1997)
(3433,4316)
(2431,5210)
(3087,7352)
(3400,3161)
(8594,3395)
(711,8827)
(5462,6038)
(9720,989)
(2936,8246)
(1281,765)
(4163,6424)
(321,9193)
(2035,2431)
(6289,8573)
(5029,6716)
(2976,8696)
(9458,5550)
(989,3216)
(9715,3610)
(9625,5678)
(7705,6703)
(3832,7940)
(4468,4929)
(4266,8142)
(1010,9104)
(1728,8851)
(2494,9480)
(6073,281)
(3092,6898)
(9193,1822)
(106,5166)
(14,9491)
(6602,6128)
(10347,9049)
(2555,10361)
(922,300)
(3970,7827)
(128,6816)
(7200,8252)
(7220,6028)
(3736,5843)
(3501,9195)
(2721,3517)
(3313,6871)
(8872,7208)
(619,2719)
(2642,4776)
(442,1700)
(10107,4269)
(2498,2079)
(237,1869)
(9988,2218)
(4585,502)
(7759,7715)
(9106,2356)
(621,4298)
(4920,8619)
(9937,2594)
(8674,317)
(5824,7626)
(8405,1444)
(6238,8735)
(4942,3577)
(1488,798)
(7783,7366)
(8012,6322)
(3723,6063)
(5075,1480)
(2905,2410)
(4408,6112)
(3427,2380)
(3420,2890)
(4037,3154)
(1252,2384)
(3621,5532)
(6951,7593)
(8955,4920)
(7931,7171)
(6075,6633)
(4791,3633)
(8246,4275)
(7672,1322)
(3067,10176)
(7771,6951)
(3706,5702)
(7818,1070)
(756,2628)
(3257,1656)
(3633,539)
(6879,8094)
(6388,8998)
(6154,3109)
(7603,3967)
(8349,4795)
(6637,1629)
(1022,3966)
(595,7288)
(4140,7865)
(2536,9540)
(66,4167)
(9096,4079)
(4072,1191)
(1839,1091)
(9143,9211)
(672,8428)
(7663,1765)
(2685,2296)
(8807,6064)
(841,8141)
(3132,524)
(1425,10172)
(4243,7584)
(9610,3330)
(8142,3733)
(5190,8857)
(4685,8522)
(8295,9036)
(6345,3066)
(2854,6542)
(5115,133)
(7329,6943)
(9907,2762)
(8359,10337)
(3510,3901)
(163,6435)
(1792,9680)
(2767,3466)
(2297,9793)
(3066,3890)
(8604,6765)
(4768,2854)
(8571,1626)
(2937,7487)
(6909,3567)
(39,5282)
(1366,1283)
(8133,3641)
(2606,6897)
(9793,7750)
(4316,6624)
(4947,8648)
(2225,9556)
(8827,5956)
(10135,7244)
(5553,4226)
(4406,4775)
(462,426)
(3616,6364)
(1312,1040)
(6152,2967)
(7415,5126)
(874,8004)
(9612,8371)
(8403,8727)
(9636,6565)
(9067,5380)
(1451,5053)
(9469,3487)
(1334,2834)
(7965,7176)
(1552,6161)
(9857,3877)
(6257,10196)
(1559,6095)
(2622,3764)
(3120,2592)
(6942,8984)
(4252,1935)
(494,1741)
(947,3382)
(9862,4618)
(8750,8724)
(9867,2292)
(6858,4302)
(10174,9274)
(6773,7821)
(4441,6413)
(510,6350)
(4781,8305)
(6612,3673)
(6559,4893)
(890,9542)
(4420,4245)
(8652,623)
(9147,5090)
(287,1424)
(7102,5738)
(10161,1067)
(6908,4378)
(761,5950)
(5472,8352)
(2296,5155)
(7230,3022)
(7791,8180)
(6771,9696)
(3443,2392)
(4080,428)
(1452,1119)
(8283,589)
(10224,3950)
(1656,7429)
(3139,4514)
(7987,361)
(3247,8023)
(3258,7885)
(1784,417)
(5690,1846)
(7223,4606)
(6799,8181)
(3022,2118)
(568,829)
(5634,9420)
(557,2376)
(8371,1968)
(5535,4008)
(4722,491)
(589,10123)
(3263,7376)
(2008,1190)
(3950,1242)
(4024,4531)
(8682,4034)
(1989,1616)
(7066,1658)
(556,321)
(6395,5665)
(6367,2647)
(815,9509)
(1600,2913)
(8897,10155)
(7588,8104)
(9027,688)
(7655,4024)
(6183,5511)
(5270,4830)
(7408,1425)
(7763,3729)
(1309,8927)
(1360,7187)
(2335,1648)
(4409,4004)
(7516,9983)
(7859,7796)
(9278,8973)
(4084,10034)
(9427,276)
(6965,752)
(5807,4121)
(7888,7323)
(4499,5605)
(9694,9672)
(7717,9694)
(3125,366)
(2920,10006)
(2236,1745)
(8842,9385)
(8009,9945)
(8188,8797)
(3604,2021)
(8131,9572)
(6267,6981)
(3868,9278)
(7176,7759)
(7972,7286)
(366,2563)
(2634,7743)
(8268,902)
(503,2319)
(4827,4750)
(5753,5201)
(9869,9981)
(6943,8205)
(7286,9891)
(9434,4721)
(1104,1533)
(10246,1188)
(8836,3711)
(5843,8295)
(10144,227)
(10022,7852)
(12,1957)
(4094,9101)
(2970,3314)
(5695,7863)
(4400,6760)
(9572,4674)
(10018,10125)
(7469,2757)
(8298,7185)
(3471,2673)
(8403,6437)
(10282,7792)
(4904,8386)
(7396,202)
(4592,756)
(5265,10261)
(9181,4836)
(4324,4091)
(514,3504)
(3907,6753)
(8871,8216)
(5583,1720)
(3226,6087)
(6736,3088)
(3119,6122)
(1047,241)
(6999,1084)
(9452,6088)
(6423,4977)
(8202,7336)
(3492,5346)
(6882,750)
(3882,219)
(8672,9726)
(4805,1185)
(1643,1531)
(6094,8564)
(10042,6408)
(4977,7684)
(4451,3087)
(1134,677)
(2693,4131)
(2839,9010)
(1831,9175)
(1957,5993)
(4559,1779)
(3337,7466)
(1661,10297)
(5461,7472)
(6573,4409)
(10299,1880)
(7306,10112)
(8821,7459)
(7557,3824)
(677,305)
(3485,8956)
(7992,8615)
(4677,6783)
(3473,2354)
(7898,9827)
(5887,7292)
(2097,6937)
(4644,8246)
(370,588)
(5536,2169)
(9165,9264)
(1985,4324)
(1869,7946)
(10156,1709)
(9141,3458)
(1993,1035)
(1678,6949)
(9517,8427)
(7292,314)
(9356,8500)
(1467,6387)
(3099,7906)
(7750,632)
(9662,9303)
(2809,1512)
(6459,5019)
(6148,69)
(2675,4279)
(5278,9795)
(7555,1842)
(2421,3312)
(6387,3722)
(4654,1694)
(632,2369)
(9411,6233)
(3344,8345)
(1713,8336)
(9795,8254)
(1666,4505)
(6050,1773)
(6684,3931)
(1424,2504)
(1213,1889)
(8615,1939)
(3486,1728)
(1072,1949)
(7072,9812)
(3926,257)
(6896,7948)
(6001,2883)
(1608,52)
(5092,7648)
(3899,5949)
(9696,1839)
(9348,5493)
(2065,9643)
(226,10174)
(5363,6445)
(5271,799)
(5526,833)
(6127,10107)
(10273,8632)
(8808,5461)
(7808,4027)
(7322,768)
(641,5882)
(3206,6776)
(493,9450)
(9937,6706)
(5287,5466)
(3917,6814)
(8977,6084)
(6776,7540)
(7146,8544)
(7318,7818)
(5601,5944)
(4603,9069)
(7217,4811)
(3699,9143)
(1080,1277)
(8246,7134)
(2124,3278)
(4012,8315)
(3373,2336)
(5658,3241)
(6816,713)
(8558,1128)
(6149,3735)
(6577,8622)
(142,5458)
(9150,5499)
(4743,8824)
(1353,1326)
(5346,5123)
(2314,4740)
(6197,5483)
(6209,1010)
(9733,2987)
(1419,4429)
(3570,2182)
(3962,3631)
(10123,5768)
(6860,8137)
(4160,3500)
(9590,2506)
(4729,7329)
(8185,5739)
(1403,4244)
(10056,904)
(2679,2312)
(351,9118)
(9165,554)
(3555,4570)
(9133,554)
(1580,6000)
(1237,5811)
(7962,1885)
(4606,3452)
(5275,9558)
(9403,8747)
(8961,3415)
(7302,6252)
(9538,7655)
(4449,8730)
(3082,2097)
(8049,943)
(5715,4487)
(7435,3545)
(10169,7199)
(5170,3716)
(5895,7798)
(1138,2856)
(8320,2982)
(3545,4223)
(7926,6207)
(6970,3180)
(1202,591)
(8241,10195)
(7210,8405)
(1435,6736)
(4322,7280)
(7963,7604)
(6525,2779)
(5142,8331)
(7505,2413)
(9112,1535)
(78,2137)
(5329,926)
(3180,1179)
(6688,9063)
(1685,753)
(706,2218)
(4472,8039)
(2148,4819)
(5380,4298)
(644,4514)
(2455,8138)
(8331,1905)
(4625,1927)
(868,7590)
(2239,2034)
(6000,4363)
(753,1224)
(6162,7942)
(1649,6302)
(2801,3391)
(838,7848)
(5738,8245)
(885,1803)
(10352,1792)
(4473,1192)
(9777,8257)
(9984,1584)
(2376,4980)
(9259,9862)
(3326,8554)
(823,9950)
(584,4669)
(5047,6926)
(5103,1753)
(8257,8005)
(4914,9406)
(10134,6035)
(713,9463)
(7584,2436)
(3167,7652)
(3949,5746)
(188,7475)
(7940,7081)
(8850,8501)
(5054,4137)
(10193,4356)
(9009,3471)
(7058,1713)
(5746,6914)
(7182,4155)
(1551,6613)
(72,1433)
(1581,532)
(3805,3778)
(6297,5293)
(8209,7859)
(8015,4451)
(9480,1)
(1972,9439)
(7736,8267)
(8825,6149)
(646,183)
(1000,10124)
(8902,2850)
(9360,2845)
(305,3477)
(752,9212)
(2620,432)
(4171,9557)
(7419,3683)
(6390,6241)
(10124,4646)
(10365,8809)
(10180,6355)
(5109,6801)
(368,7872)
(194,469)
(1307,8051)
(3163,6053)
(5467,3667)
(4012,8924)
(9924,7988)
(5145,4543)
(8253,5884)
(2466,6111)
(5022,2477)
(1003,4517)
(1516,559)
(4095,9797)
(7487,4495)
(7656,7063)
(986,5340)
(853,8424)
(332,6366)
(122,6442)
(6417,2016)
(870,1916)
(8066,10178)
(6031,4654)
(2358,2082)
(9637,974)
(8323,1612)
(8254,8732)
(9216,7155)
(5754,9067)
(10026,5122)
(2187,2008)
(7011,8002)
(202,4558)
(2362,1213)
(10164,4974)
(6811,1101)
(7605,8654)
(60,763)
(7356,6440)
(3352,6031)
(8019,9411)
(10141,7663)
(2585,9917)
(9031,9662)
(433,5661)
(7342,10268)
(2593,4208)
(7852,9231)
(7994,7317)
(810,10133)
(4008,947)
(9198,7592)
(1380,10156)
(6122,3479)
(3609,10102)
(5801,9520)
(2237,9341)
(3943,222)
(4940,6759)
(5355,4388)
(4034,8821)
(5361,4932)
(1308,5895)
(2358,2503)
(3959,2946)
(8577,1943)
(1071,5682)
(9354,1501)
(7338,1390)
(6268,1494)
(165,4587)
(3872,8700)
(3432,8136)
(6392,3394)
(6142,809)
(2770,9665)
(3394,9355)
(6051,5670)
(5832,8323)
(18,2139)
(344,7134)
(10114,8492)
(9512,9869)
(5886,8368)
(9069,6394)
(4755,3864)
(7718,4503)
(7932,6835)
(8492,6913)
(311,7680)
(6825,5185)
(6394,10185)
(4896,2187)
(4364,4097)
(3380,8019)
(4742,9967)
(7374,2529)
(3742,8133)
(3528,5813)
(5185,10252)
(1194,373)
(2817,2393)
(9933,8558)
(9557,3225)
(7821,3484)
(55,2005)
(5252,7816)
(1853,3528)
(4435,6172)
(2712,7631)
(5244,8450)
(9486,1643)
(9035,8906)
(1206,7778)
(5977,5912)
(1385,4824)
(6120,3704)
(10268,4406)
(2154,4012)
(5058,3609)
(4612,3593)
(1483,7112)
(1402,3166)
(5626,5535)
(8116,9610)
(5468,2707)
(3103,2106)
(5106,3790)
(1584,9756)
(1803,10144)
(7104,4469)
(2823,2151)
(2784,3794)
(5910,4672)
(4255,3485)
(4507,4179)
(10151,4483)
(4223,5710)
(1221,6473)
(8736,7682)
(2894,5935)
(7188,4737)
(9510,8890)
(10194,3339)
(2707,9549)
(6282,4247)
(295,8542)
(5492,370)
(3368,8920)
(5703,6659)
(3915,7894)
(9319,6268)
(7483,447)
(3517,7337)
(5565,7094)
(3060,2729)
(920,3507)
(5972,7825)
(1076,8553)
(3663,1252)
(3778,4785)
(6070,9065)
(6517,6262)
(7562,7376)
(8251,3690)
(6659,10026)
(2917,994)
(3496,6275)
(9457,10233)
(5120,5953)
(10215,4644)
(4639,7322)
(618,8835)
(452,1552)
(4687,8812)
(8683,10061)
(4070,3905)
(2043,8755)
(1296,8048)
(1235,3031)
(8667,104)
(4102,1042)
(308,2397)
(9765,187)
(9731,7273)
(7971,8534)
(212,9267)
(8516,1772)
(9308,471)
(9984,6390)
(8005,10000)
(7194,2308)
(6477,9146)
(8369,416)
(2530,2634)
(5723,6042)
(6597,10058)
(8734,1574)
(10030,8879)
(10000,10219)
(5956,1581)
(1819,2631)
(8953,6706)
(5661,4035)
(9007,1708)
(10085,846)
(5090,4040)
(3084,10197)
(5649,3131)
(9683,2761)
(5519,10044)
(10181,7737)
(2615,5314)
(4893,10177)
(7959,4758)
(9684,558)
(10122,9646)
(2212,3272)
(7266,5015)
(8663,950)
(2789,5247)
(6447,2493)
(4786,10261)
(3786,2132)
(196,9170)
(3696,345)
(5665,6069)
(2779,5049)
(9759,4622)
(5765,8404)
(8712,452)
(9774,8880)
(5749,9545)
(7815,7746)
(4821,4904)
(2132,9212)
(4646,7727)
(283,8689)
(4892,9725)
(9899,6648)
(6422,5394)
(4023,3781)
(3910,1082)
(2408,4065)
(6071,2768)
(3396,8397)
(4981,1628)
(7727,4530)
(2391,7416)
(2467,1698)
(1202,1403)
(24,1141)
(2147,9526)
(159,4243)
(9485,3139)
(4751,2147)
(5573,10343)
(5531,8751)
(4609,5401)
(7113,49)
(1333,2882)
(904,1348)
(2592,9091)
(651,3776)
(6114,10090)
(7377,9663)
(9877,5468)
(5401,5508)
(746,9924)
(7871,4170)
(7317,6492)
(9132,149)
(4763,3653)
(1431,9332)
(4898,7213)
(6304,7867)
(9611,3521)
(6492,5409)
(9231,5689)
(4806,10099)
(4429,916)
(9842,3192)
(2557,8093)
(6294,1566)
(8027,295)
(8308,7581)
(426,7656)
(6511,3141)
(2737,1021)
(9620,6422)
(6445,7245)
(4170,2284)
(932,9937)
(6332,5491)
(8802,2770)
(5136,10348)
(1880,1147)
(9407,6124)
(4494,6522)
(1297,5435)
(3256,8653)
(7147,6923)
(4544,2091)
(2484,7234)
(9515,4541)
(5119,6426)
(3457,2910)
(2413,3380)
(9074,8735)
(8620,592)
(4587,5777)
(3582,4470)
(3840,2077)
(5596,1265)
(337,2704)
(3823,1360)
(202,2941)
(7548,2421)
(5494,6902)
(801,7231)
(4470,3992)
(690,4585)
(4580,62)
(8874,651)
(2077,2728)
(421,5479)
(3931,2801)
(2460,7073)
(10034,972)
(6764,9886)
(3115,8996)
(3165,8358)
(6648,1338)
(7231,6388)
(7537,4552)
(5770,7029)
(1719,749)
(7322,7183)
(4732,8705)
(4169,595)
(4141,1451)
(6076,1239)
(8924,4457)
(2763,260)
(1338,7318)
(3656,3498)
(7737,2140)
(1676,4728)
(8386,7401)
(6338,9419)
(241,3413)
(5306,2778)
(10205,442)
(3814,7126)
(9396,5916)
(9227,4755)
(3913,76)
(8970,2905)
(2888,48)
(2114,1371)
(8810,2650)
(7946,7640)
(6188,2261)
(3351,2920)
(1374,1903)
(7786,6345)
(9549,242)
(9102,9465)
(2268,9493)
(4669,1747)
(3504,8917)
(369,2405)
(1143,8396)
(5905,3695)
(6814,2844)
(6820,743)
(7835,3396)
(2760,4846)
(6364,868)
(2834,10215)
(242,2297)
(2333,6545)
(6137,2460)
(7094,5519)
(1988,8528)
(8406,637)
(5811,2074)
(6901,5969)
(9004,7611)
(9675,67)
(5739,5167)
(7743,9689)
(3683,9102)
(105,8479)
(7744,3541)
(4027,1644)
(4996,9236)
(661,2411)
(5309,1080)
(8927,1240)
(5141,5011)
(4512,2264)
(6437,8497)
(8873,164)
(6624,869)
(664,6142)
(1687,1804)
(4903,3488)
(10179,4495)
(2139,9821)
(1741,1887)
(3128,8896)
(1610,8332)
(6269,10197)
(8450,5221)
(4906,8055)
(9341,6577)
(1082,4534)
(10175,7707)
(8633,10094)
(2952,473)
(2076,6636)
(7213,8458)
(9581,8462)
(2322,6257)
(5219,10333)
(9555,7015)
(781,5656)
(10080,220)
(389,2022)
(5876,2450)
(5317,9710)
(2755,1476)
(9436,1214)
(7486,8101)
(7015,9632)
(1184,2301)
(9921,1055)
(10365,4449)
(8909,6588)
(3491,4969)
(6103,4976)
(1243,4286)
(7570,10141)
(1548,7230)
(8469,8369)
(3345,2798)
(1742,473)
(652,5542)
(7352,5546)
(5777,1463)
(6609,5193)
(4976,1784)
(3847,3208)
(4286,3520)
(7892,2620)
(993,10356)
(416,9772)
(330,1448)
(473,3174)
(8653,2038)
(946,4008)
(2562,9334)
(3004,3734)
(4531,6609)
(7774,12)
(10149,4400)
(4018,2391)
(3362,45)
(2301,9216)
(1859,2154)
(4089,2223)
(208,7922)
(10069,10139)
(310,9276)
(3265,514)
(8513,1975)
(9962,1851)
(8578,1309)
(6458,585)
(8092,891)
(1418,4499)
(2954,6310)
(7720,928)
(4287,6894)
(8051,7392)
(7611,3321)
(9049,8188)
(8238,8009)
(5678,3344)
(5719,10347)
(7881,9579)
(7648,2379)
(2002,8788)
(928,2802)
(1960,6267)
(2646,3619)
(1817,4018)
(7236,10244)
(1119,781)
(9970,3696)
(6213,3419)
(6091,9073)
(4110,7972)
(9436,5204)
(3183,2239)
(5380,621)
(8852,7970)
(5950,362)
(7971,10200)
(2196,9474)
(5204,1270)
(7259,5583)
(6865,10151)
(6962,5838)
(731,327)
(9628,1354)
(3657,9292)
(1321,3316)
(7991,745)
(10197,7100)
(184,7203)
(1517,10018)
(5012,9173)
(9983,10181)
(6167,3271)
(1354,421)
(7300,9396)
(793,4806)
(778,8798)
(9398,9852)
(9070,2022)
(5760,54)
(5479,2344)
(1759,200)
(1214,8210)
(4506,7883)
(1968,3405)
(7904,8807)
(2728,5070)
(8830,3946)
(6892,8598)
(8321,4092)
(1446,8162)
(7599,7249)
(2996,6642)
(5070,384)
(200,107)
(1070,6423)
(7336,1593)
(7506,1682)
(3725,3459)
(8439,7895)
(6363,9155)
(9941,5097)
(9493,7763)
(8998,8672)
(3419,4107)
(8942,2363)
(10314,8972)
(1779,9954)
(2506,10282)
(4936,2585)
(1149,8628)
(6064,9141)
(9518,8540)
(7621,4657)
(4361,3071)
(2144,9842)
(7751,5548)
(2480,4362)
(3641,7428)
(5353,9620)
(4856,8312)
(6858,2119)
(6967,8484)
(9188,3061)
(6623,5418)
(6283,274)
(5548,9165)
(6765,411)
(2119,1993)
(7433,7311)
(6221,9407)
(274,5050)
(1632,1467)
(10195,4687)
(6797,3753)
(2327,10181)
(9508,5712)
(411,5278)
(54,2184)
(6207,311)
(6124,3080)
(6136,3475)
(5616,9260)
(6214,628)
(3330,1412)
(2596,9427)
(5129,8955)
(8391,2875)
(6602,8620)
(8647,5252)
(6857,6739)
(4995,5438)
(3475,6896)
(6024,10132)
(3846,1228)
(8346,5846)
(7391,2472)
(8737,5251)
(10048,2674)
(10196,3742)
(3300,6952)
(10102,3699)
(345,8930)
(2319,3866)
(2143,690)
(10297,2380)
(6763,3958)
(9195,4967)
(9657,7840)
(1502,9018)
(5015,7864)
(2472,3908)
(885,3736)
(377,4354)
(7626,8325)
(2750,4870)
(6580,2301)
(265,8550)
(9018,10273)
(6265,1413)
(9422,3206)
(492,6109)
(8465,3063)
(10256,2451)
(4865,10134)
(1926,3869)
(446,4891)
(2410,7623)
(7940,1048)
(3776,7991)
(8182,8794)
(1511,931)
(1753,7959)
(8557,9052)
(5950,4972)
(1185,6999)
(558,8027)
(9827,8290)
(9651,9065)
(4891,1653)
(10016,1281)
(9355,1367)
(1192,2970)
(8662,3583)
(9500,10331)
(9072,9624)
(4963,7777)
(6916,9375)
(4816,4033)
(3733,6635)
(1482,2265)
(9483,9171)
(10331,3472)
(3714,5961)
(5652,3056)
(8313,3045)
(1369,6860)
(9389,5968)
(592,3688)
(3734,7290)
(3593,4497)
(5546,1416)
(5666,6365)
(1423,8349)
(3735,4821)
(1370,10101)
(4792,5928)
(3056,2931)
(5183,9835)
(7838,8250)
(10314,6858)
(7827,3841)
(7909,7302)
(7290,5801)
(8470,265)
(1534,5110)
(8171,8538)
(9109,3491)
(10134,8795)
(5202,9922)
(1055,7141)
(1568,2586)
(9211,4589)
(7654,3624)
(8397,6036)
(9488,5988)
(1897,2352)
(211,10169)
(741,6467)
(5110,8426)
(9450,4011)
(2347,8108)
(7884,5359)
(6123,2358)
(10306,4639)
(7595,3710)
(7933,291)
(6252,5001)
(4780,6975)
(6467,3013)
(5605,6970)
(8638,5371)
(3113,3011)
(4536,6575)
(9277,78)
(1629,4408)
(4418,3936)
(9945,5142)
(8134,237)
(3333,2838)
(5903,2481)
(6981,1685)
(9463,493)
(6856,3937)
(3349,2385)
(3146,2832)
(5540,166)
(8347,4515)
(8305,1722)
(1735,7065)
(4466,1297)
(8606,7243)
(1998,5849)
(5871,2128)
(8055,3985)
(166,9777)
(8165,2699)
(8199,6251)
(8058,196)
(1919,2691)
(6736,9994)
(6368,5054)
(8205,10069)
(1091,6014)
(7910,3249)
(10017,1440)
(2691,3167)
(905,3949)
(8000,6846)
(3312,1304)
(1967,8719)
(4552,3099)
(715,9401)
(7255,8406)
(4300,10338)
(9579,3183)
(5809,2840)
(2752,233)
(8719,7182)
(3079,9321)
(5141,2754)
(6740,167)
(2271,5013)
(2374,7518)
(8161,1184)
(10112,3036)
(1538,3505)
(9255,789)
(7006,5275)
(10329,5899)
(4860,1000)
(490,492)
(7532,6640)
(8086,2655)
(2242,7932)
(5187,774)
(5899,6390)
(4607,3439)
(7673,1173)
(10277,8086)
(164,5078)
(5050,1707)
(3577,5086)
(936,4083)
(3960,4885)
(2486,7933)
(8239,9009)
(1173,535)
(7404,7562)
(1707,6417)
(8940,5874)
(9085,3539)
(1248,1453)
(5187,7427)
(3055,5152)
(1063,8207)
(9370,7324)
(4959,7594)
(9146,1345)
(7185,2130)
(9011,8100)
(5874,8400)
(3722,7605)
(1453,1398)
(3922,377)
(8658,7321)
(8678,3432)
(1644,6909)
(7566,288)
(7594,810)
(7948,9198)
(6632,5946)
(7864,6209)
(888,3647)
(3131,9857)
(3343,4730)
(6143,6768)
(7459,4125)
(735,247)
(4121,3807)
(9680,1649)
(3375,4375)
(4980,1069)
(3391,199)
(3653,10016)
(8675,5363)
(3402,10189)
(6254,3959)
(2995,888)
(7081,1229)
(9632,1191)
(7202,6614)
(6324,9877)
(6937,3501)
(10132,8403)
(624,9809)
(7150,5472)
(7666,5737)
(8632,10114)
(9646,9159)
(3840,5070)
(1933,3258)
(3866,3556)
(2594,8921)
(9915,3039)
(8065,1679)
(7674,6463)
(10056,3454)
(1653,1244)
(258,3313)
(3979,3823)
(8625,6825)
(5730,7200)
(6528,4847)
(3366,10106)
(1191,1452)
(8788,8928)
(3395,3250)
(4929,7066)
(1244,4742)
(1544,4360)
(3488,846)
(8747,9922)
(6128,6662)
(257,3046)
(6558,5992)
(5622,8192)
(5385,521)
(3249,8230)
(892,7486)
(440,6097)
(9807,2416)
(5122,8018)
(2944,4743)
(2192,538)
(2356,4435)
(9467,5824)
(2184,5301)
(171,1897)
(2843,821)
(2590,3300)
(2931,9739)
(2354,8170)
(8137,5014)
(5394,4257)
(8573,10048)
(2841,9498)
(4244,9146)
(4939,516)
(7554,8251)
(3423,3140)
(5160,6254)
(6440,9537)
(1906,5104)
(5150,8422)
(1240,5686)
(3174,3890)
(9173,7843)
(1939,5857)
(9424,4944)
(4209,8629)
(5912,3072)
(9725,706)
(7732,3970)
(9036,7769)
(4188,2089)
(3170,5709)
(1722,3820)
(8426,2158)
(1873,9760)
(9760,2593)
(909,8254)
(1385,6799)
(9039,8347)
(10120,7579)
(2100,7732)
(10255,9754)
(8550,9147)
(8505,8097)
(6923,1076)
(2158,3915)
(3820,9781)
(386,1568)
(3980,3375)
(317,2477)
(3208,9159)
(8132,10093)
(9859,2726)
(7441,4544)
(7681,6569)
(5474,2832)
(4558,8147)
(6642,3805)
(1694,625)
(6781,885)
(6112,4538)
(8160,10309)
(2341,6004)
(8406,9542)
(4364,932)
(7291,6191)
(8147,618)
(5172,7879)
(10309,4067)
(8149,7884)
(1265,6104)
(7733,5172)
(8956,4474)
(7427,4489)
(3184,8243)
(1686,9156)
(3966,2900)
(7288,6855)
(6683,7433)
(2673,6539)
(3373,7217)
(6744,1681)
(2292,1502)
(8578,8895)
(4707,10029)
(327,184)
(7671,8532)
(1658,9899)
(6855,2517)
(5371,6963)
(6088,6282)
(5470,7751)
(7929,4043)
(4925,2057)
(3036,757)
(2366,8665)
(8824,8373)
(5294,2789)
(6365,2891)
(8197,3826)
(2057,8548)
(7199,7233)
(3498,6931)
(6565,6781)
(4888,1977)
(8098,3850)
(10296,1618)
(774,4611)
(9665,6794)
(3140,5456)
(7171,8516)
(4655,2341)
(5332,2666)
(6703,8197)
(8253,6967)
(1979,10327)
(8817,10332)
(2850,7963)
(2148,910)
(3368,1998)
(4611,4023)
(9357,2316)
(8358,4505)
(9723,1831)
(2044,1442)
(13,4869)
(8972,3650)
(9895,1748)
(535,2052)
(1225,9436)
(7363,6979)
(7985,8551)
(6315,4547)
(7623,4485)
(1442,4566)
(3539,9652)
(9797,4609)
(2052,7113)
(1725,1072)
(4125,9351)
(7707,8874)
(1681,1678)
(10180,8350)
(4819,55)
(3973,7555)
(9652,7377)
(9479,6997)
(5838,4619)
(5466,405)
(4932,5513)
(2630,5620)
(6997,2886)
(3033,922)
(10338,6166)
(3499,9712)
(6607,4141)
(9542,8047)
(1889,570)
(10133,3780)
(8093,7223)
(8596,7004)
(7920,5)
(6350,7146)
(3567,7808)
(9573,3817)
(2344,151)
(24,1430)
(693,2150)
(3869,5303)
(9996,1396)
(8905,8506)
(982,5240)
(3109,9700)
(1288,9729)
(8682,9862)
(3063,212)
(974,7681)
(3817,2484)
(4846,7790)
(7931,2630)
(2488,4163)
