575
3
1294005334
1294005340
1294005339
0
0
7686
111428007
111503833
111506000
111506002
111506004
111503631
111503632
111503633
111503635
111503715
1249809175
111428021
111428020
111428019
111428018
111428017
111428016
111428015
111428014
111428013
111428012
111428010
111428009
111428008
111428006
111428005
111428003
497176053
497176052
312403300
312403298
497240496
497240497
497240498
314075475
314075474
314075473
314075472
314075471
314075470
128668308
479519962
479512743
479512744
479512745
479520028
479520016
479520017
479520011
479520012
479520013
479520014
479519998
479520002
479520003
479520005
479520006
479520007
479520009
479520019
479520020
479520021
479520029
479520023
479520025
497171037
497171033
497171036
497171009
314046219
314040692
1108247085
311889073
1108123590
492269491
492269495
492269496
492269489
492269492
492269493
492280359
492280368
492269069
492269068
492269494
311888686
311888687
492269066
311888690
428215596
312401862
314048268
314048166
314047589
314047726
314047728
314047990
314047991
428215590
428215592
311888523
311889074
314043899
314075626
1108123650
314075624
314075625
314044478
314044269
314027917
314028345
428215595
428215594
428215593
311888763
311888764
311888766
311888767
314044278
428215588
428215587
428215586
311888769
311888768
497171065
497171024
314046052
314043975
1108123571
497171025
314075627
1108247114
314028301
314075647
497171051
497171041
497171043
314028302
311888522
311888521
497171006
497171011
311888520
311888519
311888518
311888517
428215782
314075497
314075496
480499787
480499785
480499760
480499761
480499763
480499764
480499769
480499768
480499767
480499766
480499773
480499775
480499783
480499779
480499780
480499782
480499776
480499797
480499796
480499770
480499795
480499788
480499793
314075495
480499790
314075493
428215913
314075492
314075491
314075490
314075477
311888773
311888774
311888775
311888776
311888513
314046505
314046503
314046502
314046654
314046541
314040896
314040897
311888514
311888515
311888516
314075584
314075583
314075582
314075581
314075580
314075579
314075577
314075575
314075573
314075571
314075570
128668307
128668306
128668305
128668304
314075546
128668302
129676696
129676697
129676781
428214929
428214930
428214931
428214932
428214933
428215403
428215405
428215406
428215407
428215408
428215409
428214941
428214940
428214939
428215410
428214938
428214937
428214936
428214935
428214934
428215370
428215395
428215394
428215393
428215392
428215391
428215390
497171016
428214926
428214925
428214917
428214918
428214919
428214920
428214921
428214922
428214923
428214924
428215376
428215377
428215378
428215379
428215381
428215383
428215384
428215385
428215387
428215388
428215420
428215419
428215418
428215417
428215416
428215415
428215414
428215413
428215412
314074594
428214916
428214915
428214914
428215439
428214913
428214912
428214911
428214910
428214909
428214908
500009887
429432832
429432831
429432829
429432828
429432827
429432826
429432825
429432824
497870546
501173461
497870539
497870527
501142210
501142202
501142199
501142193
497690775
497690552
497690554
497691526
497691528
497690562
497690561
497690560
497690556
497690569
497690570
497690571
497690573
429381414
497690549
429381413
429381412
429381408
501142189
1218953248
1218953233
429381410
429381409
1218953234
1218953235
1218953246
1264279405
1264279325
1264279500
1264279419
126583942
1264279327
1264279310
1264279469
1264279423
1264279383
1264279341
126583944
126582969
497690592
26016425
497690745
497690743
497690737
497690738
497690740
497690739
126580302
126580301
126580300
126580298
126580297
126580296
126580294
126580756
126580884
26016427
784545901
26016431
126581915
26016429
126581622
126581621
126581619
126581617
126581616
126581615
126581614
126581613
126581609
497690597
497690598
126581608
126582697
126580304
497690595
126580303
497690735
429381411
429381407
429432818
429432804
429432773
510745589
111830193
1264279444
1264279430
510745666
510745669
510745676
510772661
1092997303
510772642
1243857900
510745680
429432805
429432806
510772491
510772500
1105954997
510745650
1243857876
1092942008
26016424
422548097
422548091
422548089
112581021
112581022
410690424
422547980
429380581
125375431
125375428
125375426
125375424
125375454
125375452
125375449
125375448
125375446
125375444
125375443
125375442
125375440
125375438
125375437
125375435
125375433
429380523
112289355
112292257
112288392
112288394
112288397
112288398
112288399
112288401
112292243
112552939
112291402
500009854
500009852
500009850
497871654
500009848
497871595
497871588
497871578
497871571
497871564
497870704
497870717
497870856
497870840
497870815
497870801
497870732
497870739
1105954967
1105955010
1105954955
1105955003
500009845
500009844
500009842
501142148
501142135
500009841
501142293
500009840
501142309
500009839
500009838
500009811
1264279421
1264279329
111830201
500010034
500010033
1243857848
1243857995
500010030
500010079
500010078
500010077
500010011
500010017
500009991
500010023
500010035
500010036
500010037
500010038
500010041
500010044
500010047
500010051
500010054
500009877
500009878
500009879
500009880
500009885
500009884
500009883
500009882
500009881
429432823
500009809
497922611
497922866
497922556
497922547
497922928
497922861
497922805
429433592
497922838
497922877
497922874
497922851
497922809
497922726
497922814
497922817
497922821
497922937
497922787
497922892
497922736
497922743
429433591
497922675
497922759
497922754
497922746
497922772
497922774
497922568
497870044
497869949
497922558
497869919
497869835
497869807
429433593
429433594
429433589
429433615
410769898
410769899
410769900
410769902
410769901
497317056
497317055
497317054
1264279471
1264279363
1264279331
497317074
1264279453
1264279350
1264279381
1264279318
1264279498
497317077
497317079
497317082
1264279306
497317086
497317088
497317089
1264279415
1264279427
497317066
497317068
1264279489
1264279476
1264279356
1264279459
495504020
312402710
495504022
497176048
497176049
848506924
495503880
495503871
495503865
848506925
312402893
314041342
493669216
493669210
314041235
1249809186
1249809184
311887237
1249809169
1249809167
1249809158
1249809185
311887236
311887235
312403811
497190401
497190389
497190392
497190553
497190549
497190546
497190493
497190508
497190523
497190531
497190537
497181910
1104140053
497181911
497181913
312403586
312403583
312403581
312403579
312403577
312403576
312403574
312403573
312403572
497181926
1104140050
497181918
497181919
497181921
497181923
312403569
312403568
312403323
497186086
497186084
497186083
497186082
497186081
311887299
497186080
311887300
311887301
312403809
497190442
497190439
497190437
497190435
497190433
497190387
497190386
497187369
497187343
497187330
497187309
497187293
497187284
1264279389
497191379
497191395
312402720
312402722
312402725
311887298
495503825
495503818
495503801
495503785
495503768
1249809183
495503753
1249809179
495503736
495503718
1249809171
495503656
312402718
312402715
312402714
312402712
495504071
495503467
1264279447
111424803
314048657
420446037
314048477
314074036
314073917
314073918
495503425
314073919
1264279440
314048417
1106228175
314043011
1264279436
1264279461
1305103908
314049866
314049870
1264279491
495503510
495503487
314073914
314073915
1305103909
314049861
495503930
1305103910
314049859
314048763
314048740
314048689
312404716
420446030
314047848
312404715
420446029
314073996
314074035
311887242
311887241
311887240
495503905
312404653
495504087
495504108
1249809176
1249809173
495504112
495504019
495504016
495504014
495504013
495503994
495503988
495503981
1249809159
1264279384
1249809166
495503976
1264279401
1264279493
1264279482
133269287
133269288
133269290
133269291
133269292
133269293
133269294
133269296
133269298
133269299
133269300
133269301
133269304
133269306
133269307
133269308
133269309
133269310
133269311
135814910
135814912
135814914
135814916
135814918
135814921
135814923
135814924
135814928
135814930
135814934
135814938
135814940
135814943
133269312
133269314
133269315
96500143
96500145
96500147
96500148
96500149
96500150
96500151
96500152
96500153
96500154
135837695
135837694
135837692
135837690
135837688
135837687
135828661
135836789
135886782
135886787
135886781
135886760
135886756
135886752
135886748
135886744
135886741
135830508
135830507
135830505
135830503
135830502
135830501
135830500
135830499
135830498
135830496
135823950
135823948
135823946
135823942
135823940
135823938
135823936
135823934
135823930
135823928
135823926
135823924
135823921
135823000
135822998
135822995
135822993
135822991
135822989
135822986
135820882
135820880
135820879
135820874
135820869
135820865
135820863
96500168
135822331
135822332
135822335
135822336
135823200
135823195
135824253
135824252
135824251
135824250
135824249
135824248
135824246
135827735
135824232
135824233
135824234
135824235
135824237
135824238
135824240
135824241
135824242
135824245
135826855
135826853
135826851
135826849
135826848
135825240
135825239
135825238
135825232
135825231
135825230
135825228
135825227
135825226
135825224
135825223
135824335
135824907
135824906
135824905
135824903
135824901
135824900
96500155
96500156
96500157
96500158
96500159
96500160
96500161
135820190
135820188
135820184
135820179
135820176
135820173
135820170
135820168
135819524
135819517
135816255
135816253
135816251
135816250
135816247
135816246
135816245
135816242
135816241
135816240
135816238
135816236
135816233
135816231
135816229
135816227
135816226
135816225
135816223
135816220
135816216
135816214
135816211
135816207
133267782
125366398
96499476
96499475
96499474
96499473
96499472
96499471
96499341
96499347
96499363
133267124
133267123
133267120
133267119
133267117
133267116
133267114
133267113
133267111
133267110
133267108
133267107
133267105
133267104
133267102
133267101
133267099
133267098
133267097
133267095
133267093
133267092
133267091
133267089
133267088
133267086
133267084
133267083
133267081
133267080
133267079
133267077
133267074
133267073
133267072
133267070
1264279342
1264279403
1264279502
497317073
497301854
497301850
111636740
111649548
125375458
111636738
111636736
111636735
111636734
111636730
111636731
111636732
112266450
112266449
112266448
112266446
111636733
111634613
111634611
698816685
698816684
698816683
410199074
410199073
410199072
410769895
111505999
111509301
111505998
111619919
111507449
111619645
111619646
111620229
111508025
111508026
111508028
96496391
1236467498
111506652
96496392
1236467507
1236467593
111506653
1236467431
1236467627
1236467506
135826856
135826939
96496393
111630150
96496394
96497002
111630431
111630432
698816672
429544589
428217633
428217632
428217631
428217629
428217628
428217627
428217626
96497003
111630982
96497004
96497005
96497006
1236467449
96497007
111631596
96497008
111631898
111632672
96497009
111632674
96497010
96497011
111632976
410768934
111633417
96497014
96497015
1236467439
111634978
1236467594
1236467603
1236467504
429541653
429541654
410199067
410199071
410199070
429544555
429544556
429544557
410769897
410769896
429661809
429544558
429544560
429542192
429542191
429542190
429542189
697477035
698816664
698816665
429544563
429544564
429544565
429544566
429544568
429544569
429544571
429544573
429544575
429544576
429544577
429544578
429544580
429544581
429544582
429544585
429544588
497301968
497301957
497301952
497301949
497301944
497301941
497301908
428217634
428217640
428217638
428217637
428217636
497301822
497301826
497301828
497301829
497301837
497301840
497301843
497301848
497311073
497311039
497311023
497311009
1105954942
497311324
497301858
497301862
497301866
497301871
497311112
497311278
497311290
497311294
497311296
497310676
497310716
497310736
497310684
497311142
497310618
497310567
497310951
497310927
497310898
497310804
428217641
497311270
497310787
497317051
497317049
497317043
497317117
497317113
497317111
497317110
497317109
497317107
497317106
497317105
497317102
497317039
408439364
500009826
500009818
500009824
500009825
500009827
500009833
500009832
500009831
500009829
500009816
500009828
500009823
500009822
500009821
500009820
428217657
1264279299
1264279480
428217655
497922691
497922435
428217652
428217651
428217648
497320578
497320573
497320568
497320561
497320559
497320557
497320546
497317099
428217642
497311197
497310577
497311177
497311160
497311263
497310608
497311253
497311321
429542198
429544145
1105954956
429544144
429544631
429544632
429544633
429544634
429544635
429544636
497334149
497334153
497334888
1105954953
497334246
497334189
497334195
497334204
497334212
497334250
497334226
497334229
497334238
497334237
497334233
497334235
497334145
497334239
497334231
497334157
497334162
497334166
497922502
497922265
497334254
497922385
497922379
497922523
497922261
497922520
497922515
497922227
497922236
429542194
429542193
497922579
497922586
497922591
497922601
497922598
497922595
497922268
497922627
497922633
497922636
497922640
497922642
497922646
497922651
497922604
497922478
497922607
497922482
497922684
497922406
497922299
497922311
497922320
497922327
497922338
497922342
497922352
497922360
497320564
497922510
497320580
497320541
429432820
429381416
500009837
429381417
429381418
429381406
408439365
429433590
497871060
497870485
497870450
497870438
497871261
497871248
497871391
497870665
497870653
497871073
497871092
497871107
497871140
497871234
497871330
497871216
497871206
409083012
429541682
429541679
429541675
429541669
429541658
429541657
429541656
429541655
497869740
112290054
112290053
410770704
112552937
112552934
112552931
112292258
410770703
497870374
497870351
497870341
497870296
497870410
497870280
497871025
497871010
497870987
497870961
497871041
429380571
429380565
429380562
429380559
429380558
422547977
112580224
112290052
112580529
112581017
112581480
429378624
429378653
429378632
112265315
112265317
112265320
112265322
112265324
112265327
1236467491
1236467514
1236467461
112265328
112265329
111649546
111649545
112263597
122411124
112263308
111646762
112589349
1243857957
281726256
25503953
25503952
281726258
25503951
281726636
281726635
26016417
1243857939
26016422
26016751
1243857924
1243857955
324809999
26016418
25503943
25504002
25504000
281726471
25503999
281726470
25503998
112591239
25503996
112591235
25503995
25503994
281726469
25503993
281726468
1243857942
1243857986
281726494
25504017
281726495
112591702
25504018
112591706
25504021
112591709
25504024
112591715
25504025
281726496
25504027
112590296
25504003
1243857999
281726447
25504005
281726448
25504006
281726449
25504007
281726450
25504008
281726451
25504010
281726452
25504011
281726453
25504013
26016750
26016419
26016421
1243857937
26016423
281726632
281726631
25503969
281726630
25503967
281726629
25503966
281726628
25503965
281726627
112588576
314553194
25503962
314553196
314553191
314553188
314553187
314553185
314553179
314553175
314553173
314553172
314553168
1110338293
314553166
314553162
1223806725
1223806724
1223806735
1223806716
1223806732
281726624
281726622
281726621
25503940
281726607
281726620
25503938
281726605
25503937
281726604
25503936
1202110497
335740653
1216466417
1216466439
474812440
474812438
474812437
1216466447
428214957
1243857894
1243857836
1207560208
1207560213
1207560198
1207560210
1207560206
1207560212
503018205
503018239
503018236
311889633
479226397
128669168
479226382
128671204
428214945
311889487
428216364
428216363
428216362
428216361
428216360
428216359
428216538
428216358
477729994
428216357
428214901
311889358
311889360
311889362
428217025
428217023
428217022
428217018
335691892
428216715
26016451
26016453
26016455
26016457
111464014
111464012
26016908
111464010
26016909
111464009
111464007
111464006
111464004
111464003
111464001
111463999
111463998
111463996
111463995
111463993
111463992
111463991
111462218
111462217
111462213
1110673451
1110673417
1110673601
1110673564
479184443
479184464
479184251
479184362
1108247111
479184346
1110673565
129784806
129784804
129784803
129786479
479183377
479183245
479183265
479198386
479199203
479198327
479199249
479188275
479191589
479191578
479189608
479189559
479189548
479192968
479193003
479188266
479192415
479189427
479188257
479183292
479183343
479183169
479183114
479184232
479183099
479183080
129786476
1110673655
129786475
129788146
129792730
428217006
129792731
129792735
129792737
129792739
129792741
129789014
129789016
129789017
129789018
479183883
1207545743
1207545753
1207545748
1207545750
335691896
506097312
479183873
128672568
128672573
128672575
1110673634
479184926
479184900
479183794
479183720
479183683
479183645
479183608
311889375
428214905
428214906
311889445
428216714
311889366
311889364
428214902
428214944
428216343
428216344
428216345
428216346
1105955007
428214948
428216347
428216348
428216349
428216350
428216351
477729729
477729714
477729698
428216356
428214951
428214952
428214899
1108285814
428214946
1108285760
1108285691
311889376
479183225
311889489
128672584
503018143
503018146
503018147
1300530258
1300530260
503018148
1300530261
1300530263
503018150
506097294
503018152
506097316
126404010
126404031
126410482
126410483
503018251
503018246
510791955
510791951
343646784
343646786
510791948
1143317468
343646787
111415443
1239645072
111798983
343646794
1264279391
1264279362
111415445
503018158
126394574
126409966
126409965
126404013
126404015
126404018
126397454
126401364
126539517
126539514
126539512
126539511
126539509
126539508
126539506
126539502
126539500
126411674
126411675
126402745
126402746
126402747
126402748
126402749
126402750
126401368
126401370
126404022
126404023
126401819
126404025
126404027
311889581
503018222
503018220
503018219
503018217
503018214
503018212
503018210
503018208
503018207
503018096
503018094
503018087
503018086
503018083
503018204
503018203
503018200
503018198
503018196
503018191
503018188
503018186
503018183
503018180
503018178
503018176
503018173
503018170
311889582
503018138
503018135
503018132
503018129
311889597
311889583
311889356
428214900
428214949
428214907
111415446
129953503
1110673728
475052383
475052379
475052377
474553709
474552508
474552506
474552505
474552500
474552497
474552495
474541483
474541486
474541500
474541501
474541502
474541503
474541505
474541506
474541511
474541515
474541520
474541522
474541524
475073423
475352084
475352085
1143317949
475352608
475073403
475073406
474544816
474544818
474544821
474544824
474544829
474544834
474546970
474543238
474546975
474546977
474546980
474546983
474546985
474685708
474685704
474685700
474685697
474685694
474683167
475080491
475080487
411831031
1216466407
128560436
128566335
428670447
428670446
128583736
128583739
128583741
128583743
128583745
128583747
128583750
128583753
138206144
138206145
138206146
138206148
128583756
128583757
26015908
26015906
26015904
26015902
26015900
128583855
138205703
26015899
26015901
26015903
26015905
26015907
128579264
128579832
128579831
128587399
128587401
128587402
128587405
128587408
128587410
128591905
128591902
128591901
128581932
128583031
128583030
128581937
128586494
128586496
128586497
128586500
128586501
128591080
128591079
128591076
128591075
128591072
128591070
128591068
128591066
128591064
128591062
128591059
128591056
128591054
128591050
128591048
128591046
128587416
128588840
128588844
128588845
128588848
128588850
128588853
128588856
128588858
128606054
128607704
128594096
128594097
128594098
128594099
128594102
128594103
128594106
128594107
128594109
128594110
128594112
128579825
128579822
128580166
128580163
128580161
411835391
411835390
411835389
411835388
411835387
411835386
411835385
412249451
420776939
792643032
792643028
444030231
299608220
445041885
445041884
445041883
269565777
269565778
445041887
445041886
432578837
432578838
432589605
432589606
432578835
432578839
1223751753
1223751769
1223751749
1223751602
430006682
430006683
430006684
430006685
430006687
430006688
430006689
430006690
430006691
430006692
430006693
430006681
506111738
435240906
435240914
432578826
432578827
1223751630
432578828
506111742
506111741
435240959
435240917
784475024
1223751591
1223751585
1223751626
1223751677
432578849
432578851
1223751674
1223751693
1223751805
1223751624
1223751732
432578829
1223751622
1223751778
1223751695
1223751716
1223751650
1223751675
1223751783
1223751654
432578867
1223751659
432578865
432578866
432578847
432578848
432578890
432578888
432578885
432578882
432578879
432578845
299573551
299599207
773982490
773982495
773982498
773982485
773982494
773982492
297369731
773982488
297369740
297369728
297369724
297369739
297369726
435240927
435240930
432578852
435240932
432578864
432578863
432578862
432578861
432578860
401623786
432578859
432578853
432578858
432578854
432578855
432578856
297369729
773982497
1223751741
773982487
297369732
432578825
401623785
297369742
297369743
410370673
410370674
1290243438
1290243440
1290243439
1290243435
410370668
299610599
1290718629
299594484
1290710590
299610764
299610766
418198684
1165604056
343634628
343634626
343634625
343634624
343634623
1223751627
343634639
1223751668
1223751803
299594483
299574281
444023185
299574280
343634632
343634636
410371870
1223751698
1223751736
343634638
343634629
343634630
343634631
1165604097
343646682
501252596
501252601
501252622
501252606
137994581
129552046
501252551
501252546
501252542
501252536
129552045
280197437
137992808
129548927
473873457
473873458
473873459
473873460
473873461
473873462
473873463
473873464
473873465
349907649
129548929
473874242
473874239
473882089
473880558
473879887
473879884
473882628
473882633
473880555
473879878
473879871
475392099
475392102
475394871
475394841
128560274
475354600
475353910
475354369
475354682
475354371
475354599
474677911
474677914
474677917
474677919
474677934
128560275
473878708
473878705
473874237
473877733
473877734
473877735
473877736
473877737
1293997461
1293997458
1293997463
474677907
474677902
474677900
474677899
474677896
474677891
474676251
474677888
343646841
1216789882
343646840
1293997462
1216789885
1216789896
1165604111
1165604021
1165603979
428050294
435469018
435469023
343646728
435468997
316511863
343646710
435468987
128560446
474794842
474797437
474797441
474797443
474797448
474797429
425725652
425725650
343646689
316511864
1209790930
1209790968
1209790956
1209790934
1165603961
1165604086
138205502
425725651
138205500
343646705
1165604058
416007717
416007716
128578693
128578696
128578699
128578701
128578702
128578704
128583033
128578706
1165604007
1165604047
416007715
316511865
1165604008
1165604092
404746922
1165604093
343646706
417998887
138205494
403124585
343634650
1165603968
444017064
444017069
444017068
444017067
444017065
444017063
444017062
444017061
444017060
444017059
444017058
444017071
416410152
416410150
416410148
416410145
416410143
416410131
343634640
343634642
418191593
417998905
417998904
417998898
417998897
418191595
138205495
138205497
343646703
138205498
343646665
343646655
343646649
1209790958
1209790950
1209790951
1209790954
1165604129
416007742
416007741
416007740
416007719
428050263
416007718
1165604001
428050270
428050272
1165604137
428050273
1165604019
1165603973
428050275
428050276
1165604100
428050279
1165604110
428050280
1165604036
428050282
1165604070
428050283
428050285
428050309
428050306
428050304
428050290
428050301
428050267
435469009
435469019
435477342
343646709
128560448
474793789
474800362
474800360
474800358
474794846
474794849
474794853
474794856
349907807
128560449
122452427
474690456
474690455
1216466336
474802747
474802746
474802745
474802741
1216466398
474802735
122452429
474559375
343646851
126617428
137993249
1216789894
1216789883
349907698
137994583
475394859
129549662
475396372
475396373
475396375
1110698278
1110698250
452682285
1110698272
1110690935
137996370
513921227
138198392
452518414
138198390
452518418
126617351
126617352
413564238
299611722
299611755
299611716
416355034
343646669
343646678
343646675
299575944
299611700
126634476
122452417
299614420
253283034
253283047
299612408
299612407
411502734
411502735
411502737
411502740
299612189
411502730
299611379
299611395
299611377
299611394
299611375
299610932
299611392
299611403
299612466
299612465
299612343
1290718626
299610698
1291503778
1291503776
1291503779
1291503777
299611242
299611241
299611240
299611634
299611239
299611238
299611237
299611252
299611262
299611250
299611248
299611257
299611387
299611386
299611385
299611384
299611383
299611382
299611381
299612344
299611581
299611499
299611503
299611401
299610936
299610930
299611684
299610949
418717034
299612350
299612349
417011929
299612405
122452409
122452407
138196470
138196594
138195667
414128969
404776207
299614401
1108076389
299614426
411616468
299614331
299614329
404770462
418091555
299614252
404759959
513925574
1165604095
513931881
25632467
513936352
513936347
299614513
299614524
299614515
513931856
299614527
299614518
1143316537
1165604083
25632521
25632466
129555503
126647239
25632444
25632440
25632439
138242844
138242341
138242342
138241614
138243957
138241616
137959671
137961403
138238298
138238299
138240035
137896694
137896696
138241615
138240033
138240032
138239471
138241053
138242846
138239684
137896693
137896691
138238303
1278184335
1278184350
1278184331
25632398
25632416
475405136
25632399
25632400
129533454
25632417
1110698263
452682240
452682238
452682234
452682230
452682227
452682225
452682221
452682218
25632414
25632445
1110698256
25632446
1110698267
1110698261
452682212
1110698283
1110698277
1110698265
1110698285
452682300
25632366
345296263
343646798
343646797
137831873
137831876
137831881
343646802
137831888
137831884
455341191
1209593469
1209593455
25632370
129530914
128679581
138218138
138218140
138218142
138218143
138218145
138218147
138216828
128677717
25632362
25632229
478863380
478863372
478863363
478863352
478863328
478863309
129800102
137820482
137818312
137818313
335561262
335561263
335560491
285945657
128673222
335561906
335561905
335561787
137819397
137819394
137817763
129795568
129795567
129795565
129795158
129795307
137819989
314555992
129795309
129800097
128673223
478863572
478863664
478863293
478632387
478632351
1296455436
1296455440
1296455444
286970022
111479510
111467277
111467278
111467280
111467281
111467284
111467285
111467286
111467287
475561987
475561986
475561985
475561984
475568776
475568688
1107381201
285910930
138219494
285910932
475704953
475704955
475704957
475704958
475704959
475704961
475708329
475708330
475708335
475715754
475715762
475715786
475716312
475716310
475716307
475715798
1296455330
1296455333
1296455324
1279779529
1279779530
1296455339
1296455336
1296455475
111481849
476010141
111481288
129558976
475552092
475552091
1279795688
475555175
475555174
1279795709
286969400
286969399
286969398
286969397
286969396
286969395
286969394
1279795690
286969393
475549048
286969392
286969391
286969390
286969389
475549313
286969308
475796332
475796338
475549315
475549314
475550565
475550564
475550562
475550561
475737531
475737529
475737527
475737526
475737524
286969387
138223440
138222054
138220019
138220017
138220134
475544038
25620948
1105966159
747478280
747478309
475406849
286969224
25620743
747467615
25620570
1106006327
25620759
25620737
25620947
25620960
475548529
129557542
129557601
129544876
138222057
286969310
286969311
475791302
475791305
475549317
475549318
138225444
475877052
138225028
137873037
137868887
476009981
476009980
476009979
1143318547
475873985
475876236
475876237
475876238
475876239
475876242
475877057
475877750
475877749
475877747
475876243
475876244
475876245
475876246
476009975
129559334
285910556
111481563
111481561
111481848
286969936
286969938
286969939
286969940
475555187
286969970
286970024
286970025
1279779527
286970027
1296455172
1296455342
1296455369
1296455368
1296455235
1296455472
1296455373
1296455377
1296455237
1296455241
1296455244
1296455246
1296455248
1296455277
1296455250
1296455252
1296455407
1296455254
1296455253
1296455259
1296455261
1296455264
1296455270
1296455274
1296455280
1296455299
1296455288
1296455283
1296455293
1296455301
1296455303
1296455393
1296455397
1296455399
1296455403
1296455411
478631936
478631961
478631992
1114080890
478646113
478646137
478646306
478646336
478646358
478646367
478646767
478646803
478645965
478645996
478646590
478646555
1280037581
478646529
478646205
478646519
478646516
1280037577
478646503
1280037579
478646475
309683268
285908643
285910474
1280037583
285910475
285908646
285908648
285910982
285908650
285910477
285908652
285908653
285908654
285910983
1296455432
1296455425
1296455296
1296455429
1296455418
111467467
111479493
111479494
111479496
122549700
674753639
111479498
111479500
111479501
111479502
111479503
111479504
111479505
286969943
111479506
475719552
1279864317
286969782
286969783
286969784
286969785
1296366269
286969814
1279864321
475719550
111479507
111479508
111479509
286969787
286969786
130214695
130214696
130214697
130214698
130214699
130214700
130214701
130214702
130214703
114309787
114309786
114309785
114309782
114309780
114309779
114309778
114309777
114309776
114309775
114309774
114309773
114309772
114309770
114309769
100118695
114309768
114309767
100118693
1277605468
100118649
100118437
114308210
114308209
1277625534
848508670
1277620394
1277620309
1277620331
848508668
1279864320
114307812
1279864319
100118436
1279864318
1279864316
1277620341
100118446
100118442
100118454
100118450
100118459
100118457
100118728
100118721
100118724
100118713
111484790
111484789
100118717
100118708
311624265
311624262
311624258
311624256
311624255
311624254
311624253
311624252
311624251
311624250
311624249
311624248
311624247
311624246
311624245
311624244
311624243
311624242
437244823
311624241
311624226
311624225
1296455395
311624224
311624223
311624220
311624219
311624218
311624208
311624206
311624204
311624202
311624201
311624199
311624197
311624195
311624193
100118737
111486026
111486028
111486031
100118743
100118741
1280038250
1280038249
1280038244
100118751
100118747
111486035
111486038
111486039
100118711
111484788
111467273
478821940
478821668
111467271
285949956
478903215
478862814
478862515
478862536
478862570
1143318589
478862836
478862869
478862903
478862921
478862958
478903418
478903446
478903477
478903532
478903552
478903591
478903615
478903644
478903672
478903689
478903237
478903767
478903790
1296455464
479416380
479416377
111455340
1274099026
285951774
1296455328
285951775
285951777
285951778
285951779
480476970
480309199
480309195
480328320
480328321
480328322
1296455230
285951312
285908605
285910994
1296455223
1296455226
480346381
480346389
480346520
480346518
480346409
480346408
480346525
480346523
1105954939
480346406
480346209
480346405
480346404
480346311
1105954950
480346337
480346323
480346349
480346357
479522367
479522370
479522372
480346511
479522373
480346512
479522374
1296455210
285908610
285910456
1296455206
1296455203
285908607
1296455214
1296455222
480346260
480346272
480346454
480346500
480346499
1105954954
1105954959
480346424
480346432
480346436
1108123743
480346285
480346473
480309143
480309138
480309133
480309212
480309117
480309121
480346460
480346464
480346467
480346202
480346193
480346186
480346178
480346169
1105954957
480309149
480309155
1105954992
480309162
480309166
1105955001
480309171
480328318
480328314
480328311
480328309
480328304
480328302
480328299
480328296
480328293
480309175
480309179
480309182
480309188
480319111
480309192
480323903
480323901
480323898
480323894
480323892
480323887
480319123
480323884
481401116
481401114
481401112
497991069
480496457
1143316780
314075175
1279341533
1279341534
1279341545
480495861
1106195776
311887399
481392129
481392110
481392128
481392127
481392126
481266067
481266081
311887368
497185205
497991108
497991350
497991359
497991354
497185200
497991193
312403827
311886863
1108123556
311887303
311887302
312403912
312404122
312404120
312404119
312403909
312403836
311886935
311887078
311886810
111428023
111428025
111428026
111429986
1249809160
111428028
111428029
1249809182
1249809174
1249809161
111430447
1249809165
111429621
311886808
311886864
495173377
311886933
111429620
311887304
111439225
311887306
481410618
481410616
497991253
314075061
122525235
1264279411
1264279335
122523605
122522947
90380816
111443920
111443919
1279320267
1279320269
428215701
480482949
1104140057
428208843
480482950
428216302
428216308
428216307
428215700
428215699
1279320268
480482967
480482968
480482969
480482971
480482972
314553872
480476951
480476953
480476954
480476988
480476990
1104140055
480476991
480476993
480476955
480476994
848504881
480476987
480482982
480482984
480482985
480482986
480482987
480482989
480482990
480482991
480482992
480482993
848504882
1104140049
90380349
480482958
480482957
480482956
480482955
480482954
480482947
480482945
480482944
480482943
428215710
428215712
1279320265
428215713
428215759
428215758
428215757
428215756
428215755
428215719
428215720
428215721
428215722
428215723
428216309
428216310
428215724
428215725
428215714
428215695
1105954994
428215696
428215697
428216319
428215698
1279320266
480482911
480482912
1279320270
1279320264
480482915
480482917
480482918
480482919
1279311050
1279311051
480482961
480482962
480482965
480482966
111446370
111446371
111446372
111446373
122535293
111444802
90381086
111445022
122535992
122535994
90381095
122535570
122535567
90381067
428216280
428216281
428216282
90380350
311887526
311887525
311887524
311887523
311887522
311887521
311887520
311887518
122528346
122528343
122528341
1279341531
111443008
111443012
1279341529
90380817
111442620
480495875
480495878
111442215
122530856
111442216
111442217
122525425
122525234
122523494
480495869
480495867
480495866
480495865
480495864
480495862
480495881
311888920
1104140051
428215653
480493295
480493292
480493294
480493300
428215652
428215651
428215649
428215650
480493291
480493290
480493287
480493288
480493301
480493303
428215643
428215644
428215645
480494920
480494924
480494922
428215642
428215640
428215636
480494925
428215638
428215655
428215656
428215657
428215658
428215648
428215647
428215639
480494928
428215702
428215703
428215704
480482929
428215705
428215706
428215707
428215708
428215709
122528351
122528349
122528348
480482924
480482923
480482922
480482934
480482933
480482932
480482921
428208842
428208841
428208840
428215654
428208839
428215717
428208837
428208836
428208835
428215629
311888929
480496458
311888928
412753749
311888927
428215628
428215627
481401129
481401124
481401143
1143318166
481401122
481410594
481410606
481410608
314075673
314075196
314075173
311886643
481410597
90380150
1143317285
481392108
1143317316
481401131
481401133
481401135
1143316347
481401139
481401141
1143316740
1143317795
311887398
311887142
311888898
311887143
90379759
481392111
481392112
481392113
481392114
481392115
481392116
481392117
481392118
481392119
481392120
481410572
481392121
481392122
311886862
1108123561
1108123577
314075202
311887395
848507122
848507125
848507127
848507129
90379615
90379614
1104140052
493669379
493669374
493669371
493669366
492269072
311888504
311887529
128664381
90379619
497159080
90379359
90379613
122586155
314042698
314047258
428214872
497159066
497159058
497159056
497159053
428214870
128664377
848507147
848507146
848507135
848507133
848507131
314075692
314075691
314075690
311887141
314075177
311887110
481401110
311887112
90379616
90379617
128664380
90379618
493669384
314074278
314074279
314074280
314074286
314074285
314074284
314074283
314074282
314074281
314074317
314074318
314074319
428215775
314074321
480486064
480486065
480486051
480486052
480486054
480486055
480486058
480486059
480482940
428215777
480486049
480486048
480486046
480486045
480486044
428215776
480486043
480486042
480486041
480486039
480486038
128668316
314074258
480500608
480500610
480500621
480500623
128668312
128668313
428215791
428215792
428215793
428216032
480500597
314553861
480476985
480476983
480476982
480323961
1104146354
480323957
480319118
480476958
480482981
480482980
480323932
480323933
480477001
480323936
480323939
480323949
480476972
480476974
480476975
480476976
480476977
480476978
480476967
480476966
480476965
480476964
480476963
480476961
480476960
480476959
480482975
480482974
480476939
480482979
480323927
480476947
480476946
480476945
480477006
480476942
480348703
1104146352
480476921
480476923
480476925
480476926
480476927
480476928
480476938
480476936
480476935
848504878
90380348
480477009
1296455366
1104146355
1104146363
480477004
111447984
111447981
111447980
480348685
480319146
480319144
480348672
480348691
480348690
480348688
480319140
480319153
480319157
1104146353
480319159
480319161
480319136
480319133
480319124
480331349
1104146364
480331353
480333452
480333461
480333437
480333434
480331359
480335587
480335586
480335585
480331364
480331369
480331374
1296455228
285951310
480348682
480331319
111447978
111447977
111447976
111447975
111447974
1104146365
111447973
1296455208
111447972
111447970
111447969
111447968
111447966
111451963
111447963
111447960
111448569
1296455191
129665124
479522008
479522005
111452218
111452220
129667169
111451063
111452222
111448467
111448464
111448463
111448462
111448461
111449494
111449495
111449497
111449499
479416374
335983979
479297789
479297788
479292879
479416337
479411934
479412095
479412099
479412103
479412110
479309422
479309437
479309444
479309465
479309290
479309617
479309636
1143318458
1143318805
479412156
479297772
479411938
479411901
479411888
479411875
479411836
479411827
479411820
479412088
479309406
479412063
479412004
479412044
479293031
479297761
479293008
479412037
479292937
479292919
479292902
479297778
479297781
479297783
479297773
479297791
479297795
479297762
479293054
479293073
479292807
479435798
479435813
479435815
479435838
1143317042
479435818
479435820
479435825
479435828
479435888
479435892
479435895
479437565
479435897
1296455205
285950964
1296455189
1296455188
1296455177
285908619
285908618
285910996
1296455178
285908616
479437584
479437579
1108247113
479437576
479437575
479437573
479437572
479435872
479435870
479435868
479435865
479435831
479435858
479437609
479435852
479435850
479435848
479435846
479435844
479435842
479435839
479437618
479435796
479435793
479435788
314553198
428471589
314553200
314553220
314553224
297880392
479235838
479236120
479236102
479236087
479236074
479236050
479236032
479226267
479226277
479226291
479235933
479235924
479235902
479235883
479235856
479235833
479235828
479235822
479235802
479235715
479235681
1296455305
285910462
1296455186
285908622
285910997
285908632
1296455469
1296455175
285908631
285911000
285908628
285910465
285910998
479236294
479225779
479225765
479225754
479225678
479225707
479225722
479225728
479225744
479225855
479226049
479226065
479225864
479225876
479225885
479225897
478928008
478928659
479226021
479225996
479225977
478928715
479226998
479225626
479225615
479226973
479226954
479226935
479225907
479226915
479226904
479226894
479226309
479226891
479226885
479226880
479226866
479226734
479226762
479226826
479226769
479225641
479226661
479226659
479226643
479235576
479235565
479235548
479235531
479226460
479235515
479226469
479226488
479226501
479226522
479226536
479226548
297880486
297880483
297880390
314553222
297880388
297880386
297880385
297880383
297880382
297880381
297880380
297880379
297880378
297880376
297880374
479435875
297880372
1296455176
111450380
1296455182
479435777
111450382
111450384
111450385
111450386
285910461
111450388
111450389
111459756
111459757
111459759
1296455370
111459763
111459764
111459765
111459766
111459769
111459772
111459775
478902515
111459776
1296455327
111459778
111459780
111459781
1296455371
111467269
1296455375
111467270
285950201
285911001
285911002
285908638
285910471
285908640
478863000
478632189
1143316313
1223806730
1223806722
1223806723
1223806741
1223806733
1223806728
1223806719
478100783
478100776
478100766
478087449
478087440
1223806738
478087430
478087417
478087407
478089195
128677725
1223806731
478208218
478208214
478208164
128677724
128677722
128677718
128677720
427067727
427067742
1223806715
427067741
427067696
427067701
427067703
427067705
335560376
478089188
335560378
1223806727
478087374
335560440
1223806714
1223806734
335560381
335560382
427067714
297880608
478863994
478864013
478864322
478864266
478864232
478864197
478864177
478863863
478863873
478863896
478864113
478864627
478864596
478864573
478864551
478863840
1143317012
478863256
285945659
297880624
297880622
478208243
1223806737
478208181
478208174
478208248
297880620
128673221
1110673556
128674452
128674453
128674454
25632372
475052386
1110698264
25632285
25632284
137982795
475064050
475064052
475064054
137982073
25632364
25632361
25632227
25632231
138216142
25632228
25632226
25632230
25632224
343646801
1279835449
343646800
25620692
747467619
747467609
25620516
345295625
345296684
345296686
25632368
25632367
25620518
1279835447
343646799
25632223
343646796
25632225
25632279
25632278
974882854
974882842
25632292
1110698257
1110698299
1110698273
1110698268
1110698276
1110698297
1110698247
25632293
1110698289
1110698281
1110698269
25620653
1110698280
452682295
452682297
452682270
452682249
958308578
25632376
452682265
129545994
129545993
25632419
25632401
1209790922
25632402
25632403
25632404
1278184346
1278184344
958309720
25632421
475406853
25632422
25620747
138235495
475408774
286968481
286968789
475410118
475410511
286968787
138234852
475410116
129553667
475413943
129553665
25632409
25632410
411909880
25632413
25632425
25632426
25632423
25632424
25632411
25632412
25632433
129554561
129553875
129554083
668955253
137903870
137903879
137903876
137896681
137903872
137903874
137955522
137901873
137901874
25632432
25632438
423183085
129555296
126646458
126647309
25632429
25632428
1043000779
25632427
1043000754
1043000761
1143317532
1143318771
513925584
513925588
513925568
513925553
1216830846
138252202
513925578
299614301
513921037
138252374
513920937
138194386
126643110
402016670
411841932
402004623
404756386
404756870
404754608
404754609
416385402
416385391
404754613
404785592
404754615
404754617
122452412
122452414
411842220
402007436
513920967
513920996
126617354
513920936
513920950
513921231
513921229
513921213
513921226
513921201
513921193
513921184
513921171
138197779
25632463
25632449
25632448
25632447
25632450
25632451
25632452
25632453
25632454
129550851
1110698243
452682282
1110698255
1110698259
452682292
452682268
452682289
452682286
452682274
452682277
452682253
452682256
1110698245
1110698254
452682304
25632375
1209790928
501252447
501252453
501252465
501252472
1110691349
501252476
501252495
501252500
501225803
501225811
501225807
501225783
1107381202
501225766
501225800
129552044
129550139
129550745
129550744
501225708
501225713
501225717
501225720
501225723
129552512
501225754
501225749
501225746
501225743
501225739
501225920
501225889
353287405
473240009
1165604071
1165604004
1165603985
126617431
126617433
129552048
473240005
473240004
137994655
137994933
137994720
473240006
137992807
137993129
129548930
126617430
129548931
122452425
1165604038
122452424
343646659
343646660
343646661
343646662
343646672
343634647
343634646
444023177
343646671
1165604049
343646668
343646667
343646666
415788575
343634648
417998910
417998908
417998907
417998906
1165604040
417998888
343634649
416716819
416716837
416716839
416716818
343646685
416410137
343646683
343646686
473894834
473894833
343646684
343646687
343634635
412249452
406359726
299575942
773982486
299610705
299610700
299575943
299610928
411842524
773982493
299611055
299611292
299610718
299610763
1290733867
408438890
1165604050
408438889
408438888
299610586
299610576
299610634
1290727908
1290243443
1290243442
1290243436
1290730151
299610588
299610818
299610870
299610820
299610871
319327503
319327505
297369744
299599148
299592379
299592374
299599024
299598641
773982499
299597866
299597867
299598639
299598126
299598638
299598676
299574096
432578798
432578842
432578841
432578800
299573943
299608221
299608246
299608108
299608120
299607855
299607856
299597869
122491913
299583231
299586767
299586768
447883472
447883474
424016771
424016776
424016787
424016790
424016795
424016799
424016804
424016809
424016813
299583103
299582743
424016887
424020212
424016886
424016883
424016880
424016877
424016875
112617116
112617115
789695249
789695368
789695371
789695374
789695377
789695380
447872455
447872458
447872457
447872456
789695386
789695389
789695393
789695399
444030241
789690202
789692760
789692772
789711097
789711100
789711103
789711106
789711109
789711112
444030235
444030232
444030233
444030234
789711113
789711116
789711120
789711123
789711128
789704927
789704967
789830274
789704970
789830291
789704972
789704963
789704891
789704890
789704885
789704879
789704866
789704859
424016854
424016851
424016848
424016845
424016843
424016840
424016831
424016828
424016824
424016820
424016817
343634587
343634615
299584061
299584064
299584296
299583501
299579036
299580230
1329457291
1329457297
424548360
1329457303
424548349
424548338
424548335
424548331
424548328
424548325
424548322
343634463
343634461
424013918
424013916
424016768
424016766
424016763
424016761
424016758
424016756
424016735
424016753
424029086
424029084
424029076
411014903
411014904
411014906
411014907
411014908
411014909
411014900
411014377
411014376
299613395
299613374
299613476
299612947
122480050
299613573
299613373
417153187
417153179
409973397
1108076406
299613431
299613574
299613131
299613571
299613211
297880068
297880069
297880070
1108076410
409972857
299613430
299613396
1108076393
299613187
297880075
297880076
1216830873
410546930
412525200
412525201
412525202
412525203
412525211
412525212
412525213
412525214
412525204
412525205
412525206
412525207
412525208
412513629
1334148416
1334148415
1334148418
1334148409
1334148417
1334148410
1334148411
1334148412
1334148413
26015874
26015872
26015870
26015868
26015866
25507550
413301103
413301104
413301105
1216830903
413301121
413301102
413301100
1216830871
1216830889
413301099
1216830897
414979918
25507579
25507577
319327514
25507575
25507573
25507571
1216830853
414952136
414977897
25507569
25507567
25507565
414978467
25507563
25507561
319327511
25507557
1216830857
25507559
1329505517
1329505384
1329505574
1329505178
413301106
409114749
409114746
1216830870
25507552
1216830869
25507554
319327513
25507556
25507558
25507560
25507562
414134115
25507570
25507568
25507566
25507564
314549171
413275483
314549165
1216830867
314549163
404379906
314549158
1216830899
314549160
1216830874
1216830872
413275496
413275495
413275494
413275493
413275492
413275491
698819578
698819579
698819580
698819577
698819576
130075025
698819574
698819573
698819572
698819571
698819589
698819588
698819587
698819586
698819585
698819584
698819583
698819582
698819581
412513630
412513631
412513632
412513633
412513634
412513635
412513636
404746426
412525210
404066463
404064786
404072485
1216830875
404072497
1216830850
404072505
1216830854
404072509
404072500
404072516
404072519
1216830855
416375844
416375847
1216830862
416375846
1216830901
416375845
409114757
409114759
1216830886
409114761
409114763
409114768
409114770
409114772
1216830891
409114774
409114776
409114778
404072511
404072482
404066469
1216830856
314549154
343634508
343634510
1216830892
1216830866
411018958
411018961
411018963
411018966
343634522
343634524
343634526
1216830860
1216830877
343634528
343634530
343634545
343634541
343634539
412513627
412513626
412513625
412513637
412513640
412513643
412513644
412513645
412513628
412508407
343634537
343634535
343634534
411019019
343634520
343634560
409770937
409117206
343634513
299594486
343634576
299610558
343634517
343634578
343634580
1216830896
1216830851
343634572
413275482
414905286
414905370
414905280
414905322
414905326
414905295
414905297
414913212
414905299
414120971
560405661
560405660
560405659
560405657
560405656
560405655
560405679
560405680
534478850
534478846
534478820
560405677
534478825
534478833
560405676
534478838
560405663
560405664
560405665
560405666
560405667
560405670
560405671
560405672
560405673
560405674
560405654
560405653
560405652
560400995
560400996
560400998
560400999
560401000
560401001
1108076391
534476364
534478808
414127320
414127328
414952211
414952217
414127327
414127326
414127323
414127325
414127324
414127322
414127321
414127319
417058205
417058186
412508453
412508451
412508448
126638962
427277889
427277892
128655671
299614066
299614077
299614078
299614041
299614042
417058220
128655667
128655665
128655664
128655661
128655660
414905368
343634532
1198781157
1097379625
1198805193
1198805166
1198805157
1198805100
1198805130
1198805197
1198805159
1198805201
1097379478
1097379530
1097379588
1097379600
1097379586
1097379614
1097379490
1097379661
1097379616
1097379542
1097379470
1097379467
415754668
415754669
415754670
415754671
1097379581
415754672
415754673
415754674
415754675
415754676
415754692
415757545
415754694
415754695
415754696
415754697
415754698
415754699
1097379538
1097379474
1097379657
1097379477
1198805069
1198805126
1198805128
1198805075
1198805198
1198805226
1198805161
1198805093
414952168
414956296
414956298
414956300
414957017
414957019
414957020
414952165
414952166
414952167
414952186
414957022
414952147
414952154
414952144
414952143
414953303
787318149
787318150
787318151
414134094
1216830865
297369233
560976053
560976051
560976023
560976031
534476384
534476385
534476352
534476351
534476358
534476359
534476360
534476370
534476367
534476350
534476366
1103427051
534476357
297369446
414120991
560409104
560409018
560409117
560409296
560977450
560976019
560977452
560976021
560976022
560976028
560976027
560976026
354915365
354912241
297369597
297369598
297369052
560409257
297369050
354912520
354912518
560409305
560401003
560409175
560409066
560409287
560409219
560409281
560408964
560408977
560409011
560409001
560408993
560408985
560409047
560409052
560409056
560409062
560409098
560409096
560409093
560409090
560409086
560409024
414120957
414120959
138246606
138246838
138244094
138243251
138248032
560976005
560976006
560976007
560976015
560976013
560976012
560976010
560976009
560976008
560975951
560975950
560975949
560975948
560975947
560975946
560975959
560975960
560975961
560975962
560975963
560975938
112688625
112688622
112688621
112688620
112688618
112688617
112688615
112688614
112688612
112688611
112688610
112688584
112688585
112688587
112688591
112688598
112688599
112688601
112688602
112688604
112688606
112688608
560975904
560975903
560975985
560975986
560975988
560975902
560975933
560975934
560975935
560975936
560975937
560975943
560975926
560975927
560975928
560975929
560975930
560975931
560978259
560978258
560978257
560978255
560978254
560978253
560978252
560978256
560978251
560978250
560978249
25507572
25507574
414134148
1216830849
414134144
414134141
414134132
25507576
319327515
25507578
787318146
787318147
787318148
25507580
25507586
25507584
25507582
114310831
114310832
114310833
114310834
114310835
114310836
114310837
114310838
114310839
114311354
25507587
319327517
25507585
25507583
25507581
114310867
114310866
114310865
114310864
114310863
114310862
114310860
1103952843
1103952907
1103952886
1103952937
1103952919
1103952818
1103952951
1103952854
1097394691
1097394554
1097394698
1097394708
1103500498
1103500515
1097394647
1097394666
1103952826
1103952891
1103952900
1103952870
114310515
114310516
114310686
114310687
114310688
114310690
114310692
114310694
114310695
1216830858
114311907
114311906
114311905
114311904
114311903
114311902
114312388
114312389
25507592
25507590
114315929
314545211
114316539
114316540
114316541
114316543
114316544
114316545
114316547
114316548
114316550
114316551
114316552
114316553
319327526
319327524
25507601
25507599
25507597
25507595
25507593
25507589
25507591
114319485
114319481
114319479
114318628
114318630
114318632
114320438
114320434
1103952920
1103952856
1103952887
1103952820
1103952847
1103952938
1103952810
1103952908
1103952933
1103952874
1103952903
1103952835
114322158
114322159
114322160
114322161
114322163
114323943
114323944
114323946
114323947
114323948
276932539
112688582
112688580
112688578
112688576
112688575
112688573
112688570
112688566
1274830098
476009976
475725586
1277590625
475725587
475725589
475725591
476018885
112686789
1277601207
112686794
112688627
112688628
276935390
276932741
276932742
276932743
276935646
276932744
276932824
114326093
114326092
276932825
276932737
276932739
276932740
276932693
276932494
114320449
114320452
114320453
114320455
114320458
114320460
114320463
114320465
114320429
114320432
114315555
114315556
114315558
114315560
114315562
25507598
319327519
25507594
114317414
114317413
114317412
114317411
114317410
114317409
114317408
114317406
114317405
114317404
114317402
114317400
114315563
114315564
114315567
114315568
114315571
114315573
114315577
114315578
114315580
114315581
114315584
114315586
114315588
114315591
1103952871
1103952808
1103952829
114310456
114310459
1103500513
1103500521
114310461
114310462
114310463
114310464
114310466
114310467
114310468
114310519
114314002
114314000
114313999
114313997
114313995
114313993
114313991
114313989
114313988
114313985
114312657
114312656
114312654
114312653
114312651
114312650
114312390
114313413
114313414
114313415
114313416
114313417
114313418
114313419
114313420
114313421
114310696
114310697
114310698
114310699
114310701
114310703
114310704
319327522
319327528
25507600
114310760
114310759
114310758
114310757
114310705
114310707
114310708
114310709
114310710
114310712
114310713
114310714
114320441
114320445
114324784
114324783
297369593
297369218
297369594
297369596
297369285
560975908
560975909
560975910
560975911
560975912
560975913
560975914
560975915
560975916
560975917
560975918
560975919
560975920
560975921
560975922
560975923
560975924
560975925
560975905
560975906
560975907
560975956
560975955
560975954
560975953
560975967
560975966
560975965
560976037
560975964
560975952
560975945
560976034
560976033
560976032
560976048
560976047
560976038
560976040
560976041
560976042
560976043
560976044
560976045
414142472
414142278
414134058
414134107
415754662
414134106
414134104
414134103
414134101
415754667
415754666
415754665
415754664
415754663
414134097
414134095
414136131
414136126
414134158
414134163
414134164
414134093
1216830887
414134091
414134090
414134065
414134063
414134080
414134082
414134085
414134087
414134070
414134066
414134071
414134073
414134074
414134075
787318152
414134077
414134079
414952121
414954428
414952158
414953543
414953441
414952170
414952163
414952169
414952176
414952174
414952191
414952220
414952219
414913215
1198770858
1198770855
1198770853
414952117
414952216
414952223
414952222
414952221
414952197
414952190
414952172
414952188
414952207
414952206
414952204
414952200
414952202
414952218
414913213
1198805109
414913214
1097379574
415754656
415754685
415754684
415754683
415754682
415754681
415754680
415754679
415754678
1097379651
1097379469
1097379492
415754700
415754677
415754701
1198805189
128655628
128655629
1103500477
1103500531
128655630
128655631
128655633
128655637
415754687
415754655
128655634
1097379481
128655627
128655626
1207572289
112617170
114310216
112617168
112617167
112617166
112617165
1207572285
112617163
112617162
112617161
112617160
112617159
112617158
112617157
112617156
112617155
112617154
112617135
112617136
112617137
112617138
112617139
112617140
112617141
112617142
112617143
112617145
112617146
112617147
112617148
112617149
112617151
112617152
112617153
128655622
128655623
128657102
128657101
128657100
128657098
128657097
128657096
128655624
128655625
1097379631
1097379498
1097379489
1097379659
1097379607
1097379639
1097379494
1097379540
1097379548
1103500536
1103500487
1097379528
1097379603
1097379509
1097379559
1198805220
1198805223
1198805135
1198805148
1198805077
1198805224
1198805079
1198805098
1198805162
1198805185
1198805194
1198805169
1198805155
1198805152
1198805133
1198805096
1198805150
1198805136
1198805177
1198805132
1198805173
1198805090
1198805103
1198805222
1198805203
1198805221
1198805195
1198805209
1198805073
1198805182
415754686
1097379622
1097379507
1198770882
1198770878
128655638
128655639
128655641
128655642
128655643
128655644
128655646
128655647
128655648
128655649
128655650
128655651
128655652
128655654
128655655
128655656
128655657
414905350
343634558
343634556
343634550
343634570
343634568
343634566
411019044
343634564
343634562
411019008
409089302
409117207
409771176
343634495
343634488
343634490
409771021
343634492
343634484
1216830894
1216830863
343634482
343634480
343634478
343634476
343634474
343634470
343634468
424548253
343634458
424548292
424548289
343634456
424548279
343634454
343634452
343634450
343634447
299582004
1334167609
1334167592
1334167610
1334167605
1334167590
1334167614
1334167612
1334167613
1334167599
1334167593
1334167596
299584069
299577729
299579890
299579766
1106006331
299592087
299592133
1106006309
1106006324
299585280
299585284
299585609
299585300
299585296
299585612
299585291
299591000
299584051
1108076408
299590514
299583544
299590114
299590394
299599440
299599501
1106006305
299580961
343634589
343634591
1334167597
1334167591
343634593
343634595
1334167601
343634597
343634599
343634602
1334167600
299584068
299585301
299607565
299607581
299607569
299607587
299607567
299607579
299607807
299585606
299584664
299584063
299584060
299586765
299586764
299586502
299583353
1108076407
299579882
299599638
299599582
299580145
789709529
447867546
447867547
447916490
447881534
447918300
444030255
789709527
789709526
444030253
444030252
444030251
789709524
444030250
789709523
444030249
444030248
444030247
789709522
789709521
789709519
792643152
444030216
444030217
444030218
444030219
122491912
444030213
444030214
444030215
444030220
444030221
444030222
444030223
444030224
444030225
444030226
444030227
444030240
444030229
444030230
444030245
789686042
789686045
112617114
112617113
112617112
112617111
112613636
445041915
112613635
112613634
112613633
792643023
128651494
128650147
128651493
128651492
792643017
792643014
128651490
112613631
112613629
112613628
432578836
112613626
112613625
112613623
112613622
112613621
112613620
445041888
445041881
112613618
112613616
112613614
112613613
445439326
445439300
112613612
432589603
432589602
112613611
112613610
112613609
26122721
26122715
26122717
26122718
26122719
26122720
26057858
112653406
26057857
112653915
26057856
112653914
26057855
112654452
112654450
26057854
26057853
112613608
26122786
26122785
26122784
112652825
26057776
112652828
26057774
112652829
26057772
112652830
26057769
112652831
26057767
112652832
26057764
112652833
26057762
112652932
112613606
112613605
444026524
444026518
444026520
444026522
420776961
444026527
444026528
112613604
1221804094
788826704
420807841
446308240
519337747
412246603
412246604
412246606
412246607
412246608
412246600
287458440
287458442
430006697
287458429
112613601
287458431
112613600
287458435
112613598
112613597
444004625
444004627
444004647
112613590
435240968
435240969
435240970
435240972
435240974
411834913
287458449
287458447
287458443
435240919
287458456
411504968
411504969
444011323
444011321
444011320
444011318
411506246
444011315
444004669
444004670
444004671
444004672
444004683
444004682
444004681
444004680
444004679
444004678
444004677
444004676
444004673
444004674
444011311
287458452
287458454
420774512
432597947
444004662
444004663
444004664
444004665
444004666
444004667
444004668
432597951
432597952
432597953
432597954
435240878
435240876
435240873
435240867
432597949
435240964
444004658
444004657
297880042
297880041
297880051
297880050
444004661
444004660
1110673446
1110673569
1110673512
1110673716
1110673453
1110673696
1110673678
1110673590
25504126
1110673449
25504174
1110673562
25504175
1110673662
25504176
25504177
25504178
25504180
25504181
25504182
112641653
25504123
25504183
26015929
411029252
26016164
26015930
411066303
411066294
26015932
1110673568
26015934
1110673549
1110673690
1110673670
1110673517
25504172
25504173
1110673630
1110673606
1110673465
1110673428
1110673682
1110673686
1110673616
1110673574
1110673436
1110673407
1105984379
1105984401
1105984381
1105984360
1105984395
1105984368
1105984386
1105984366
25504135
1105984398
1110673650
1110673403
25504158
25504157
112599907
25504156
112599906
25504154
112599904
25504153
112599903
25504151
112597480
25504147
112597479
25504141
1110673534
1110673400
1110673433
411029255
411029256
411029257
416011692
1216466434
343646753
431654337
431654335
431654283
431654285
431654290
431654293
431654295
431654297
343646736
343646748
1216466368
343646749
411831029
343646744
1216466396
411831028
343646751
343646750
411831027
343646752
475116899
475116904
475116908
474818250
474818248
474818247
475117687
474787957
474787672
474787671
474787670
474787665
343646764
26122699
26122698
26122697
25504120
112640768
112641245
26122684
112641257
26122687
26122693
1187411596
26122709
26122712
112613566
26122708
112613564
111649091
111648502
111648004
111648002
111647995
111647989
416480025
257735298
257735299
429378661
429378663
429378662
429378660
429378659
429378658
429378657
429378656
429378655
429378654
257735156
1225943154
1225943149
1225943153
1225943147
1225943131
1225943143
1225943156
429380546
257735100
257735099
559928695
257735098
257735097
257735096
257735095
257735094
429380534
257735092
257735091
257735090
257735089
257735088
257735701
429378636
429378637
429378638
429378647
429378639
429378648
429378649
429378651
257735562
257735563
257735087
257735164
257735163
257735162
257735161
257735160
257735159
257735158
257735157
257735220
257735196
257735447
257735446
429378628
429378640
429378641
257735445
429378644
429378645
429378626
429378633
429378625
1225943122
1225943124
1225943151
1225943171
1225943130
1225943159
1225943135
1225943160
1225943127
1225943165
112613531
112613532
112613533
112613538
112613540
112613542
112613546
112613556
112613557
112613558
112613559
296058885
126604779
126604780
126604781
126604783
126606845
126604784
425743085
343646763
1202110494
126608577
343646761
343646762
126604785
343646735
475355976
475355980
475355993
475355998
475356004
475358425
475358426
474810950
474810949
474810947
474810945
474810943
474810942
474810941
343646768
343646810
1216466401
474698118
474697409
474728395
474699483
474699484
474699485
1216466414
474701860
474701862
474701871
474701471
474701473
474728398
474697404
1107381207
474697405
474694632
474789333
1105911801
474694139
474695395
474694626
474546948
1107381206
1107381193
1107381212
474695400
474695389
475329142
475329138
475328014
475328017
474697403
122452434
343646818
474785716
1216466349
1107381200
474818251
474787960
474787961
1216466503
343646740
343646734
474789296
474789297
474789299
474789303
474789304
474728387
1216466495
474789315
474789320
474695427
474789323
474789325
474789328
343646731
343646738
343646737
343646757
343646742
1216466437
1216466427
1216466372
343646755
343646741
1216466373
1216466441
343646746
1216466352
343646747
425727393
416011736
416011733
425743058
411029267
425743039
411029268
411029269
425725925
411029270
416015390
411029271
411029262
411029261
411029260
411029272
411029259
411029258
1110673666
25504171
25504170
25504169
25504168
112597463
25504167
112599861
25504166
25504165
25504163
1110673697
1110673509
1110673551
1110673647
1110673663
411029264
411029266
1110673579
1110673621
1110673561
1110673412
411029253
128560429
128571479
128571478
128571477
128623935
128623934
128623933
128623931
128623929
128571476
128617101
128617100
128577510
128577516
128577517
128580399
26015910
26015912
26015914
128577519
26015916
26015918
26015920
26015922
26015924
128569766
26015928
128575847
411831032
128575849
128573640
128573635
128573633
128625793
128625791
128625788
128625787
128575853
128616478
128616477
128560426
128560423
297880033
444004656
444004659
128560421
128560420
431647288
431647290
431647293
431647238
297369934
431647237
297369933
297369932
297369931
297369930
297369929
128560419
128560415
444004651
444004649
444004648
444004650
431647274
431647273
431647272
431647269
431647266
431647264
431647262
431647261
431647259
112613581
431647219
431647254
431647245
430284829
788743446
430284831
112652014
112652012
112652011
112652006
112652009
430284836
430284834
128560413
430284833
112652019
112652018
112652017
112652015
112613584
112613586
112613587
112613588
112613589
444004652
444004653
444004654
444004655
444004645
444004644
444004646
444004641
444004640
444004639
444004638
444004634
444004633
444004632
444004631
444004630
444004623
444004629
444004628
444004622
444004626
444004621
444004620
444004619
444004618
444004617
444004616
444004615
444004614
112613596
112613595
112613594
112613593
112613592
446308245
446308246
112652004
112652003
112652002
112652001
112652000
112651999
112651997
430267067
287458421
446308238
112651995
430267079
431925048
788826682
788826707
788826688
788826699
1221804117
1221804110
1221804112
1221804105
1221804107
788826712
788826695
788826684
788826710
420776895
112651994
788826702
1221804097
1221804079
1221804092
429833953
429833945
788826675
429833942
429833940
429205569
420776894
112613602
112613603
420776909
420807840
420776945
430006694
420776943
432578781
1223751641
1223751723
430012056
430012055
430012054
430012053
430012051
430012050
430012049
430012048
430012047
430012046
430012045
430012044
430012043
430012042
430012041
430012039
430012038
430012031
1223751670
1223751628
430012030
430012029
430012028
430012027
430012058
430012057
432578830
435240898
432578831
432578901
432578906
432578908
432578916
432578919
432578922
432578925
432578930
411835384
411504987
411504986
1223751700
1223751766
1223751679
1223751728
1223751781
1223751578
1223751780
1223751605
1223751600
1223751807
1223751592
1223751632
1223751720
1223751652
1223751604
1223751590
1223751666
1223751616
1223751661
1223751647
1223751786
1223751699
1223751620
1223751586
1223751633
411504984
411504981
411504979
420777494
412256453
445439265
1223751606
1223751712
1223751687
1223751681
1223751607
420777495
420777496
445439274
445439334
445439340
445439337
1223751697
1223751730
1223751631
1223751575
445439261
445439258
445439255
445439343
445439347
445439344
445439290
432578813
411504999
432578810
445439284
411504997
411504964
411504965
411504966
411504995
411835470
411835382
432578938
432578945
432578817
411835393
411504977
412249448
412249449
412249450
412248019
1223751610
412248011
412248006
412248004
412248000
412247996
1223751572
1223751671
412247991
1223751746
1223751757
1223751669
412247985
412246602
412249446
412249445
412249444
412249443
412249442
411504967
411504988
128597080
411834915
411834914
416007714
343646700
343646698
428670445
504782514
504782513
504782511
504782506
504782500
428670448
428670442
428050313
428050315
428050316
428050318
428050319
416007724
416007731
416007732
343646695
343646696
343646697
343646688
128560437
128560439
128560441
128560443
1216466457
474800927
474800939
474799754
474799757
474799758
474800740
474800744
474800745
474800746
474800751
474800753
474800754
474800759
474800738
474799742
474799738
474798130
474793814
474691703
474690461
474691694
474691686
343646831
1143316554
475080479
1110673577
475081804
475081801
475082799
475082796
475082794
475082792
475082790
475082788
474676240
474676238
474676241
474676242
474676243
474676244
474676245
474676246
474676247
474676248
474676249
474676250
474681706
474681707
474681709
474681711
474681715
474681718
474681720
474681722
474681724
474681726
474681732
474681734
474681737
474681738
474682647
474683172
474682657
126617427
474546987
474556624
474551135
474549084
474549081
474549077
474549075
474549073
474549070
474549060
474385797
474385798
474385800
474385801
474385803
138209120
474549101
474549103
474549107
474549109
474549111
474549115
474549120
138208872
475044410
126600959
475334479
475333883
1216466378
126600958
126600955
126600953
473849271
473849272
473849274
1243857923
1243857921
1243857976
353290230
353290232
1243857959
112594214
353289226
112594210
1110338297
343646779
1110338277
1243857985
112676582
112677106
343646782
429432776
343646783
343646789
1243809345
1243809319
1243809327
122432566
343646793
343646791
343646790
1243809340
1239645086
1239645081
1243809331
335562443
343646792
1110338295
1216466476
1216466364
1216466360
112677105
1110338291
1110338302
1110338299
343646780
1243857867
1243857972
1243858000
1243857847
1243857910
1243857889
1243857868
1243857851
1243857885
1243857906
1243857928
1243857850
1243857883
112677104
112677103
475341668
126597343
1216466391
1216466342
112675709
112675719
90378707
428217482
428217480
428217479
428217478
428217477
428217476
428217463
428217464
428217465
428217466
428217467
428217468
428217470
428217250
428214956
475341682
930155434
930155431
475343989
475347095
475341706
475341704
475341703
475341701
475341697
475341692
475341687
1107381198
475339286
475339285
126597726
126598827
126600950
475335823
474780335
474780271
474780284
474780307
474780313
473859170
473859168
473849954
473849956
428214955
475360024
428217475
475360026
473859811
1216466345
473869781
1111353960
474729164
1111353963
138208397
473859812
473859813
473859815
1216789877
126604789
475360028
475360031
475360033
475360035
455341194
129953504
475360049
475360047
475360045
475360043
475360041
475360039
475049092
475360038
1252543215
475360037
137981937
445815840
138213191
138210915
138213192
428217540
1216789889
428217539
428217538
428217537
428217536
1216789880
428217535
428217533
138208399
138208401
353286182
129953505
335561064
335561055
475066897
475064049
475050311
475050307
475050306
475050295
475050297
475050300
475050301
475050303
1143317563
297880635
455341192
335560768
475054556
475055368
475055366
475055363
475055362
475055359
475055357
137817855
128676154
1252543227
1252543246
1252543231
1252543234
1252543222
1252543250
1252543219
1252543249
1252543240
1252543252
1252543206
1252543239
1252543207
1252543247
1252543237
1252543229
1252543251
1252543223
1252543228
1252543208
1252543205
1252543236
335561972
1252543225
335562045
335562043
335562042
335562040
335561973
335560973
335561971
1143318304
1110673414
138214591
112675717
90378716
112675715
129953582
90378715
112675714
90378713
112675712
314555995
90378711
90378710
111799455
1239645077
1239645082
1239645079
1239645080
343646781
670393821
698593230
698593228
1243857979
1243858002
1243857977
1243857948
1243857875
1243857898
1243857912
1243857891
1243857865
1243857830
1243857944
122432561
122434048
1243809322
1216466431
122432560
343646772
122432556
1216466411
1202110433
1202110438
1225943133
1202110442
335739968
343646769
335739966
335739965
335739964
1092997353
1092997350
1092997347
122432550
122439070
475338038
475338033
475338025
475338021
1216466444
1216466464
122439068
343646765
1216466461
126592365
1216751949
1202110486
1225943158
1225943141
335740649
335740651
1202110392
1202110389
1202110402
335741062
1202110396
335740866
1225943136
1225943150
335740705
335740657
335740656
335740655
335741102
335741142
1202110522
1202110373
1202110377
1202110379
1202110381
257736653
840460285
840460282
1270263272
257735101
257735102
257735103
257736496
257736495
335739290
335739291
335739294
60795248
431365141
60795247
257735105
257736480
257736479
257736401
257736400
257736755
257736800
257736783
257736547
257736546
257736544
840460255
257736645
257736647
257736648
257736649
257736650
257736651
257736652
1270263243
839884893
839884900
839884904
1202110383
335740658
431365902
335740659
1270263245
1270263239
335740660
335740661
335740662
122445139
387447918
387449135
387449136
1277686165
387449686
387449931
387449933
387449935
408431005
408431007
408431396
1147306820
343646770
1147307039
419776439
419776438
1143318237
408432568
408432565
408432564
408432563
1277686170
408431574
408431466
408431467
343646774
343646775
343646776
1092997335
335739952
335739953
335739955
335739956
1092997200
335739273
335739276
335739277
335739278
335739280
335739958
335739282
335739285
335739286
335739288
335740663
1092997327
1092941959
1092941956
1092941945
1092941943
1092941936
343646771
1147306587
1092941880
1092942053
1092942055
112594525
112594241
112594240
112594236
112594228
112594223
1243857905
429432793
353289224
353289223
1105954970
1143316503
1143318103
1143318407
510772505
1143317932
1143317748
429432807
429432814
497690631
497690624
497690683
497690603
497690563
497690566
1236467578
1236467615
1236467624
1236467464
1236467608
1236467509
497690702
497690698
497690693
497690689
497690673
429380574
429380602
429380599
429380596
497871763
429380593
497871637
497870519
497871638
497871786
497871367
497871379
497871509
497871501
497871485
497871477
497871467
497871453
497871642
501173321
501173395
501173346
501173373
501173324
501173327
501173336
501173340
501173305
501173301
501173520
501173523
501173544
500009860
501173444
500009867
500009870
501173434
500009871
501173476
500009872
500009873
500009874
429432812
429432811
500009888
500010080
500009996
500009975
500009886
497690772
111830200
1264279369
1264279406
1218948004
1218948005
1218948002
126554310
784545899
26016435
26016437
784545891
126543207
126545011
126545013
126549457
126549453
126543210
126547487
126547489
126547490
126547495
126547497
126547498
126542180
126542179
126542177
126542176
126542174
126542173
126542172
1264279438
510786361
111830195
1239645074
126539519
126539521
1264279315
1264279295
1264279478
126547659
126547511
126547508
126547505
126547502
126547500
126552538
126552537
126552535
126552534
126552532
126552531
126552530
126552529
126552528
126552525
126552524
126552523
126552522
126552518
126552516
126544304
126544306
126544308
126544310
126544312
784545908
784545905
26016450
26016452
26016454
26016456
26016458
26016460
26016462
26016464
26016466
111460005
111460004
111460003
111460002
111461652
111461655
111461657
111461658
111461660
111461662
1110673479
1110673706
111461663
1110673430
478862341
478862297
478862285
478862261
297880577
297880575
297880574
478927769
478927788
478929351
478929323
478929289
478929274
297880533
297880534
478903005
478902895
478902854
478902827
478902811
124384924
124384923
124384921
111461672
111461666
1110673466
111465621
1110673588
1110673511
111465615
111465613
111465610
111465608
111465606
111465604
111465603
111465602
111465600
111465599
111465596
111465594
111465591
111465590
111464578
111464581
26016895
111464588
26016893
111464591
111464592
784545912
784545881
26016447
126398316
26016445
26016443
26016439
26016441
126542194
126542193
126542188
126542186
126542185
126542184
126542183
126542182
126545878
126545879
126545885
126544301
1143318441
1143318424
1143318754
1143317778
1143318132
1143316692
428214882
428214883
428214885
428214886
428214887
428214888
428214889
428214890
428214891
428214892
428214893
428215446
428215445
428215444
428215441
428215442
428215443
428214894
428214895
428214896
428214897
428215585
428215584
428215583
428215440
1143317257
428215580
428215578
428215577
428215576
428215575
428215574
428215573
428215572
1218948006
428214875
1264279340
1264279449
111416022
111416206
314074704
314074702
428215448
314074697
314074695
314074691
314074689
314074599
428214881
314074598
314074596
314074595
428215431
428215432
428215433
428215434
428215435
428215436
428215437
428215438
314074592
314074591
314074590
314074588
314074584
314074583
314074581
314074580
128669170
128669171
128669172
128669176
128669175
128669173
129781791
126401360
129692094
126554313
126554316
129692087
129692090
129692092
129779462
129777800
129777802
129777803
314074370
314074569
314074571
314074573
314074574
314074576
314074579
428215411
428215427
428215426
428215422
428215421
128669177
128669966
128669964
128669963
128669960
128669959
128668277
128668278
128668279
128668283
428471588
128668285
420446031
128668286
428471585
428471586
128668291
128668292
128668293
128668294
128668295
428214874
128668296
128668297
128668299
129667180
129667179
129679647
129667178
129667170
129667171
129667173
129667174
129667175
129667176
129674304
129674305
129665123
129665121
129665120
129665118
129665117
129665115
129665113
129665112
129665111
129665109
128668303
479512726
479512758
479512757
479512756
479512755
479512753
479520026
479512752
479512751
479512749
479512748
479512747
479512746
479522013
479522010
428215369
428215356
428215357
428215358
428215359
428215360
428215361
428215362
428215363
428215364
428215365
428215366
428215367
428215368
479512742
479512741
479512739
479512738
479512737
479519960
479512735
479512734
479522366
479512733
479512730
428215354
314075458
314075467
314075469
428215942
428215941
314075504
128668309
128668310
128668311
428215781
428210297
428210298
428210299
428215921
428210300
428215783
428215784
428215790
1104146351
497240505
497240500
497240502
480500605
480500604
311888512
311888511
493669294
493669151
493669149
493669144
493669138
493669135
493669127
493669111
311888619
493669426
493669113
493669093
493669253
493669252
493669251
493669235
493669233
311888682
311888684
314027820
311886214
311886215
314044811
311886216
311886217
311886218
311888526
311888510
311888633
311888509
311888508
311888507
311888506
311888505
492269071
1104140056
492273248
492269070
492270079
492270084
492280362
492280365
314048155
314048124
314047586
314047584
314047583
314047582
314047355
314047357
312403297
497176044
497176042
497176041
497176047
312403078
497176051
428214871
1108123763
497991634
497991625
497185191
497185189
497185187
497185184
497185183
497185181
497185179
497185177
497181957
497181956
497181955
497181954
497181952
497181950
497181949
497181917
497181948
497181905
497181946
497181943
497181941
497181940
497181939
497181937
497181936
497181935
497181934
497181933
497181931
497181929
497190382
312403812
312403814
312403817
312403825
1264279385
1264279358
311886688
311886689
1264279393
1264279457
1264279445
1239645067
111428035
96496193
784545910
5
1264279354
1264279319
1264279379
125366359
1264279339
3
1243859111
1243859031
1243859095
4
311887074
311887073
311887072
311887071
8
135887149
135887152
135887156
135887160
135887163
135828940
135828938
135828935
0
1
125366367
0
9
1314231527
1314231524
1314231522
1314231520
1314231528
1314231521
1314231526
1314231523
1314231519
9
1314227301
1314227317
1314227308
1314227299
1314227294
1314227312
1314227305
1314227314
1314227310
6
1297709022
1297709018
1297709020
1297709024
1297709019
1297709021
24
280198315
280199207
280200410
280199363
280199202
280199314
280199200
280199199
280200172
280200409
280200169
280200168
280200167
280200166
280200621
280200164
1244598181
280200407
280200620
280200644
280200623
280200160
1244598154
280200404
0
8
1223751589
1223751637
1223751760
1223751609
1223751618
1223751649
1223751721
1223751791
5
1223751648
1223751635
1223751717
1223751651
1223751639
0
1
411644943
0
6
1187434209
435759032
435759029
435759031
430267083
431925046
28
297369940
297369941
297369947
112637633
26122667
112637635
26122668
112637638
26122669
26122670
297369946
297369945
297369944
1187411650
297370158
297370157
297370156
297370155
297370154
297370153
297370152
297370151
1105950420
297370149
1105950411
1105950414
297369943
297369942
6
1165604081
1165604119
1165604025
1165604107
1165604074
1165603948
10
126627562
126627563
126627564
1165603997
126628642
126627567
126627572
126627574
126627578
126627582
0
0
3
411029251
411029254
1105984390
3
1110673617
431654316
25504179
15
789804728
789804730
789804732
789804734
789804737
790021291
790021292
790021293
790021294
790021295
790021296
790021297
790021298
790021299
790021300
0
0
0
0
0
1
737397745
3
506111847
506111848
506111845
23
506111771
506111743
506111745
506111746
506111747
506111748
506111750
506111751
506111752
506111753
506111754
506111755
506111757
506111758
506111759
506111760
506111761
506111762
506111763
506111764
506111766
506111767
506111769
10
506111714
506111715
506111716
506111717
506111718
506111719
506111720
506111722
506111723
506111724
4
445041909
445041906
445041897
445041898
13
444023210
444023213
444023216
444023219
444023221
444023223
444023225
444023228
444023229
444023231
444023233
444023235
444023236
1
435477343
3
435240948
435240941
435240943
4
432535339
432535342
432535345
432535347
14
297369936
431647309
297880007
297880008
297880009
297880010
297880027
297880046
297880054
297880052
297880023
297880024
297880025
297880026
6
738940435
429833958
431615494
430267080
430267082
430267081
3
430284851
430284853
1153073469
10
430006706
430006705
430006704
430006703
430006702
430006701
430006699
430006698
430006712
430006711
6
425743119
425743113
425743112
425743104
425743125
425743124
0
6
424079989
424079987
424079985
424080008
424080000
424079995
0
0
7
416716821
416716820
416716824
416716829
416716831
416716822
416716828
18
416410111
416406605
416406604
416406603
416406602
416406601
416417201
416417200
416406600
416406599
416406598
416406612
416406611
416406610
416406609
416406608
416406607
416406606
0
8
26016415
26016413
26016411
26015937
26015935
26015933
26015931
411066296
2
112640162
26122665
21
444023189
130075498
404300045
25507555
25507553
299611881
130075492
130075493
130075494
130075495
130075496
299604136
299604137
299604140
299604350
299604253
130075497
409118177
26015876
774051018
409118178
0
0
6
280199470
280199469
280199468
280199467
280199473
280199472
0
0
8
130075601
130075590
130075593
130075701
130075702
130075703
130075706
130075708
1
128573643
6
26016169
26015915
26015917
26015919
26015921
26015923
4
128564067
128564068
128564070
128564071
11
26122702
112633704
26122703
112633698
26122704
112633972
26122705
112634554
26122706
112634552
26122707
3
26122716
26122789
26122788
0
41
26015890
26015892
25532204
112597522
25532205
112597525
25532206
25532207
112597526
25532208
112597528
25532209
319327500
25532210
25532211
25532212
26122713
25532144
25532145
25532146
26015879
26015881
26015883
26015885
26015887
26015891
26015889
25532202
25532201
25532200
25532199
25532197
112597547
112597546
25532185
112597544
25532186
112597541
25532189
25532222
25532193
2
26015913
26015911
2
26015898
26015896
3
26015880
26015882
26015884
0
0
0
7
475549497
475549495
475548530
475549051
475550923
475551227
475551223
8
25620717
285944515
1279831937
137831894
137831895
137831896
285944429
1209593445
3
128680158
475561164
129558556
3
285948656
285948524
285948670
2
285945203
285944799
5
137851204
137851202
137851199
137851197
137851194
0
4
1277620479
1277620427
1277620437
1277620345
1
430284844
0
0
4
476018969
476019095
476019091
476019092
0
1
476010140
1
475724491
0
0
3
1280038248
1280038245
1280038247
21
478633490
478633469
478633549
478631730
478631748
478631761
478212483
478212482
478212481
478115211
111472970
478100881
478100875
478212480
478100854
478100847
478100841
1223806717
1223806742
1223806720
478115242
0
13
1207543173
479512723
1207543149
1207543146
1207543127
1207543167
1207543168
1207543151
1207543169
1207543145
1207543170
1207543139
1207543128
19
686529008
686529010
686529011
686529012
686529013
1207539648
686529014
686529015
686529017
686529018
686528998
686529000
686529004
686529006
686529007
1207539644
1207539635
1207539641
1207539650
11
704799572
704799573
704799574
704799575
704799576
704799577
704799579
704799580
704799581
704799582
704799583
0
6
506097306
506097307
506097308
506097309
686529259
506097310
10
506097304
506097303
506097302
506097301
506097300
506097299
506097298
506097297
506097296
506097295
14
479184108
479185140
479184136
479183986
479184009
479185158
479185240
479185253
479185259
1236473144
1236473147
1236473146
1236473152
479185312
0
1
478903124
18
478862154
478862130
478862116
478862076
478861984
478861968
478861929
478861912
297880578
478864894
478861797
478861757
478861738
478861656
478861632
478861609
478861586
478864332
1
124384925
1
478862788
0
24
478632680
478632700
478633083
478633062
478633052
478633031
478633005
478632978
478632911
478632897
478632886
478632725
478632774
478632790
478566637
478632814
478632831
478632156
427424078
285910929
138219492
478645903
478631902
478632096
0
5
478566452
478566460
478566478
478566499
478566616
10
442328985
442328984
442328983
442328982
442328981
442328980
442328979
442328978
442328977
442328976
3
478115206
478115199
427424103
0
18
414249888
414249887
414249886
414249885
414249884
414249883
414249882
414249881
414249880
414249879
414249878
414249877
414249876
414249875
414249874
414249873
414249872
414249871
0
0
0
0
1
129792727
1
26015895
2
124385736
124385735
0
0
0
0
0
0
0
0
14
1329449087
1329449083
1329449074
1329449075
1329449080
1329449089
1329449073
1329449078
1329449082
1329449084
1329449076
1329449088
1329449079
1329449077
0
8
1224763596
1224763522
1224763538
112617132
112617133
112617134
1224763536
1224763473
2
1207555977
1207555973
12
1185192005
1185191973
1185192115
1185192041
1185192015
1185192020
1188176569
1185192119
1188176584
1185192124
1185192064
1185192104
0
0
2
1185191998
1185192013
8
791709788
791709707
791709717
793739645
791709747
791709763
791709777
791709808
81
663689234
1097394592
1097394589
1097394593
1097394693
1097394724
663689249
663689247
663689246
663689241
663689240
112618348
112618347
112618343
112618344
112618345
1103952921
1103952857
1103952888
1103952822
1103952934
1103952917
1103952814
1103952824
1103952889
1103952865
112624346
112624344
112624340
112619428
112619424
112619417
112618356
112618355
112618350
663689266
663689265
663689264
663689262
1097394601
1097394736
1097394731
1097394680
1097394695
1097394726
1097394669
1097394712
1097394605
1097394639
1097394514
1097394553
1097394548
1097394626
1097394637
1097394732
1097394499
1097394572
1097394534
1097394531
1097394630
1097394721
1097394640
1097394694
1097394734
1097394538
1097394536
1097394512
1097394602
1097394728
1097394631
1097394609
1097394527
1097394746
1097394596
1097394644
663689259
663689261
663689272
663689270
663689269
663689233
3
299592090
299579035
1106006315
25
1103952901
114310299
114310301
114310449
114310450
114310451
114310453
1103952904
1103952922
1103952867
1103952890
1103952825
1103952851
1103952948
1103952816
1103952935
1103952885
1103952905
1103952841
1103952872
1103952809
1103952831
1103952924
1103952827
1103952923
14
1103952869
1097394743
1097394636
1097394489
1097394718
1097394520
1097394624
1097394604
1097394517
1097394741
1097394513
1097394510
1097394646
1097394710
2
314536513
314536515
1
1103952838
2
314536517
314536520
0
47
413301117
1097379637
1097379612
1097379569
1097379511
1097379552
1097379577
1097379584
1097379562
1097379534
1097379531
1097379642
413301115
413301120
415398833
415398835
415398836
415398838
415398839
413301113
415406370
415406369
415398842
415398841
415406359
415406372
415406371
413301119
413301118
1097379505
1097379550
1097379493
1097379536
1097379506
1097379634
1097379610
1097379571
1097379508
1097379557
1103500491
1103500500
1103500489
1103500538
1103500516
1103500496
1103500494
1103500473
13
1097394550
1097394501
1097394613
1097394504
1097394590
1097394674
1097394690
1097394681
1097394633
1097394503
1097394511
1097394611
1097394515
9
1097394676
1097394564
1097394598
1097394670
1097394642
1097394533
1097394546
1097394658
1097394662
0
3
1097394657
1097394519
1097394667
0
2
1277590623
286969778
0
1
1097394654
3
1097394586
1097394574
1097394491
0
0
0
11
663689446
663689443
663689441
663689440
663689334
663689329
663689327
663689326
663689323
663689338
663689322
0
2
560978266
560978267
3
560978261
560978263
560978264
0
12
560401013
560401012
560401018
560401019
560401017
560401021
560401004
560401005
560401007
560401009
560401022
1143317882
20
560400994
560400993
560401014
414120984
560400991
560400990
560400989
534476379
534476378
534476381
534476377
534476376
534476375
534476372
414120979
534478793
534476355
534476354
414120976
560400987
5
112617126
112617131
112617129
112617128
112617127
0
5
424593418
424593421
424593424
424593428
424593434
0
3
418090108
418090107
418090106
3
418015098
418015097
418015100
0
32
417060491
417060490
417060489
417060488
417060486
417060484
417060482
417060481
417060480
417060478
417060476
417060475
417060474
417060473
417060471
417060467
417060464
417060459
417060454
417060449
417061260
417061236
417061237
417061238
417061240
417061241
417061243
417061244
417061246
417061247
417061252
417061255
12
417058283
417058278
417058275
417058273
299612833
299612832
299612831
417034279
299612724
299612723
417058301
417058290
0
0
1
663689451
16
1165604024
1165604009
1165604094
1165604065
1165604131
1165604121
1165603993
1165603963
1165604051
1165603956
1165604098
1165604073
1165604043
1165604115
1165604105
1165603976
4
1092997394
1092997391
1092997198
1092997542
9
413301112
413301111
413301110
413301116
413301126
413301124
415406351
413301125
415398846
0
0
20
428215760
495570504
495570502
495570498
495570497
495570501
495570496
495570506
495570521
495570519
495570520
495570509
495570512
495570511
480493283
495570518
495570517
495570515
495570500
495570499
3
492777136
492777155
492777123
0
11
473872067
473872068
473872069
473872070
473872071
473872072
473872073
473872074
473872075
474780953
474780956
11
418091973
418091972
418091977
418091978
418091979
418091980
418091981
418091982
418091983
418091976
418091975
11
495570433
495570434
495570435
495570436
495570437
495570431
495570429
495570430
495570425
495570426
495570427
7
495570412
495570413
495570414
495570417
495570421
495570422
495570423
0
0
6
476019062
476019077
475875745
475875746
475875752
1143317277
6
299612553
299612552
299612546
299612557
299612559
299612591
0
0
16
419776445
419776450
445815821
445815817
445815814
452583935
452583933
452584702
452577990
452577991
452577992
452577993
452579122
452581636
452581637
452584699
3
429262401
429262402
429262398
7
1238507998
1238507991
1238507990
1238507996
1238507995
1238507994
1238507993
10
299612412
1165603962
1165603955
1165604034
1165603989
1165604080
1165604068
1165604136
1165604082
1165604118
0
3
335560626
335560625
335560628
4
423185152
299614560
299614561
299614562
26
493769317
493769315
493769312
493769310
493769307
493769305
493769303
493769302
493769301
493769300
493769298
493769295
493769293
493769290
493769287
493769285
493769282
493769390
493769388
493769387
493769386
493769278
493769274
493769327
493769330
493769332
0
3
493669412
493669400
492273252
20
124388819
124388784
124388786
124388789
124388790
124388792
124388794
124388796
124388799
124388800
124388802
124388804
124388805
124388807
124388809
124388810
124388812
124388813
124388814
124388815
3
506111735
506111734
506111733
0
8
1234709068
1234709077
1234709066
1234709072
1234709030
1234709056
1234709071
1234709027
9
130212519
130211630
130211629
130211628
130211627
130211626
130211625
130211624
135876851
14
1267417367
1267417404
1267417360
1267417401
1267417381
1267417344
1267417378
1267417403
1267417383
1267417347
1267417379
1267417361
1267417402
1267417358
5
474553711
474553717
474553716
474553715
474553713
2
1267417380
1267417356
2
311624110
311624102
5
423185208
423185216
423185219
423185222
423185224
6
285948515
285948429
285948428
285948427
285948517
285948425
2
1243857881
1243857849
2
495570392
495570389
0
4
1236467511
1236467422
1236467580
1236467508
0
0
2
404064789
404064787
0
0
12
510786366
510786381
510786379
510786377
510786372
510786370
510786376
510772427
510772420
510786382
510786388
510786378
0
13
1165603953
1165604117
1165603986
1165603978
1165604067
1165604027
1165604108
1165604099
1165603971
1165603992
1165604005
1165603974
1165604055
0
0
4
285939347
285939317
25632363
1209593474
5
1043000780
1043000777
1043000773
1043000757
1043000770
9
792070363
792070362
792070361
792070360
792070359
792070358
792070355
792070353
792070351
0
0
3
751158795
751158804
751158802
11
542811471
1225943121
1225943167
1225943155
542811466
1225943148
840460287
1270263242
840460290
840460293
840460298
0
0
3
501142156
501142179
501142167
0
7
500009896
500009897
500009899
500009901
500009902
500009903
500009908
3
500009891
500009892
500009889
1
1224758751
0
0
3
495570528
495570529
495570526
16
1278758096
1278758095
1278758098
1278758082
1278758086
1278758099
1278758071
1278758097
1278758083
1278758100
1278758084
1278758077
1278758073
1278758075
1278758079
1278758081
14
276935838
276935836
114328953
114328954
114328957
114328962
276935848
276935832
276935833
276935847
276935834
276935835
276935858
276935650
3
495570538
495570541
495570540
14
112588578
353290224
112590248
112591352
353290223
112595515
353290233
112593058
112593054
25503977
1243857964
259069657
1110260596
1110260609
15
125384256
125384255
125384254
125384248
125384247
125384245
125384244
1305103906
125384243
125384242
125384241
125384240
125384238
125384237
314074712
0
0
18
1309301162
513931878
513931874
513931873
513931872
513931870
513931869
513931862
513931867
513931865
427277909
138194473
299614365
299614580
513931864
1309301158
1309301161
1309301159
11
433471546
433471549
433471550
433471536
433471537
433471538
433471539
433471540
433471541
433471543
433471544
3
26016465
26016463
26016459
4
126398059
26016446
26016444
126402849
0
9
26016426
26016428
26016430
126582084
26016432
784545895
26016436
784545874
26016438
0
3
497690578
497690576
497690582
1
501142553
12
415408384
415408375
415406356
415406355
415406354
415398832
415398830
415408376
415408382
415408383
415408381
415406358
0
2
422548004
422547999
3
415754657
415754658
415754659
5
422547996
422547982
422547985
422547988
422547991
3
416390867
416390868
416390869
12
493769350
493769351
493769353
493769356
493769358
493769362
493769364
493769367
493769375
493769377
493769341
493769347
0
0
0
0
6
410542610
410546925
410546854
410383145
343634515
410546849
3
138230332
1143317472
138230335
1
114310217
0
13
416385401
416385400
416385399
416385398
1165603969
1165604135
1165604017
1165604003
416385396
416385395
416385394
416385393
416385392
2
479198312
479198298
5
354917934
354917933
297369444
354917932
354917936
2
126635924
126635921
5
124367355
124365947
124365949
124365951
286968134
7
418009755
1165604123
418009751
1165603994
418009753
418009754
1165604015
0
3
497690585
497690587
497690588
2
111648486
111648488
0
4
26015936
26015938
26016416
26016414
2
452682318
475404277
13
492772626
492772621
492772612
492772604
492772593
492772587
492772583
492772566
492772552
492772541
492772654
492772642
492772637
5
478208223
478208227
1223806736
478208230
478208233
0
1
475406851
4
495504038
495504042
495504044
495504032
0
4
475766513
335557221
1143316827
1143316166
16
135857478
135857477
135857475
135857474
135857473
135857472
135857470
1207544290
1207544285
1207544294
1207544291
1207544288
135857469
285952036
285952054
285952038
4
138231433
1274830124
1274830123
138233991
6
495570382
495570380
495570378
1279354288
1279354289
495570375
0
3
138244793
138244795
138246940
0
0
20
414976606
414976622
414976621
414976619
414976618
414976616
414976614
414976613
414976612
414976611
414976610
414976608
414976607
414976625
414976595
414976597
414976599
414976600
414976601
414976603
8
495570487
495570486
495570490
495570492
495570495
495570493
495570491
495570494
4
25449258
135879420
25449255
25449257
2
493669078
493669084
0
0
0
2
353290227
353290228
5
493769257
493769248
493769265
493769267
493769262
0
0
3
1249809164
1249809177
1249809168
3
1234709074
1234709067
1234709075
0
10
126625253
126625251
126625250
126625249
126625248
126625247
126625245
126625259
126625257
126625256
4
475344017
670725369
670725372
670725374
12
503018107
503018104
503018102
503018100
503018126
503018124
503018122
503018120
503018118
503018117
503018114
503018112
4
697477094
1230003243
697477108
697477106
0
0
1
138233064
1
534476382
0
0
9
1254261276
1254261278
1254261271
1254261269
1254261270
1254261267
1254261282
1254261265
1254261262
0
0
13
276936085
276936084
276936083
276936082
276936081
276935976
276935977
276935978
276935979
276935980
276935981
276936072
276936074
0
3
495570537
495570536
495570535
3
475556854
475556853
1107381197
5
495570446
495570449
495570453
495570442
495570443
15
1072187153
1072187140
1072187144
1072187142
1072187156
1072187167
1072187162
1072187137
1072187150
1072187161
1072187155
1072187158
1072187169
1072187145
1072187152
0
4
848513800
848513813
848513812
848514105
3
495570467
495570466
495570465
5
495570476
495570475
495570474
495570473
495570472
2
1234709046
1234709031
0
0
0
0
0
0
0
1
495570524
6
138231427
137882131
137888646
138231423
138231424
138231425
18
475571801
475572179
475570110
475572180
475572181
475573790
475573789
475573788
475573787
475573786
475571267
475573523
475573529
475573536
475573543
475572177
475572176
475571803
0
0
9
958305723
958305715
1209790937
958305716
958305717
1209790946
1209790949
958305719
958305721
0
0
4
475568043
475563533
475568041
475568040
0
0
3
495570542
495570543
495570544
0
0
3
495570469
495570468
495570471
0
0
1
1277605469
0
0
0
0
0
10
1234709061
1234709021
1234709039
1234709059
1234709070
1234709024
1234709048
1234709064
1234709076
1234709026
4
476019034
476019037
476019042
476019044
0
0
1
1165604041
0
0
0
0
0
0
10
374363449
374363444
374363442
419777471
374363436
374363428
374363421
419777463
1277692188
374363413
3
495570548
495570551
495570546
3
495570479
495570480
495570481
3
475564016
475568452
475574663
0
0
2
1243857873
1243857887
4
126400684
126400685
126400687
126400681
0
0
3
492777211
492777201
492777193
3
314536490
314536503
314536499
0
5
560975984
560975983
560975982
560975981
560975979
0
1
1103500535
1
497171020
1
479522498
5
495504202
314042672
314042670
314041366
311887238
0
0
10
137897932
137897930
137897927
137897946
137897939
137897940
137897938
137897937
137897936
137897934
3
495570402
495570405
495570396
0
3
495570441
495570440
495570439
3
495570460
495570462
495570463
0
3
495503571
495503700
495504067
0
0
0
0
0
0
3
1309181741
1309181740
1309181742
1
311624284
0
0
0
4
423185181
137967018
374359632
423185164
0
0
0
0
1
25449245
0
1
475405131
0
0
0
0
0
0
0
6
418094157
418094156
418094155
418094154
418094153
418094152
0
0
0
0
0
0
0
0
0
0
0
0
6
416063309
416063308
416063307
416063306
416063312
416063311
0
0
2
473240007
473240008
0
0
0
0
3
285967414
285967547
285967914
3
1254249670
1254249664
1254249647
0
8
1263433188
1263433204
1263433201
1263433200
1263433209
1263433198
1263433203
1263433202
0
0
0
0
0
0
0
2
138251412
138251514
3
299601587
299608634
299610446
0
0
0
0
0
0
0
0
4
418092152
418092151
418092153
418094121
0
0
0
0
0
0
5
560975977
560975976
560975975
560975974
560975973
0
0
0
0
0
3
1236473138
1236473142
1236473149
0
0
0
0
0
0
1
135882745
0
0
1
475561161
0
0
0
0
0
2
126397457
126397456
1
452682261
0
0
0
0
4
114328975
114328974
114328972
114328971
1
479519950
0
0
0
0
0
0
0
1
497171015
0
0
0
0
0
0
0
0
0
0
0
0
0
0
0
0
0
0
0
0
0
0
0
0
0
0
0
0
0
0
0
0
0
0
0
0
0
0
0
0
0
0
0
0
0
0
